Timestamp,Volt,Amp,Watt,Watt-Hour
1466088568,5.000,0.684,3.419,0.000
1466088569,5.000,0.716,3.580,0.000
1466088570,5.000,0.683,3.416,0.000
1466088571,5.000,0.708,3.542,0.000
1466088572,5.000,0.683,3.412,0.000
1466088573,5.000,0.698,3.488,0.000
1466088574,5.000,0.682,3.412,0.000
1466088575,5.000,0.697,3.488,0.000
1466088576,5.000,0.683,3.412,0.000
1466088577,5.000,0.703,3.511,0.000
1466088578,5.000,0.683,3.412,0.000
1466088579,5.000,1.497,7.454,0.000
1466088580,5.000,1.529,7.614,0.000
1466088581,5.000,1.756,8.732,0.000
1466088582,5.000,1.764,8.774,0.000
1466088583,5.000,1.542,7.683,0.000
1466088584,5.000,2.073,10.294,0.000
1466088585,5.000,2.128,10.568,0.000
1466088586,5.010,2.127,10.561,0.000
1466088587,5.000,2.160,10.725,0.000
1466088588,5.000,2.160,10.721,0.000
1466088589,5.000,2.162,10.733,0.000
1466088590,5.000,2.185,10.851,0.000
1466088591,5.000,2.225,11.042,0.000
1466088592,5.010,2.054,10.198,0.000
1466088593,5.000,2.212,10.977,0.000
1466088594,5.000,2.045,10.156,0.000
1466088595,5.000,2.078,10.320,0.000
1466088596,5.000,2.213,10.984,0.000
1466088597,5.000,2.066,10.259,0.000
1466088598,5.000,2.042,10.137,0.000
1466088599,5.000,2.045,10.156,0.000
1466088600,5.000,2.053,10.202,0.000
1466088601,5.000,2.204,10.939,0.000
1466088602,5.000,2.191,10.878,0.000
1466088603,5.000,2.046,10.160,0.000
1466088604,5.000,2.047,10.171,0.000
1466088605,5.000,2.059,10.221,0.000
1466088606,5.010,2.073,10.294,0.000
1466088607,5.000,2.052,10.187,0.000
1466088608,5.000,2.060,10.229,0.000
1466088609,5.000,2.042,10.141,0.000
1466088610,5.000,2.048,10.171,0.000
1466088611,5.000,2.068,10.267,0.000
1466088612,5.000,2.051,10.183,0.000
1466088613,5.000,2.079,10.324,0.000
1466088614,5.000,2.026,10.065,0.000
1466088615,5.000,2.070,10.275,0.000
1466088616,5.000,2.042,10.137,0.000
1466088617,5.000,2.046,10.156,0.000
1466088618,5.000,2.048,10.171,0.000
1466088619,5.000,2.037,10.110,0.000
1466088620,5.000,2.046,10.156,0.000
1466088621,5.000,2.055,10.210,0.000
1466088622,5.000,2.051,10.183,0.000
1466088623,5.000,2.124,10.546,0.000
1466088624,5.010,2.120,10.526,0.000
1466088625,5.000,2.133,10.591,0.000
1466088626,5.000,2.031,10.087,0.000
1466088627,5.000,2.087,10.366,0.000
1466088628,5.000,2.039,10.122,0.000
1466088629,5.000,2.044,10.149,0.000
1466088630,5.000,2.050,10.179,0.000
1466088631,5.000,2.046,10.160,0.000
1466088632,5.000,2.032,10.091,0.000
1466088633,5.000,2.036,10.114,0.000
1466088634,5.010,2.082,10.339,0.000
1466088635,5.000,2.054,10.198,0.000
1466088636,5.000,2.050,10.179,0.000
1466088637,5.000,2.062,10.236,0.000
1466088638,5.000,2.082,10.336,0.000
1466088639,5.000,2.045,10.152,0.000
1466088640,5.000,2.034,10.099,0.000
1466088641,5.000,1.961,9.748,0.000
1466088642,5.000,2.043,10.145,0.000
1466088643,5.000,1.882,9.347,0.000
1466088644,5.000,2.029,10.076,0.000
1466088645,5.000,2.069,10.275,0.000
1466088646,5.000,2.038,10.122,0.000
1466088647,5.000,2.036,10.110,0.000
1466088648,5.000,2.042,10.141,0.000
1466088649,5.000,2.040,10.133,0.000
1466088650,5.000,2.040,10.129,0.000
1466088651,5.000,2.039,10.126,0.000
1466088652,5.000,2.066,10.259,0.000
1466088653,5.000,2.033,10.095,0.000
1466088654,5.000,2.057,10.213,0.000
1466088655,5.000,2.048,10.168,0.000
1466088656,5.000,2.048,10.171,0.000
1466088657,5.000,2.036,10.107,0.000
1466088658,5.000,2.003,9.946,0.000
1466088659,5.010,2.043,10.145,0.000
1466088660,5.000,2.046,10.160,0.000
1466088661,5.000,2.005,9.954,0.000
1466088662,5.000,2.062,10.240,0.000
1466088663,5.000,2.055,10.206,0.000
1466088664,5.010,2.056,10.206,0.000
1466088665,5.000,1.931,9.587,0.000
1466088666,5.000,2.054,10.198,0.000
1466088667,5.000,2.019,10.026,0.000
1466088668,5.000,1.906,9.465,0.000
1466088669,5.000,2.051,10.187,0.000
1466088670,5.000,2.074,10.301,0.000
1466088671,5.000,2.055,10.206,0.000
1466088672,5.000,2.064,10.244,0.000
1466088673,5.000,2.049,10.175,0.000
1466088674,5.000,2.062,10.236,0.000
1466088675,5.000,2.032,10.091,0.000
1466088676,5.000,1.938,9.629,0.000
1466088677,5.000,2.043,10.145,0.000
1466088678,5.000,2.048,10.175,0.000
1466088679,5.000,2.049,10.171,0.000
1466088680,5.000,2.056,10.206,0.000
1466088681,5.000,2.033,10.095,0.000
1466088682,5.000,2.046,10.160,0.000
1466088683,5.000,2.036,10.114,0.000
1466088684,5.000,2.039,10.122,0.000
1466088685,5.000,2.044,10.149,0.000
1466088686,5.000,1.990,9.881,0.000
1466088687,5.000,2.096,10.404,0.000
1466088688,5.000,2.052,10.187,0.000
1466088689,5.000,2.051,10.183,0.000
1466088690,5.000,2.060,10.229,0.000
1466088691,5.000,2.044,10.149,0.000
1466088692,5.010,2.032,10.091,0.000
1466088693,5.000,2.047,10.164,0.000
1466088694,5.000,2.048,10.168,0.000
1466088695,5.000,1.896,9.416,0.000
1466088696,5.000,2.058,10.221,0.000
1466088697,5.000,2.029,10.072,0.000
1466088698,5.000,2.027,10.065,0.000
1466088699,5.000,2.037,10.114,0.000
1466088700,5.000,2.044,10.149,0.000
1466088701,5.000,2.048,10.168,0.000
1466088702,5.010,1.874,9.305,0.000
1466088703,5.000,1.894,9.408,0.000
1466088704,5.000,1.880,9.339,0.000
1466088705,5.000,2.027,10.068,0.000
1466088706,5.000,2.056,10.210,0.000
1466088707,5.000,1.903,9.454,0.000
1466088708,5.000,2.037,10.110,0.000
1466088709,5.000,2.039,10.122,0.000
1466088710,5.000,2.036,10.110,0.000
1466088711,5.000,1.947,9.671,0.000
1466088712,5.000,1.891,9.393,0.000
1466088713,5.000,1.891,9.393,0.000
1466088714,5.000,1.889,9.381,0.000
1466088715,5.000,1.968,9.771,0.000
1466088717,5.000,1.983,9.858,0.000
1466088718,5.000,2.036,10.107,0.000
1466088719,5.000,1.893,9.404,0.000
1466088720,5.000,1.915,9.511,0.000
1466088721,5.010,1.943,9.649,0.000
1466088722,5.000,2.038,10.118,0.000
1466088723,5.000,2.043,10.145,0.000
1466088724,5.000,2.043,10.149,0.000
1466088725,5.000,2.046,10.164,0.000
1466088726,5.000,2.036,10.110,0.000
1466088727,5.000,2.057,10.221,0.000
1466088728,5.000,2.047,10.168,0.000
1466088729,5.000,2.043,10.149,0.000
1466088730,5.000,2.088,10.366,0.000
1466088731,5.000,1.941,9.641,0.000
1466088732,5.000,2.078,10.320,0.000
1466088733,5.000,1.986,9.866,0.000
1466088734,5.000,2.034,10.095,0.000
1466088735,5.000,2.063,10.248,0.000
1466088736,5.000,2.055,10.202,0.000
1466088737,5.000,2.038,10.114,0.000
1466088738,5.000,1.976,9.816,0.000
1466088739,5.000,2.037,10.110,0.000
1466088740,5.000,1.922,9.545,0.000
1466088741,5.000,1.970,9.778,0.000
1466088742,5.000,2.050,10.179,0.000
1466088743,5.000,2.055,10.202,0.000
1466088744,5.000,1.981,9.839,0.000
1466088745,5.000,2.029,10.076,0.000
1466088746,5.000,1.914,9.507,0.000
1466088747,5.000,2.024,10.053,0.000
1466088748,5.000,1.968,9.771,0.000
1466088749,5.000,2.033,10.091,0.000
1466088750,5.000,2.038,9.641,0.000
1466088751,5.000,2.039,10.129,0.000
1466088752,5.000,1.945,9.656,0.000
1466088753,5.000,2.043,10.145,0.000
1466088754,5.000,1.910,9.492,0.000
1466088755,5.000,2.027,10.065,0.000
1466088756,5.000,1.886,9.374,0.000
1466088757,5.000,2.034,10.095,0.000
1466088758,5.000,1.984,9.858,0.000
1466088759,5.000,1.906,9.469,0.000
1466088760,5.000,2.054,10.202,0.000
1466088761,5.000,1.944,9.656,0.000
1466088762,5.000,1.901,9.446,0.000
1466088763,5.010,2.045,10.156,0.000
1466088764,5.000,0.922,4.606,0.000
1466088765,5.000,0.895,4.469,0.000
1466088766,5.000,0.883,4.404,0.000
1466088767,5.000,0.871,4.351,0.000
1466088768,5.000,0.895,4.469,0.000
1466088769,5.000,0.859,4.290,0.000
1466088770,5.000,0.855,4.267,0.000
1466088771,5.000,0.716,3.580,0.000
1466088772,5.000,0.712,3.561,0.000
