Timestamp,A7_Volt,A7_Amp,A7_Watt,A15_Volt,A15_Amp,A15_Watt,GPU_Volt,GPU_Amp,GPU_Watt,Mem_Volt,Mem_Amp,Mem_Watt,CPU0_Freq,CPU1_Freq,CPU2_Freq,CPU3_Freq,CPU4_Freq,CPU5_Freq,CPU6_Freq,CPU7_Freq,GPU_Freq,CPU4_Temp,CPU5_Temp,CPU6_Temp,CPU7_Temp,GPU_Temp,CPU0_USG,CPU1_USG,CPU2_USG,CPU3_USG,CPU4_USG,CPU5_USG,CPU6_USG,CPU7_USG,Fan_Speed_%
1466088234,1.237500,0.114741,0.141018,1.285000,0.879814,1.129515,0.993750,0.108680,0.107244,1.216250,0.015470,0.018240,1400,1400,1400,1400,2000,2000,2000,2000,600,63,58,64,61,57,7,7,7,7,25,20,13,15,0
1466088235,1.237500,0.122732,0.150914,1.286250,0.879266,1.130394,0.993750,0.108528,0.107244,1.216250,0.017472,0.020672,1400,1400,1400,1400,2000,2000,2000,2000,600,62,58,64,61,57,1,0,0,0,0,0,0,0,0
1466088236,1.237500,0.116266,0.143492,1.286250,0.875704,1.125250,0.992500,0.107920,0.106144,1.216250,0.015470,0.018240,1400,1400,1400,1400,2000,2000,2000,2000,600,62,58,64,61,56,0,0,0,0,0,0,0,0,0
1466088237,1.236250,0.120231,0.148320,1.286250,0.962014,1.237132,0.992500,0.107768,0.106144,1.216250,0.017745,0.020672,1400,1400,1400,1400,2000,2000,2000,2000,600,62,58,63,61,56,1,0,0,0,0,0,0,0,0
1466088238,1.237500,0.115473,0.142255,1.286250,0.875156,1.125250,0.993750,0.107768,0.106251,1.216250,0.015743,0.018240,1400,1400,1400,1400,2000,2000,2000,2000,600,62,58,63,61,56,0,0,0,0,0,0,0,0,0
1466088239,1.237500,0.116022,0.143492,1.286250,0.922832,1.185692,0.993750,0.107920,0.106251,1.216250,0.016016,0.019456,1400,1400,1400,1400,2000,2000,2000,2000,600,62,58,63,61,56,1,0,0,0,0,0,0,0,0
1466088240,1.237500,0.114497,0.141018,1.285000,0.874060,1.123090,0.993750,0.107920,0.106251,1.216250,0.015743,0.018240,1400,1400,1400,1400,2000,2000,2000,2000,600,62,58,63,61,56,0,0,0,0,0,0,0,0,0
1466088241,1.236250,0.119255,0.147084,1.285000,0.880910,1.130800,0.993750,0.107920,0.106251,1.216250,0.017745,0.020672,1400,1400,1400,1400,2000,2000,2000,2000,600,62,58,63,61,56,1,0,0,0,0,0,0,0,0
1466088242,1.237500,0.114741,0.141018,1.285000,0.873512,1.121805,0.993750,0.107920,0.106251,1.216250,0.015743,0.018240,1400,1400,1400,1400,2000,2000,2000,2000,600,62,58,63,61,56,0,0,0,0,0,0,0,0,0
1466088243,1.236250,0.122000,0.150792,1.285000,0.959822,1.232315,0.993750,0.107768,0.106251,1.216250,0.018473,0.021888,1400,1400,1400,1400,2000,2000,2000,2000,600,62,58,67,61,56,1,0,0,0,0,0,1,0,0
1466088244,1.237500,0.119987,0.147203,1.291250,1.928960,2.489048,0.993750,0.108984,0.107244,1.220000,0.068978,0.082960,1400,1400,1400,1400,2000,2000,2000,2000,600,64,61,79,68,57,0,0,0,0,0,0,59,0,70
1466088245,1.236250,0.126514,0.155736,1.292500,2.084592,2.692528,0.993750,0.110960,0.109230,1.218750,0.066976,0.080388,1400,1400,1400,1400,2000,2000,2000,2000,600,66,63,82,70,58,1,0,0,0,0,0,100,0,70
1466088246,1.237500,0.121268,0.149677,1.292500,2.082948,2.689944,0.993750,0.112176,0.111216,1.218750,0.068250,0.082824,1400,1400,1400,1400,2000,2000,2000,2000,600,67,64,83,71,59,0,0,0,0,0,0,100,0,70
1466088247,1.236250,0.129991,0.159444,1.292500,2.111444,2.727412,0.993750,0.113240,0.112209,1.218750,0.071981,0.086478,1400,1400,1400,1400,2000,2000,2000,2000,600,67,65,84,72,60,1,0,0,0,0,0,100,0,70
1466088248,1.237500,0.123464,0.152151,1.292500,2.145968,2.771340,0.993750,0.114760,0.113202,1.220000,0.072527,0.087840,1400,1400,1400,1400,2000,2000,2000,2000,600,68,65,85,72,60,0,0,0,0,0,0,100,0,70
1466088249,1.236250,0.130967,0.160680,1.293750,2.225428,2.876925,0.993750,0.115520,0.114195,1.220000,0.076713,0.092720,1400,1400,1400,1400,2000,2000,2000,2000,600,68,66,86,73,60,0,0,0,0,0,0,100,0,70
1466088250,1.236250,0.124257,0.153264,1.292500,2.190904,2.829480,0.993750,0.116432,0.115188,1.220000,0.076713,0.092720,1400,1400,1400,1400,2000,2000,2000,2000,600,69,66,86,73,61,0,0,0,0,0,0,100,0,70
1466088251,1.236250,0.130479,0.160680,1.292500,2.214742,2.860488,0.993750,0.117192,0.116181,1.220000,0.079716,0.096380,1400,1400,1400,1400,2000,2000,2000,2000,600,69,66,87,74,61,1,0,0,0,0,0,100,0,70
1466088252,1.236250,0.127490,0.156972,1.292500,1.954990,2.524568,0.993750,0.117800,0.116181,1.221250,0.095004,0.115995,1400,1400,1400,1400,2000,2000,2000,2000,600,69,66,82,73,61,0,0,0,0,0,0,67,0,70
1466088253,1.235000,0.138714,0.170430,1.295000,2.604644,3.372180,0.993750,0.119016,0.118167,1.221250,0.150241,0.183150,1400,1400,1400,1400,2000,2000,2000,2000,600,71,68,85,77,62,1,0,0,0,0,0,100,1,70
1466088254,1.236250,0.134993,0.165624,1.295000,2.632044,3.408440,0.993750,0.119928,0.118167,1.221250,0.149968,0.181929,1400,1400,1400,1400,2000,2000,2000,2000,600,72,69,86,77,63,0,0,0,0,0,0,100,0,90
1466088255,1.236250,0.133773,0.164388,1.295000,2.707668,3.505565,0.993750,0.121296,0.120153,1.221250,0.149513,0.181929,1400,1400,1400,1400,2000,2000,2000,2000,600,72,70,87,78,63,1,0,0,0,1,0,100,0,90
1466088256,1.236250,0.134505,0.165624,1.295000,2.646018,3.426570,0.993750,0.122664,0.121146,1.221250,0.148967,0.180708,1400,1400,1400,1400,2000,2000,2000,2000,600,73,70,87,78,63,0,0,0,0,0,0,100,0,90
1466088257,1.236250,0.136518,0.168096,1.296250,2.648210,3.431808,0.993750,0.123272,0.122139,1.221250,0.150514,0.183150,1400,1400,1400,1400,2000,2000,2000,2000,600,73,70,87,79,64,1,0,0,0,0,0,100,0,90
1466088258,1.236250,0.134993,0.165624,1.296250,2.659170,3.446064,0.995000,0.123424,0.122385,1.221250,0.149968,0.181929,1400,1400,1400,1400,2000,2000,2000,2000,600,73,70,87,79,64,0,0,0,0,0,0,100,0,90
1466088259,1.235000,0.138714,0.170430,1.296250,2.738082,3.548448,0.993750,0.124032,0.123132,1.221250,0.149968,0.181929,1400,1400,1400,1400,2000,2000,2000,2000,600,73,71,88,79,64,1,0,0,0,0,0,100,0,90
1466088260,1.236250,0.137738,0.169332,1.296250,2.659992,3.446064,0.993750,0.124488,0.123132,1.221250,0.149240,0.181929,1400,1400,1400,1400,2000,2000,2000,2000,600,73,71,88,79,64,0,0,0,0,0,0,100,0,90
1466088261,1.235000,0.146217,0.180310,1.296250,2.715066,3.518640,0.993750,0.124184,0.123132,1.221250,0.149695,0.181929,1400,1400,1400,1400,2000,2000,2000,2000,600,74,71,88,79,64,1,0,0,0,0,0,100,0,90
1466088262,1.236250,0.137738,0.169332,1.296250,2.664376,3.452544,0.993750,0.124488,0.123132,1.221250,0.149240,0.181929,1400,1400,1400,1400,2000,2000,2000,2000,600,74,71,88,79,64,0,0,0,0,0,0,100,0,90
1466088263,1.236250,0.137982,0.169332,1.296250,2.677254,3.469392,0.993750,0.124792,0.123132,1.221250,0.149513,0.181929,1400,1400,1400,1400,2000,2000,2000,2000,600,74,71,88,80,64,1,0,0,0,0,0,100,0,90
1466088264,1.236250,0.137494,0.169332,1.296250,2.675610,3.466800,0.995000,0.124792,0.123380,1.221250,0.149513,0.181929,1400,1400,1400,1400,2000,2000,2000,2000,600,74,71,88,79,64,0,0,0,0,0,0,100,0,90
1466088265,1.236250,0.136762,0.168096,1.296250,2.731780,3.539376,0.993750,0.124488,0.123132,1.221250,0.150241,0.183150,1400,1400,1400,1400,2000,2000,2000,2000,600,74,71,88,80,64,1,0,0,0,0,0,100,0,90
1466088266,1.236250,0.137006,0.169332,1.296250,2.677254,3.469392,0.993750,0.124792,0.123132,1.221250,0.148967,0.180708,1400,1400,1400,1400,2000,2000,2000,2000,600,74,71,88,79,64,0,0,0,0,0,0,100,0,90
1466088267,1.236250,0.136762,0.168096,1.296250,2.676980,3.468096,0.993750,0.124944,0.123132,1.221250,0.150241,0.183150,1400,1400,1400,1400,2000,2000,2000,2000,600,74,71,88,80,64,1,0,0,0,0,0,100,0,90
1466088268,1.236250,0.136762,0.168096,1.296250,2.675062,3.466800,0.993750,0.124792,0.123132,1.221250,0.149513,0.181929,1400,1400,1400,1400,2000,2000,2000,2000,600,74,71,88,79,64,0,0,0,0,0,0,100,0,90
1466088269,1.236250,0.137738,0.169332,1.296250,2.676158,3.468096,0.993750,0.124944,0.123132,1.221250,0.148785,0.180708,1400,1400,1400,1400,2000,2000,2000,2000,600,74,71,88,80,64,1,0,0,0,0,0,100,0,90
1466088270,1.236250,0.136518,0.168096,1.296250,2.678076,3.470688,0.993750,0.124792,0.123132,1.221250,0.148967,0.180708,1400,1400,1400,1400,2000,2000,2000,2000,600,74,71,88,79,64,0,0,0,0,0,0,100,0,90
1466088271,1.236250,0.137250,0.169332,1.296250,2.683008,3.477168,0.993750,0.124792,0.123132,1.221250,0.151242,0.184371,1400,1400,1400,1400,2000,2000,2000,2000,600,74,71,88,80,64,1,0,0,0,0,0,100,0,90
1466088272,1.236250,0.138470,0.170568,1.296250,2.668760,3.457728,0.993750,0.124792,0.123132,1.221250,0.149240,0.181929,1400,1400,1400,1400,2000,2000,2000,2000,600,74,71,88,79,64,0,0,0,0,0,0,100,0,90
1466088273,1.236250,0.137006,0.169332,1.296250,2.664376,3.452544,0.993750,0.124792,0.123132,1.221250,0.148967,0.180708,1400,1400,1400,1400,2000,2000,2000,2000,600,74,71,88,80,64,1,0,0,0,0,0,100,0,90
1466088274,1.236250,0.136762,0.168096,1.296250,2.666568,3.455136,0.993750,0.124488,0.123132,1.221250,0.149968,0.181929,1400,1400,1400,1400,2000,2000,2000,2000,600,74,71,88,79,64,0,0,0,0,0,0,100,0,90
1466088275,1.236250,0.137250,0.169332,1.296250,2.661636,3.448656,0.993750,0.124184,0.123132,1.221250,0.148785,0.180708,1400,1400,1400,1400,2000,2000,2000,2000,600,74,71,88,80,64,1,0,0,0,0,1,100,0,90
1466088276,1.236250,0.138226,0.170568,1.295000,2.658896,3.442110,0.993750,0.124184,0.123132,1.221250,0.148785,0.180708,1400,1400,1400,1400,2000,2000,2000,2000,600,73,71,88,79,64,0,0,0,0,0,0,100,0,90
1466088277,1.236250,0.135969,0.166860,1.296250,2.661362,3.448656,0.993750,0.124488,0.123132,1.221250,0.149240,0.181929,1400,1400,1400,1400,2000,2000,2000,2000,600,74,71,88,80,64,0,0,0,0,0,0,100,0,90
1466088278,1.236250,0.137738,0.169332,1.295000,2.660814,3.444700,0.993750,0.124184,0.123132,1.221250,0.149240,0.181929,1400,1400,1400,1400,2000,2000,2000,2000,600,73,71,88,79,64,0,0,0,0,0,0,100,0,90
1466088279,1.236250,0.137006,0.169332,1.296250,2.668212,3.457728,0.995000,0.124184,0.123380,1.221250,0.148512,0.180708,1400,1400,1400,1400,2000,2000,2000,2000,600,75,71,87,80,64,1,0,0,0,0,0,100,0,90
1466088280,1.236250,0.137006,0.169332,1.296250,2.667116,3.456432,0.993750,0.124184,0.123132,1.221250,0.148967,0.180708,1400,1400,1400,1400,2000,2000,2000,2000,600,73,71,88,79,64,0,0,0,0,0,0,100,0,90
1466088281,1.236250,0.135969,0.166860,1.296250,2.672596,3.462912,0.993750,0.124032,0.123132,1.221250,0.150241,0.183150,1400,1400,1400,1400,2000,2000,2000,2000,600,73,70,88,79,64,0,0,0,0,0,0,100,0,90
1466088282,1.236250,0.136762,0.168096,1.296250,2.673144,3.464208,0.993750,0.123728,0.122139,1.221250,0.149240,0.181929,1400,1400,1400,1400,2000,2000,2000,2000,600,73,71,88,79,64,2,0,0,0,0,0,100,0,90
1466088283,1.236250,0.135725,0.166860,1.296250,2.668760,3.457728,0.993750,0.123728,0.122139,1.221250,0.148512,0.180708,1400,1400,1400,1400,2000,2000,2000,2000,600,73,70,88,79,64,0,0,0,0,0,0,100,0,90
1466088284,1.236250,0.135725,0.166860,1.296250,2.668486,3.457728,0.993750,0.123728,0.122139,1.221250,0.149968,0.181929,1400,1400,1400,1400,2000,2000,2000,2000,600,73,71,88,79,64,1,0,0,0,0,0,100,0,90
1466088285,1.236250,0.135969,0.166860,1.296250,2.670404,3.460320,0.993750,0.123728,0.122139,1.221250,0.149695,0.181929,1400,1400,1400,1400,2000,2000,2000,2000,600,73,70,87,79,64,0,0,0,0,0,0,100,0,90
1466088286,1.236250,0.136213,0.168096,1.296250,2.667664,3.456432,0.993750,0.123424,0.122139,1.221250,0.148785,0.180708,1400,1400,1400,1400,2000,2000,2000,2000,600,73,70,87,79,64,0,0,0,0,0,0,100,0,90
1466088287,1.236250,0.137006,0.169332,1.296250,2.659170,3.446064,0.993750,0.123424,0.122139,1.221250,0.148967,0.180708,1400,1400,1400,1400,2000,2000,2000,2000,600,73,70,87,79,64,0,0,0,0,0,0,100,0,90
1466088288,1.236250,0.136762,0.168096,1.295000,2.657252,3.440815,0.993750,0.123272,0.122139,1.221250,0.150241,0.183150,1400,1400,1400,1400,2000,2000,2000,2000,600,73,70,87,79,64,2,0,0,0,0,0,100,0,90
1466088289,1.236250,0.136213,0.168096,1.296250,2.661088,3.448656,0.993750,0.123272,0.122139,1.221250,0.148967,0.180708,1400,1400,1400,1400,2000,2000,2000,2000,600,73,70,87,79,64,0,0,0,0,0,0,100,0,90
1466088290,1.236250,0.135481,0.166860,1.296250,2.653416,3.438288,0.993750,0.123272,0.122139,1.221250,0.148512,0.180708,1400,1400,1400,1400,2000,2000,2000,2000,600,73,70,87,79,64,0,0,0,0,0,0,100,0,90
1466088291,1.236250,0.136213,0.168096,1.296250,2.649854,3.433104,0.993750,0.123272,0.122139,1.221250,0.149968,0.181929,1400,1400,1400,1400,2000,2000,2000,2000,600,73,70,87,79,64,0,0,0,0,0,0,100,0,90
1466088292,1.236250,0.135237,0.166860,1.296250,2.651498,3.435696,0.993750,0.123272,0.122139,1.221250,0.150514,0.183150,1400,1400,1400,1400,2000,2000,2000,2000,600,73,70,87,79,64,0,0,0,0,0,0,100,0,90
1466088293,1.236250,0.137006,0.169332,1.296250,2.650128,3.434400,0.995000,0.123272,0.122385,1.221250,0.148785,0.180708,1400,1400,1400,1400,2000,2000,2000,2000,600,73,70,87,79,63,0,0,0,0,0,0,100,0,90
1466088294,1.236250,0.137250,0.169332,1.296250,2.651498,3.435696,0.995000,0.122968,0.121390,1.221250,0.148512,0.180708,1400,1400,1400,1400,2000,2000,2000,2000,600,73,70,87,79,64,1,0,0,0,0,0,100,0,90
1466088295,1.236250,0.136213,0.168096,1.296250,2.653964,3.438288,0.995000,0.122968,0.121390,1.221250,0.149968,0.181929,1400,1400,1400,1400,2000,2000,2000,2000,600,73,70,87,79,63,0,0,0,0,0,0,100,0,90
1466088296,1.236250,0.135481,0.166860,1.296250,2.648758,3.431808,0.995000,0.122664,0.121390,1.221250,0.148785,0.180708,1400,1400,1400,1400,2000,2000,2000,2000,600,73,70,87,79,63,0,0,0,0,0,0,100,0,90
1466088297,1.236250,0.136762,0.168096,1.296250,2.655334,3.440880,0.995000,0.122512,0.121390,1.221250,0.148512,0.180708,1400,1400,1400,1400,2000,2000,2000,2000,600,73,70,87,79,63,0,0,0,0,0,0,100,0,90
1466088298,1.236250,0.135481,0.166860,1.295000,2.650676,3.431750,0.993750,0.122664,0.121146,1.221250,0.149513,0.181929,1400,1400,1400,1400,2000,2000,2000,2000,600,73,70,87,79,63,1,0,0,0,0,0,100,0,90
1466088299,1.236250,0.134993,0.165624,1.296250,2.656978,3.442176,0.995000,0.122512,0.121390,1.221250,0.149513,0.181929,1400,1400,1400,1400,2000,2000,2000,2000,600,73,70,87,79,63,0,0,0,0,0,0,100,0,90
1466088300,1.236250,0.136213,0.168096,1.296250,2.655334,3.440880,0.995000,0.122512,0.121390,1.221250,0.148512,0.180708,1400,1400,1400,1400,2000,2000,2000,2000,600,73,70,87,79,63,1,0,0,0,0,0,100,0,90
1466088301,1.237500,0.137006,0.169469,1.296250,2.658074,3.444768,0.995000,0.122208,0.121390,1.221250,0.148785,0.180708,1400,1400,1400,1400,2000,2000,2000,2000,600,73,70,87,78,63,0,0,0,0,0,0,100,0,90
1466088302,1.236250,0.135237,0.166860,1.295000,2.655334,3.438225,0.995000,0.122512,0.121390,1.221250,0.149513,0.181929,1400,1400,1400,1400,2000,2000,2000,2000,600,73,70,87,78,63,1,0,0,0,0,0,100,1,90
1466088303,1.236250,0.136518,0.168096,1.295000,2.654238,3.436930,0.993750,0.122208,0.121146,1.221250,0.148967,0.180708,1400,1400,1400,1400,2000,2000,2000,2000,600,73,70,87,78,63,0,0,0,0,0,0,100,0,90
1466088304,1.236250,0.135237,0.166860,1.296250,2.658348,3.444768,0.995000,0.122208,0.121390,1.221250,0.148512,0.180708,1400,1400,1400,1400,2000,2000,2000,2000,600,73,70,87,78,63,1,0,0,0,0,0,100,0,90
1466088305,1.236250,0.134749,0.165624,1.296250,2.656430,3.442176,0.995000,0.122056,0.121390,1.221250,0.148967,0.180708,1400,1400,1400,1400,2000,2000,2000,2000,600,72,70,87,78,63,0,0,0,0,0,0,100,0,90
1466088306,1.236250,0.134993,0.165624,1.296250,2.658348,3.444768,0.993750,0.122056,0.121146,1.221250,0.149695,0.181929,1400,1400,1400,1400,2000,2000,2000,2000,600,73,70,87,78,63,1,0,0,0,0,0,100,0,90
1466088307,1.236250,0.134993,0.165624,1.296250,2.641908,3.422736,0.995000,0.122208,0.121390,1.221250,0.148967,0.180708,1400,1400,1400,1400,2000,2000,2000,2000,600,73,70,87,78,63,0,0,0,0,0,0,100,0,90
1466088308,1.235000,0.142252,0.175370,1.296250,2.643552,3.425328,0.995000,0.122208,0.121390,1.221250,0.148512,0.180708,1400,1400,1400,1400,2000,2000,2000,2000,600,73,70,87,78,63,2,0,0,0,0,0,100,0,90
1466088309,1.236250,0.135969,0.166860,1.296250,2.641634,3.422736,0.993750,0.122056,0.121146,1.221250,0.149240,0.181929,1400,1400,1400,1400,2000,2000,2000,2000,600,73,70,87,78,63,0,0,0,0,0,0,100,0,90
1466088310,1.236250,0.135969,0.166860,1.296250,2.653690,3.438288,0.995000,0.122056,0.121390,1.221250,0.149240,0.181929,1400,1400,1400,1400,2000,2000,2000,2000,600,72,70,87,78,63,1,0,0,0,0,0,100,0,90
1466088311,1.236250,0.135725,0.166860,1.296250,2.637250,3.417552,0.993750,0.121752,0.120153,1.221250,0.148512,0.180708,1400,1400,1400,1400,2000,2000,2000,2000,600,72,70,87,78,63,0,0,0,0,0,0,100,0,90
1466088312,1.236250,0.136762,0.168096,1.296250,2.713148,3.516048,0.995000,0.122056,0.121390,1.221250,0.148512,0.180708,1400,1400,1400,1400,2000,2000,2000,2000,600,72,70,87,78,63,1,0,0,0,0,0,100,0,90
1466088313,1.236250,0.135725,0.166860,1.295000,2.640264,3.418800,0.995000,0.121752,0.120395,1.221250,0.148785,0.180708,1400,1400,1400,1400,2000,2000,2000,2000,600,72,70,87,78,63,0,0,0,0,0,0,100,0,90
1466088314,1.236250,0.134261,0.165624,1.296250,2.642730,3.424032,0.995000,0.122056,0.121390,1.221250,0.148785,0.180708,1400,1400,1400,1400,2000,2000,2000,2000,600,72,70,87,78,63,2,0,0,0,0,0,100,0,90
1466088315,1.236250,0.134505,0.165624,1.296250,2.647662,3.430512,0.993750,0.121448,0.120153,1.221250,0.148785,0.180708,1400,1400,1400,1400,2000,2000,2000,2000,600,72,70,87,78,63,0,0,0,0,0,0,100,0,90
1466088316,1.236250,0.135725,0.166860,1.296250,2.635880,3.414960,0.995000,0.121752,0.120395,1.221250,0.150514,0.183150,1400,1400,1400,1400,2000,2000,2000,2000,600,72,70,86,78,63,1,0,0,0,0,0,100,0,90
1466088317,1.236250,0.133468,0.164388,1.295000,2.649032,3.430455,0.995000,0.121752,0.120395,1.221250,0.149695,0.181929,1400,1400,1400,1400,2000,2000,2000,2000,600,72,69,87,78,63,0,0,0,0,0,0,100,0,90
1466088318,1.235000,0.140727,0.172900,1.296250,2.706572,3.506976,0.995000,0.121296,0.120395,1.221250,0.148785,0.180708,1400,1400,1400,1400,2000,2000,2000,2000,600,72,70,86,78,63,1,0,0,0,0,0,100,0,90
1466088319,1.236250,0.135237,0.166860,1.295000,2.645744,3.425275,0.993750,0.121296,0.120153,1.221250,0.148967,0.180708,1400,1400,1400,1400,2000,2000,2000,2000,600,72,69,86,78,63,0,0,0,0,0,0,100,0,90
1466088320,1.236250,0.134505,0.165624,1.296250,2.639716,3.420144,0.993750,0.120992,0.119160,1.221250,0.149240,0.181929,1400,1400,1400,1400,2000,2000,2000,2000,600,72,69,86,78,63,0,0,0,0,0,0,100,0,90
1466088321,1.236250,0.136213,0.168096,1.296250,2.641086,3.422736,0.993750,0.120688,0.119160,1.221250,0.148239,0.180708,1400,1400,1400,1400,2000,2000,2000,2000,600,72,69,86,78,63,0,0,0,1,0,0,100,0,90
1466088322,1.235000,0.140971,0.172900,1.296250,2.636702,3.416256,0.995000,0.120992,0.119400,1.221250,0.148967,0.180708,1400,1400,1400,1400,2000,2000,2000,2000,600,72,69,86,78,63,0,0,1,0,0,0,100,0,90
1466088323,1.236250,0.134505,0.165624,1.296250,2.635880,3.414960,0.995000,0.120688,0.119400,1.221250,0.148239,0.180708,1400,1400,1400,1400,2000,2000,2000,2000,600,72,69,86,78,63,0,0,0,0,0,0,100,0,90
1466088324,1.236250,0.134261,0.165624,1.296250,2.624646,3.400704,0.995000,0.121296,0.120395,1.221250,0.148239,0.180708,1400,1400,1400,1400,2000,2000,2000,2000,600,72,69,86,78,63,0,0,0,0,0,0,100,0,90
1466088325,1.236250,0.134505,0.165624,1.296250,2.639990,3.420144,0.995000,0.120992,0.119400,1.221250,0.150241,0.183150,1400,1400,1400,1400,2000,2000,2000,2000,600,72,69,86,78,63,0,0,0,0,0,0,100,0,90
1466088326,1.236250,0.136213,0.168096,1.296250,2.643278,3.425328,0.995000,0.120992,0.119400,1.221250,0.149513,0.181929,1400,1400,1400,1400,2000,2000,2000,2000,600,72,69,86,78,63,0,0,0,0,0,1,100,0,90
1466088327,1.236250,0.134505,0.165624,1.295000,2.631770,3.407145,0.995000,0.120992,0.119400,1.221250,0.148785,0.180708,1400,1400,1400,1400,2000,2000,2000,2000,600,72,69,86,78,63,0,0,0,0,0,0,100,0,90
1466088328,1.236250,0.135481,0.166860,1.296250,2.630400,3.408480,0.995000,0.120688,0.119400,1.221250,0.148512,0.180708,1400,1400,1400,1400,2000,2000,2000,2000,600,72,69,86,78,63,1,0,0,0,0,0,100,0,90
1466088329,1.236250,0.134749,0.165624,1.296250,2.640812,3.421440,0.995000,0.120992,0.119400,1.221250,0.149968,0.181929,1400,1400,1400,1400,2000,2000,2000,2000,600,72,69,86,78,63,0,0,0,0,0,0,100,0,90
1466088330,1.236250,0.134017,0.165624,1.296250,2.639716,3.420144,0.995000,0.120688,0.119400,1.221250,0.149695,0.181929,1400,1400,1400,1400,2000,2000,2000,2000,600,72,69,86,78,63,0,0,0,0,0,0,100,0,90
1466088331,1.236250,0.133468,0.164388,1.296250,2.643552,3.425328,0.995000,0.120688,0.119400,1.221250,0.148239,0.180708,1400,1400,1400,1400,2000,2000,2000,2000,600,72,69,86,78,63,0,0,0,0,0,0,100,0,90
1466088332,1.235000,0.139507,0.171665,1.296250,2.711504,3.513456,0.995000,0.120688,0.119400,1.221250,0.148239,0.180708,1400,1400,1400,1400,2000,2000,2000,2000,600,72,69,86,78,63,1,0,0,0,0,0,100,0,90
1466088333,1.236250,0.133468,0.164388,1.296250,2.642182,3.424032,0.995000,0.120536,0.119400,1.220000,0.149968,0.181780,1400,1400,1400,1400,2000,2000,2000,2000,600,72,69,86,78,63,0,0,0,0,0,0,100,0,90
1466088334,1.236250,0.134505,0.165624,1.296250,2.648758,3.431808,0.993750,0.120536,0.119160,1.220000,0.149968,0.181780,1400,1400,1400,1400,2000,2000,2000,2000,600,72,69,86,78,63,1,0,0,0,0,0,100,0,90
1466088335,1.236250,0.134261,0.165624,1.295000,2.639442,3.417505,0.995000,0.120536,0.119400,1.221250,0.147966,0.179487,1400,1400,1400,1400,2000,2000,2000,2000,600,72,69,86,78,63,0,0,0,0,0,0,100,0,90
1466088336,1.236250,0.134505,0.165624,1.296250,2.634510,3.413664,0.993750,0.120232,0.119160,1.221250,0.148967,0.180708,1400,1400,1400,1400,2000,2000,2000,2000,600,72,69,86,78,62,0,0,0,0,0,0,100,0,90
1466088337,1.236250,0.134749,0.165624,1.296250,2.643004,3.425328,0.993750,0.120232,0.119160,1.221250,0.149695,0.181929,1400,1400,1400,1400,2000,2000,2000,2000,600,72,69,86,78,62,0,0,0,0,0,0,100,0,90
1466088338,1.235000,0.139263,0.171665,1.296250,2.645470,3.427920,0.995000,0.120232,0.119400,1.221250,0.148785,0.180708,1400,1400,1400,1400,2000,2000,2000,2000,600,72,69,86,78,62,1,0,0,0,1,0,100,0,90
1466088339,1.236250,0.133224,0.164388,1.296250,2.628756,3.405888,0.995000,0.120232,0.119400,1.221250,0.147966,0.179487,1400,1400,1400,1400,2000,2000,2000,2000,600,72,69,86,78,62,0,0,0,0,0,0,100,0,90
1466088340,1.236250,0.134261,0.165624,1.296250,2.680542,3.473280,0.993750,0.120232,0.119160,1.220000,0.150969,0.183000,1400,1400,1400,1400,2000,2000,2000,2000,600,72,69,86,78,62,1,0,0,0,0,0,100,0,90
1466088341,1.236250,0.134749,0.165624,1.296250,2.634784,3.413664,0.993750,0.119928,0.118167,1.221250,0.148785,0.180708,1400,1400,1400,1400,2000,2000,2000,2000,600,72,69,86,78,62,0,0,0,0,0,0,100,0,90
1466088342,1.235000,0.140727,0.172900,1.296250,2.696160,3.494016,0.995000,0.119928,0.118405,1.221250,0.149695,0.181929,1400,1400,1400,1400,2000,2000,2000,2000,600,72,69,86,77,62,0,0,0,0,0,1,100,0,90
1466088343,1.236250,0.134017,0.165624,1.296250,2.627112,3.404592,0.995000,0.119928,0.118405,1.221250,0.149240,0.181929,1400,1400,1400,1400,2000,2000,2000,2000,600,72,69,86,77,62,0,0,0,0,0,0,100,0,90
1466088344,1.236250,0.134993,0.165624,1.295000,2.619988,3.391605,0.993750,0.119776,0.118167,1.221250,0.149968,0.181929,1400,1400,1400,1400,2000,2000,2000,2000,600,72,69,86,77,62,1,0,0,0,0,0,100,0,90
1466088345,1.236250,0.132980,0.163152,1.296250,2.629578,3.407184,0.993750,0.119928,0.118167,1.221250,0.148785,0.180708,1400,1400,1400,1400,2000,2000,2000,2000,600,72,69,86,77,62,0,0,0,0,0,0,100,0,90
1466088346,1.235000,0.139995,0.171665,1.296250,2.702462,3.501792,0.993750,0.119776,0.118167,1.221250,0.149513,0.181929,1400,1400,1400,1400,2000,2000,2000,2000,600,72,69,86,77,62,1,0,0,0,0,0,100,0,90
1466088347,1.236250,0.134505,0.165624,1.296250,2.629304,3.407184,0.993750,0.119776,0.118167,1.221250,0.149240,0.181929,1400,1400,1400,1400,2000,2000,2000,2000,600,72,69,86,77,62,0,0,0,0,0,0,100,0,90
1466088348,1.235000,0.140727,0.172900,1.296250,2.681638,3.474576,0.993750,0.119776,0.118167,1.221250,0.150696,0.183150,1400,1400,1400,1400,2000,2000,2000,2000,600,72,69,86,77,62,1,0,0,0,0,0,100,0,90
1466088349,1.236250,0.133468,0.164388,1.296250,2.638894,3.418848,0.993750,0.119472,0.118167,1.220000,0.147966,0.179340,1400,1400,1400,1400,2000,2000,2000,2000,600,72,69,86,77,62,0,0,0,0,0,0,100,0,90
1466088350,1.235000,0.139507,0.171665,1.296250,2.712600,3.514752,0.993750,0.119776,0.118167,1.221250,0.148512,0.180708,1400,1400,1400,1400,2000,2000,2000,2000,600,72,69,86,77,62,1,0,0,0,0,0,100,0,90
1466088351,1.236250,0.134261,0.165624,1.296250,2.636154,3.416256,0.993750,0.119776,0.118167,1.220000,0.148967,0.180560,1400,1400,1400,1400,2000,2000,2000,2000,600,71,69,86,77,62,0,0,0,0,0,0,100,0,90
1466088352,1.235000,0.139263,0.171665,1.296250,2.687392,3.482352,0.993750,0.119472,0.118167,1.221250,0.147966,0.179487,1400,1400,1400,1400,2000,2000,2000,2000,600,72,69,86,77,62,1,0,0,0,0,0,100,0,90
1466088353,1.236250,0.132248,0.163152,1.296250,2.635058,3.414960,0.993750,0.119472,0.118167,1.221250,0.148239,0.180708,1400,1400,1400,1400,2000,2000,2000,2000,600,71,69,86,77,62,0,0,0,0,0,0,100,0,90
1466088354,1.235000,0.140727,0.172900,1.296250,2.698900,3.496608,0.993750,0.119472,0.118167,1.221250,0.149968,0.181929,1400,1400,1400,1400,2000,2000,2000,2000,600,71,69,86,77,62,1,0,0,0,0,0,100,0,90
1466088355,1.236250,0.132248,0.163152,1.295000,2.633140,3.409735,0.995000,0.119472,0.118405,1.221250,0.148967,0.180708,1400,1400,1400,1400,2000,2000,2000,2000,600,71,69,86,77,62,0,0,0,0,0,0,100,0,90
1466088356,1.235000,0.140727,0.172900,1.296250,2.678076,3.470688,0.993750,0.119472,0.118167,1.221250,0.150241,0.183150,1400,1400,1400,1400,2000,2000,2000,2000,600,72,69,86,77,62,1,0,0,0,0,0,100,0,90
1466088357,1.236250,0.132980,0.163152,1.295000,2.632318,3.408440,0.993750,0.119472,0.118167,1.221250,0.148239,0.180708,1400,1400,1400,1400,2000,2000,2000,2000,600,71,69,86,77,62,0,0,0,0,0,0,100,0,90
1466088358,1.235000,0.137738,0.169195,1.296250,2.699996,3.497904,0.995000,0.119168,0.118405,1.221250,0.151515,0.184371,1400,1400,1400,1400,2000,2000,2000,2000,600,72,69,86,77,62,1,0,0,0,0,0,100,0,90
1466088359,1.236250,0.133224,0.164388,1.296250,2.622454,3.398112,0.995000,0.119472,0.118405,1.221250,0.148785,0.180708,1400,1400,1400,1400,2000,2000,2000,2000,600,71,69,86,77,62,0,0,0,0,0,0,100,0,90
1466088360,1.235000,0.142008,0.175370,1.296250,2.675610,3.466800,0.993750,0.119168,0.118167,1.221250,0.149513,0.181929,1400,1400,1400,1400,2000,2000,2000,2000,600,71,69,86,77,62,1,0,0,0,0,0,100,0,90
1466088361,1.236250,0.133224,0.164388,1.296250,2.620536,3.395520,0.993750,0.119168,0.118167,1.220000,0.149240,0.181780,1400,1400,1400,1400,2000,2000,2000,2000,600,71,69,86,77,62,0,0,0,0,0,0,100,0,90
1466088362,1.236250,0.134017,0.165624,1.296250,2.623824,3.399408,0.993750,0.119168,0.118167,1.220000,0.149513,0.181780,1400,1400,1400,1400,2000,2000,2000,2000,600,71,69,86,77,62,2,0,0,0,0,0,100,0,90
1466088363,1.236250,0.133224,0.164388,1.295000,2.620262,3.392900,0.993750,0.119016,0.118167,1.221250,0.148512,0.180708,1400,1400,1400,1400,2000,2000,2000,2000,600,71,69,86,77,62,0,0,0,0,0,0,100,0,90
1466088364,1.235000,0.133773,0.164255,1.296250,2.652046,3.436992,0.993750,0.119016,0.118167,1.221250,0.149968,0.181929,1400,1400,1400,1400,2000,2000,2000,2000,600,71,69,85,77,62,1,0,0,0,0,0,100,0,90
1466088365,1.236250,0.132004,0.163152,1.295000,2.621084,3.394195,0.993750,0.118712,0.117174,1.221250,0.149240,0.181929,1400,1400,1400,1400,2000,2000,2000,2000,600,71,69,85,77,62,0,0,0,0,0,0,100,0,90
1466088366,1.235000,0.139995,0.171665,1.295000,2.693420,3.487435,0.993750,0.118712,0.117174,1.220000,0.149968,0.181780,1400,1400,1400,1400,2000,2000,2000,2000,600,71,69,86,77,62,1,0,0,0,0,0,100,0,90
1466088367,1.236250,0.131516,0.161916,1.296250,2.627112,3.404592,0.993750,0.119016,0.118167,1.220000,0.148239,0.180560,1400,1400,1400,1400,2000,2000,2000,2000,600,71,69,85,77,62,0,0,0,0,0,0,100,0,90
1466088368,1.236250,0.140971,0.173040,1.296250,2.629030,3.407184,0.993750,0.118560,0.117174,1.220000,0.148785,0.180560,1400,1400,1400,1400,2000,2000,2000,2000,600,71,69,85,77,62,1,0,0,0,0,0,100,0,90
1466088369,1.236250,0.134017,0.165624,1.295000,2.625194,3.399375,0.993750,0.118712,0.117174,1.220000,0.149695,0.181780,1400,1400,1400,1400,2000,2000,2000,2000,600,71,68,85,77,62,0,0,0,0,0,0,100,0,90
1466088370,1.236250,0.133224,0.164388,1.295000,2.624372,3.398080,0.993750,0.118256,0.117174,1.220000,0.149695,0.181780,1400,1400,1400,1400,2000,2000,2000,2000,600,71,68,85,77,62,1,0,0,0,0,0,100,0,90
1466088371,1.236250,0.131760,0.161916,1.295000,2.627386,3.401965,0.993750,0.118560,0.117174,1.221250,0.148239,0.180708,1400,1400,1400,1400,2000,2000,2000,2000,600,71,68,86,77,62,0,0,0,0,0,0,100,0,90
1466088372,1.236250,0.132492,0.163152,1.295000,2.623276,3.396785,0.993750,0.118712,0.117174,1.220000,0.148512,0.180560,1400,1400,1400,1400,2000,2000,2000,2000,600,71,68,85,77,62,1,0,0,0,0,0,100,0,90
1466088373,1.236250,0.132248,0.163152,1.295000,2.626838,3.400670,0.993750,0.118560,0.117174,1.220000,0.149695,0.181780,1400,1400,1400,1400,2000,2000,2000,2000,600,71,68,85,77,62,0,0,0,0,0,0,100,0,90
1466088374,1.236250,0.131760,0.161916,1.295000,2.681090,3.471895,0.993750,0.118560,0.117174,1.221250,0.147966,0.179487,1400,1400,1400,1400,2000,2000,2000,2000,600,71,68,85,77,62,2,0,0,0,0,0,100,0,90
1466088375,1.236250,0.132492,0.163152,1.295000,2.626290,3.400670,0.993750,0.118712,0.117174,1.220000,0.148785,0.180560,1400,1400,1400,1400,2000,2000,2000,2000,600,71,68,85,77,62,0,0,0,0,0,0,100,0,90
1466088376,1.236250,0.132980,0.163152,1.295000,2.598342,3.364410,0.993750,0.118560,0.117174,1.220000,0.151242,0.184220,1400,1400,1400,1400,2000,2000,2000,2000,600,71,68,85,77,62,1,0,0,0,0,0,100,0,90
1466088377,1.236250,0.132492,0.163152,1.295000,2.623002,3.396785,0.993750,0.118256,0.117174,1.220000,0.148512,0.180560,1400,1400,1400,1400,2000,2000,2000,2000,600,71,68,85,77,62,0,0,0,0,0,0,100,0,90
1466088378,1.236250,0.133224,0.164388,1.295000,2.612316,3.382540,0.995000,0.117952,0.116415,1.220000,0.148785,0.180560,1400,1400,1400,1400,2000,2000,2000,2000,600,71,68,85,77,62,2,0,0,0,0,1,100,0,90
1466088379,1.236250,0.132736,0.163152,1.296250,2.615056,3.389040,0.993750,0.118256,0.117174,1.220000,0.149240,0.181780,1400,1400,1400,1400,2000,2000,2000,2000,600,71,68,85,77,62,0,0,0,0,0,0,100,0,90
1466088380,1.236250,0.130967,0.160680,1.295000,2.599164,3.365705,0.993750,0.118256,0.117174,1.220000,0.148967,0.180560,1400,1400,1400,1400,2000,2000,2000,2000,600,71,68,85,77,62,1,0,0,0,0,1,100,0,90
1466088381,1.236250,0.131516,0.161916,1.295000,2.611768,3.381245,0.993750,0.118256,0.117174,1.221250,0.148239,0.180708,1400,1400,1400,1400,2000,2000,2000,2000,600,71,68,85,77,62,0,0,0,0,0,0,100,0,90
1466088382,1.236250,0.131272,0.161916,1.295000,2.612042,3.382540,0.993750,0.118256,0.117174,1.220000,0.149240,0.181780,1400,1400,1400,1400,2000,2000,2000,2000,600,71,68,85,77,62,1,0,0,0,0,0,100,1,90
1466088383,1.236250,0.131760,0.161916,1.296250,2.612864,3.385152,0.993750,0.118256,0.117174,1.220000,0.149695,0.181780,1400,1400,1400,1400,2000,2000,2000,2000,600,71,68,85,77,62,0,0,0,0,0,0,100,0,90
1466088384,1.236250,0.132736,0.163152,1.296250,2.613686,3.386448,0.993750,0.118256,0.117174,1.221250,0.147784,0.179487,1400,1400,1400,1400,2000,2000,2000,2000,600,71,69,85,77,62,1,0,0,0,0,0,100,0,90
1466088385,1.236250,0.133468,0.164388,1.295000,2.614234,3.385130,0.993750,0.117952,0.116181,1.221250,0.148239,0.180708,1400,1400,1400,1400,2000,2000,2000,2000,600,71,68,85,77,62,0,0,0,1,0,0,100,0,90
1466088386,1.236250,0.132004,0.163152,1.295000,2.620810,3.392900,0.995000,0.118256,0.117410,1.221250,0.148785,0.180708,1400,1400,1400,1400,2000,2000,2000,2000,600,71,69,85,77,62,1,0,0,0,0,0,100,0,90
1466088387,1.236250,0.132736,0.163152,1.295000,2.620536,3.392900,0.995000,0.118560,0.117410,1.220000,0.149513,0.181780,1400,1400,1400,1400,2000,2000,2000,2000,600,71,68,85,77,62,0,0,0,0,0,0,100,0,90
1466088388,1.236250,0.133468,0.164388,1.296250,2.614508,3.387744,0.995000,0.118256,0.117410,1.220000,0.147966,0.179340,1400,1400,1400,1400,2000,2000,2000,2000,600,71,69,85,77,62,0,0,0,0,0,0,100,0,90
1466088389,1.236250,0.132004,0.163152,1.295000,2.620536,3.392900,0.995000,0.117952,0.116415,1.221250,0.147966,0.179487,1400,1400,1400,1400,2000,2000,2000,2000,600,71,68,85,77,62,1,0,0,0,0,0,100,0,90
1466088390,1.236250,0.132004,0.163152,1.295000,2.619714,3.391605,0.995000,0.118256,0.117410,1.221250,0.148967,0.180708,1400,1400,1400,1400,2000,2000,2000,2000,600,71,68,85,77,62,0,0,0,0,0,0,100,0,90
1466088391,1.236250,0.133468,0.164388,1.295000,2.619714,3.391605,0.993750,0.117952,0.116181,1.221250,0.148239,0.180708,1400,1400,1400,1400,2000,2000,2000,2000,600,71,68,85,76,62,1,0,0,0,0,0,100,0,90
1466088392,1.236250,0.130967,0.160680,1.295000,2.612316,3.382540,0.995000,0.117952,0.116415,1.221250,0.147966,0.179487,1400,1400,1400,1400,2000,2000,2000,2000,600,71,68,85,77,61,0,0,0,0,0,0,100,0,90
1466088393,1.236250,0.132004,0.163152,1.295000,2.620810,3.392900,0.995000,0.117952,0.116415,1.221250,0.148239,0.180708,1400,1400,1400,1400,2000,2000,2000,2000,600,71,68,85,76,62,0,1,0,0,0,0,100,0,90
1466088394,1.236250,0.133224,0.164388,1.295000,2.607110,3.376065,0.993750,0.117952,0.116181,1.221250,0.149695,0.181929,1400,1400,1400,1400,2000,2000,2000,2000,600,71,68,85,76,62,0,0,0,0,0,0,100,0,90
1466088395,1.236250,0.132248,0.163152,1.295000,2.612864,3.382540,0.993750,0.117800,0.116181,1.221250,0.148512,0.180708,1400,1400,1400,1400,2000,2000,2000,2000,600,71,68,85,76,61,0,0,0,0,0,0,100,0,90
1466088396,1.236250,0.130967,0.160680,1.295000,2.606288,3.374770,0.995000,0.117800,0.116415,1.221250,0.148239,0.180708,1400,1400,1400,1400,2000,2000,2000,2000,600,71,68,85,76,61,0,0,0,0,0,0,100,0,90
1466088397,1.236250,0.132492,0.163152,1.295000,2.622454,3.395490,0.995000,0.117800,0.116415,1.221250,0.149240,0.181929,1400,1400,1400,1400,2000,2000,2000,2000,600,71,68,85,76,61,0,1,0,0,0,1,100,0,90
1466088398,1.236250,0.131516,0.161916,1.295000,2.615056,3.386425,0.993750,0.117496,0.116181,1.221250,0.149513,0.181929,1400,1400,1400,1400,2000,2000,2000,2000,600,71,68,85,76,61,0,0,0,0,0,0,100,0,90
1466088399,1.236250,0.130967,0.160680,1.296250,2.609576,3.381264,0.995000,0.117800,0.116415,1.221250,0.147784,0.179487,1400,1400,1400,1400,2000,2000,2000,2000,600,71,68,85,76,62,0,1,0,0,0,0,100,0,90
1466088400,1.236250,0.132492,0.163152,1.296250,2.592314,3.359232,0.995000,0.117800,0.116415,1.221250,0.148967,0.180708,1400,1400,1400,1400,2000,2000,2000,2000,600,71,68,85,76,61,0,0,0,0,0,0,100,0,90
1466088401,1.236250,0.132980,0.163152,1.296250,2.609302,3.381264,0.993750,0.117800,0.116181,1.220000,0.149240,0.181780,1400,1400,1400,1400,2000,2000,2000,2000,600,71,68,85,76,61,0,1,0,0,0,0,100,0,90
1466088402,1.236250,0.131516,0.161916,1.296250,2.608206,3.379968,0.993750,0.117800,0.116181,1.221250,0.147966,0.179487,1400,1400,1400,1400,2000,2000,2000,2000,600,71,68,85,76,61,0,0,0,0,0,0,100,0,90
1466088403,1.236250,0.132248,0.163152,1.295000,2.607110,3.376065,0.993750,0.117192,0.116181,1.221250,0.147966,0.179487,1400,1400,1400,1400,2000,2000,2000,2000,600,71,68,85,76,62,0,1,0,0,0,0,100,0,90
1466088404,1.236250,0.132248,0.163152,1.295000,2.609576,3.378655,0.993750,0.117192,0.116181,1.221250,0.149695,0.181929,1400,1400,1400,1400,2000,2000,2000,2000,600,71,68,85,76,61,0,0,0,0,0,0,100,0,90
1466088405,1.236250,0.130967,0.160680,1.296250,2.610946,3.382560,0.993750,0.117496,0.116181,1.221250,0.149695,0.181929,1400,1400,1400,1400,2000,2000,2000,2000,600,71,68,85,76,61,0,0,0,0,0,0,100,0,90
1466088406,1.236250,0.133468,0.164388,1.295000,2.617796,3.389015,0.993750,0.117800,0.116181,1.221250,0.147966,0.179487,1400,1400,1400,1400,2000,2000,2000,2000,600,71,68,85,76,61,0,0,0,0,0,0,100,0,90
1466088407,1.236250,0.132248,0.163152,1.295000,2.619166,3.391605,0.993750,0.117496,0.116181,1.221250,0.147784,0.179487,1400,1400,1400,1400,2000,2000,2000,2000,600,71,68,85,76,61,0,1,0,0,0,0,100,0,90
1466088408,1.236250,0.130723,0.160680,1.295000,2.608754,3.377360,0.993750,0.117496,0.116181,1.221250,0.149968,0.181929,1400,1400,1400,1400,2000,2000,2000,2000,600,71,68,85,76,61,0,0,0,0,0,0,100,0,90
1466088409,1.236250,0.132004,0.163152,1.295000,2.618892,3.390310,0.993750,0.117496,0.116181,1.220000,0.148239,0.180560,1400,1400,1400,1400,2000,2000,2000,2000,600,71,68,85,76,61,0,1,0,0,0,0,100,0,90
1466088410,1.236250,0.132492,0.163152,1.296250,2.618618,3.392928,0.993750,0.117496,0.116181,1.220000,0.148967,0.180560,1400,1400,1400,1400,2000,2000,2000,2000,600,71,68,85,76,61,0,0,0,0,0,0,100,0,90
1466088411,1.236250,0.131760,0.161916,1.295000,2.618618,3.390310,0.993750,0.117496,0.116181,1.220000,0.149240,0.181780,1400,1400,1400,1400,2000,2000,2000,2000,600,71,68,85,76,61,0,0,0,0,0,0,100,0,90
1466088412,1.236250,0.132736,0.163152,1.296250,2.613960,3.386448,0.993750,0.117496,0.116181,1.220000,0.149513,0.181780,1400,1400,1400,1400,2000,2000,2000,2000,600,70,68,85,76,61,0,0,0,0,0,0,100,0,90
1466088413,1.236250,0.132492,0.163152,1.295000,2.621906,3.394195,0.993750,0.117192,0.116181,1.221250,0.148239,0.180708,1400,1400,1400,1400,2000,2000,2000,2000,600,71,68,85,76,62,0,2,0,0,0,0,100,0,90
1466088414,1.236250,0.130723,0.160680,1.296250,2.612864,3.385152,0.993750,0.117496,0.116181,1.221250,0.148967,0.180708,1400,1400,1400,1400,2000,2000,2000,2000,600,71,68,85,76,61,0,0,0,0,0,0,100,0,90
1466088415,1.236250,0.131272,0.161916,1.296250,2.607384,3.378672,0.995000,0.117496,0.116415,1.220000,0.149695,0.181780,1400,1400,1400,1400,2000,2000,2000,2000,600,71,68,85,76,61,0,1,0,0,0,0,100,0,90
1466088416,1.236250,0.131516,0.161916,1.296250,2.604918,3.374784,0.993750,0.117192,0.116181,1.220000,0.147784,0.179340,1400,1400,1400,1400,2000,2000,2000,2000,600,71,68,85,76,61,0,0,0,0,0,0,100,0,90
1466088417,1.236250,0.131760,0.161916,1.295000,2.610124,3.379950,0.993750,0.117040,0.116181,1.220000,0.148239,0.180560,1400,1400,1400,1400,2000,2000,2000,2000,600,71,68,85,76,61,0,1,0,0,0,0,100,0,90
1466088418,1.236250,0.130967,0.160680,1.295000,2.603822,3.370885,0.993750,0.117040,0.116181,1.220000,0.148785,0.180560,1400,1400,1400,1400,2000,2000,2000,2000,600,71,68,85,76,61,0,0,0,0,0,0,100,0,90
1466088419,1.236250,0.132980,0.163152,1.295000,2.619166,3.391605,0.993750,0.117040,0.116181,1.220000,0.149513,0.181780,1400,1400,1400,1400,2000,2000,2000,2000,600,71,68,85,76,61,0,1,0,0,0,1,100,0,90
1466088420,1.236250,0.131516,0.161916,1.295000,2.589848,3.352755,0.993750,0.117040,0.116181,1.220000,0.148239,0.180560,1400,1400,1400,1400,2000,2000,2000,2000,600,71,68,85,76,61,0,0,0,0,0,0,100,0,90
1466088421,1.236250,0.132248,0.163152,1.295000,2.605192,3.373475,0.993750,0.117192,0.116181,1.221250,0.148239,0.180708,1400,1400,1400,1400,2000,2000,2000,2000,600,71,68,85,76,61,0,1,0,0,0,0,100,0,90
1466088422,1.236250,0.134017,0.165624,1.296250,2.603000,3.373488,0.993750,0.116736,0.115188,1.220000,0.148239,0.180560,1400,1400,1400,1400,2000,2000,2000,2000,600,71,68,85,76,61,0,0,0,0,0,0,100,0,90
1466088423,1.235000,0.138714,0.170430,1.295000,2.603822,3.370885,0.993750,0.117040,0.116181,1.220000,0.148785,0.180560,1400,1400,1400,1400,2000,2000,2000,2000,600,71,68,85,76,61,0,1,0,0,0,0,100,1,90
1466088424,1.236250,0.130479,0.160680,1.296250,2.591766,3.357936,0.993750,0.116736,0.115188,1.220000,0.147966,0.179340,1400,1400,1400,1400,2000,2000,2000,2000,600,70,68,85,76,61,0,0,0,0,0,0,99,0,90
1466088425,1.236250,0.131516,0.161916,1.295000,2.611494,3.381245,0.993750,0.117040,0.116181,1.220000,0.148239,0.180560,1400,1400,1400,1400,2000,2000,2000,2000,600,71,68,85,76,61,0,0,1,0,0,0,100,0,90
1466088426,1.236250,0.131760,0.161916,1.295000,2.600534,3.367000,0.993750,0.117040,0.116181,1.220000,0.149240,0.181780,1400,1400,1400,1400,2000,2000,2000,2000,600,70,68,85,76,61,0,0,0,0,0,0,100,0,90
1466088427,1.236250,0.135725,0.166860,1.296250,2.671226,3.461616,0.993750,0.117192,0.116181,1.220000,0.149695,0.181780,1400,1400,1400,1400,2000,2000,2000,2000,600,71,68,85,76,61,0,0,0,0,0,0,100,0,90
1466088428,1.236250,0.132492,0.163152,1.295000,2.591766,3.355345,0.993750,0.117040,0.116181,1.220000,0.148239,0.180560,1400,1400,1400,1400,2000,2000,2000,2000,600,70,68,85,76,61,0,0,0,0,0,0,100,0,90
1466088429,1.235000,0.137738,0.169195,1.296250,2.623002,3.399408,0.993750,0.117040,0.116181,1.221250,0.147966,0.179487,1400,1400,1400,1400,2000,2000,2000,2000,600,71,68,85,76,61,0,0,0,0,0,0,100,0,90
1466088430,1.236250,0.131516,0.161916,1.296250,2.611220,3.383856,0.993750,0.117040,0.116181,1.221250,0.149513,0.181929,1400,1400,1400,1400,2000,2000,2000,2000,600,70,68,85,76,61,0,0,0,0,0,0,100,0,90
1466088431,1.236250,0.130479,0.160680,1.296250,2.613960,3.386448,0.993750,0.117040,0.116181,1.220000,0.150241,0.183000,1400,1400,1400,1400,2000,2000,2000,2000,600,71,68,85,76,61,0,0,1,0,0,0,100,0,90
1466088432,1.236250,0.132004,0.163152,1.296250,2.604644,3.374784,0.993750,0.116736,0.115188,1.221250,0.148785,0.180708,1400,1400,1400,1400,2000,2000,2000,2000,600,71,68,85,76,61,0,0,0,0,0,0,100,0,90
1466088433,1.235000,0.137738,0.169195,1.295000,2.665198,3.451175,0.993750,0.117040,0.116181,1.221250,0.149513,0.181929,1400,1400,1400,1400,2000,2000,2000,2000,600,71,68,85,76,61,0,0,1,0,0,0,100,0,90
1466088434,1.236250,0.131272,0.161916,1.296250,2.614508,3.387744,0.993750,0.116736,0.115188,1.221250,0.148967,0.180708,1400,1400,1400,1400,2000,2000,2000,2000,600,70,68,85,76,61,0,0,0,0,0,0,100,0,90
1466088435,1.236250,0.131760,0.161916,1.296250,2.688488,3.483648,0.993750,0.116736,0.115188,1.221250,0.149695,0.181929,1400,1400,1400,1400,2000,2000,2000,2000,600,71,68,85,76,61,0,0,1,0,0,0,100,0,90
1466088436,1.236250,0.130723,0.160680,1.296250,2.609576,3.381264,0.993750,0.116736,0.115188,1.221250,0.147966,0.179487,1400,1400,1400,1400,2000,2000,2000,2000,600,70,68,85,76,61,0,0,0,0,0,0,100,0,90
1466088437,1.236250,0.133773,0.164388,1.296250,2.666568,3.455136,0.993750,0.116736,0.115188,1.221250,0.149240,0.181929,1400,1400,1400,1400,2000,2000,2000,2000,600,70,68,85,76,61,0,0,1,0,0,0,100,0,90
1466088438,1.236250,0.137494,0.169332,1.296250,2.613686,3.386448,0.993750,0.116736,0.115188,1.221250,0.148967,0.180708,1400,1400,1400,1400,2000,2000,2000,2000,600,70,68,84,76,61,0,0,0,0,0,0,100,0,90
1466088439,1.235000,0.139019,0.171665,1.295000,2.686570,3.478370,0.993750,0.116736,0.115188,1.221250,0.151242,0.184371,1400,1400,1400,1400,2000,2000,2000,2000,600,70,68,84,76,61,0,0,1,0,0,0,100,0,90
1466088440,1.236250,0.130235,0.160680,1.295000,2.605740,3.373475,0.993750,0.116736,0.115188,1.221250,0.148239,0.180708,1400,1400,1400,1400,2000,2000,2000,2000,600,70,67,85,76,61,0,0,0,0,0,0,100,0,90
1466088441,1.236250,0.132004,0.163152,1.296250,2.668760,3.457728,0.993750,0.116736,0.115188,1.220000,0.148239,0.180560,1400,1400,1400,1400,2000,2000,2000,2000,600,71,68,85,76,61,0,0,1,0,0,0,100,0,90
1466088442,1.236250,0.130235,0.160680,1.296250,2.613138,3.386448,0.993750,0.116736,0.115188,1.221250,0.148967,0.180708,1400,1400,1400,1400,2000,2000,2000,2000,600,70,68,84,76,61,0,0,0,0,0,0,100,0,90
1466088443,1.235000,0.136762,0.167960,1.296250,2.681090,3.474576,0.995000,0.116736,0.115420,1.220000,0.150514,0.183000,1400,1400,1400,1400,2000,2000,2000,2000,600,70,68,84,76,61,0,0,0,0,0,0,100,0,90
1466088444,1.236250,0.132492,0.163152,1.296250,2.609850,3.381264,0.993750,0.116736,0.115188,1.220000,0.148785,0.180560,1400,1400,1400,1400,2000,2000,2000,2000,600,70,68,84,76,61,0,0,0,0,0,0,100,0,70
1466088445,1.236250,0.140727,0.173040,1.296250,2.671226,3.461616,0.993750,0.116736,0.115188,1.221250,0.149513,0.181929,1400,1400,1400,1400,2000,2000,2000,2000,600,70,68,85,76,61,0,0,1,0,0,0,100,0,70
1466088446,1.236250,0.130723,0.160680,1.295000,2.610946,3.379950,0.993750,0.116736,0.115188,1.220000,0.148512,0.180560,1400,1400,1400,1400,2000,2000,2000,2000,600,70,68,84,76,61,0,0,0,0,0,0,99,0,70
1466088447,1.236250,0.132004,0.163152,1.296250,2.679720,3.471984,0.993750,0.116736,0.115188,1.220000,0.148967,0.180560,1400,1400,1400,1400,2000,2000,2000,2000,600,70,68,85,76,61,0,0,1,0,0,0,100,0,70
1466088448,1.236250,0.131272,0.161916,1.295000,2.603822,3.370885,0.993750,0.116432,0.115188,1.220000,0.147966,0.179340,1400,1400,1400,1400,2000,2000,2000,2000,600,70,68,84,76,61,0,0,0,0,0,0,100,0,70
1466088449,1.235000,0.136518,0.167960,1.295000,2.600808,3.367000,0.993750,0.116432,0.115188,1.220000,0.149240,0.181780,1400,1400,1400,1400,2000,2000,2000,2000,600,70,68,84,76,61,0,0,1,0,0,0,100,0,70
1466088450,1.236250,0.130967,0.160680,1.295000,2.605466,3.373475,0.993750,0.116432,0.115188,1.220000,0.149240,0.181780,1400,1400,1400,1400,2000,2000,2000,2000,600,70,68,84,76,61,0,0,0,0,0,0,100,0,70
1466088451,1.236250,0.131516,0.161916,1.295000,2.683282,3.474485,0.993750,0.116432,0.115188,1.220000,0.150696,0.183000,1400,1400,1400,1400,2000,2000,2000,2000,600,70,68,84,76,61,0,0,1,0,0,0,100,0,70
1466088452,1.236250,0.132004,0.163152,1.296250,2.598616,3.367008,0.993750,0.116432,0.115188,1.220000,0.148967,0.180560,1400,1400,1400,1400,2000,2000,2000,2000,600,70,68,84,76,61,1,0,0,0,0,0,100,0,70
1466088453,1.235000,0.144509,0.177840,1.296250,2.646840,3.429216,0.993750,0.116432,0.115188,1.220000,0.147784,0.179340,1400,1400,1400,1400,2000,2000,2000,2000,600,70,68,84,76,61,0,0,1,0,0,0,100,0,70
1466088454,1.236250,0.131516,0.161916,1.296250,2.599164,3.368304,0.993750,0.116432,0.115188,1.220000,0.149240,0.181780,1400,1400,1400,1400,2000,2000,2000,2000,600,70,68,84,76,61,0,0,0,0,0,0,100,0,70
1466088455,1.235000,0.137006,0.169195,1.295000,2.598890,3.364410,0.993750,0.115976,0.114195,1.221250,0.149513,0.181929,1400,1400,1400,1400,2000,2000,2000,2000,600,70,67,84,76,61,0,0,1,0,0,0,100,0,70
1466088456,1.236250,0.129503,0.159444,1.295000,2.599712,3.365705,0.993750,0.116280,0.115188,1.220000,0.147511,0.179340,1400,1400,1400,1400,2000,2000,2000,2000,600,70,67,84,76,61,0,0,0,0,0,0,100,0,70
1466088457,1.236250,0.131272,0.161916,1.296250,2.600260,3.369600,0.993750,0.116432,0.115188,1.221250,0.147784,0.179487,1400,1400,1400,1400,2000,2000,2000,2000,600,70,68,84,76,61,0,0,0,0,0,0,100,0,70
1466088458,1.236250,0.129991,0.159444,1.295000,2.597520,3.363115,0.993750,0.116432,0.115188,1.220000,0.148785,0.180560,1400,1400,1400,1400,2000,2000,2000,2000,600,70,67,84,76,61,0,0,0,0,0,0,100,0,70
1466088459,1.236250,0.132004,0.163152,1.295000,2.598616,3.364410,0.993750,0.116432,0.115188,1.220000,0.148239,0.180560,1400,1400,1400,1400,2000,2000,2000,2000,600,70,68,84,76,61,0,0,0,0,0,0,100,0,70
1466088460,1.236250,0.131760,0.161916,1.295000,2.595876,3.360525,0.993750,0.116432,0.115188,1.220000,0.147784,0.179340,1400,1400,1400,1400,2000,2000,2000,2000,600,70,67,84,76,61,0,0,0,0,0,0,100,0,70
1466088461,1.236250,0.132492,0.163152,1.296250,2.654238,3.439584,0.993750,0.116280,0.115188,1.221250,0.149695,0.181929,1400,1400,1400,1400,2000,2000,2000,2000,600,70,68,84,76,61,0,0,0,0,0,0,100,0,70
1466088462,1.236250,0.132248,0.163152,1.295000,2.597246,3.363115,0.993750,0.116280,0.115188,1.220000,0.149240,0.181780,1400,1400,1400,1400,2000,2000,2000,2000,600,70,67,84,76,61,0,0,0,0,0,0,100,0,70
1466088463,1.236250,0.131516,0.161916,1.295000,2.603000,3.370885,0.993750,0.115976,0.114195,1.221250,0.147784,0.179487,1400,1400,1400,1400,2000,2000,2000,2000,600,70,68,84,76,61,0,0,0,0,0,0,100,0,70
1466088464,1.236250,0.130967,0.160680,1.295000,2.582998,3.343690,0.993750,0.116280,0.115188,1.220000,0.147966,0.179340,1400,1400,1400,1400,2000,2000,2000,2000,600,70,67,84,76,61,0,0,0,0,0,0,100,0,70
1466088465,1.235000,0.137494,0.169195,1.295000,2.609576,3.378655,0.993750,0.116280,0.115188,1.220000,0.148967,0.180560,1400,1400,1400,1400,2000,2000,2000,2000,600,70,68,84,76,61,0,0,1,0,0,0,100,0,70
1466088466,1.236250,0.130479,0.160680,1.295000,2.602452,3.369590,0.993750,0.116280,0.115188,1.221250,0.149240,0.181929,1400,1400,1400,1400,2000,2000,2000,2000,600,70,67,84,76,61,0,0,0,0,0,0,100,0,70
1466088467,1.236250,0.130967,0.160680,1.295000,2.609028,3.378655,0.993750,0.116280,0.115188,1.220000,0.147966,0.179340,1400,1400,1400,1400,2000,2000,2000,2000,600,70,68,84,76,61,0,0,1,0,0,0,100,0,70
1466088468,1.236250,0.131516,0.161916,1.295000,2.603822,3.370885,0.993750,0.116280,0.115188,1.220000,0.147511,0.179340,1400,1400,1400,1400,2000,2000,2000,2000,600,70,67,84,76,61,0,0,0,0,0,0,100,0,70
1466088469,1.236250,0.130967,0.160680,1.295000,2.609028,3.378655,0.993750,0.116280,0.115188,1.220000,0.148512,0.180560,1400,1400,1400,1400,2000,2000,2000,2000,600,71,67,84,76,61,0,0,2,0,0,1,100,0,70
1466088470,1.236250,0.132492,0.163152,1.295000,2.608480,3.377360,0.993750,0.116432,0.115188,1.220000,0.149513,0.181780,1400,1400,1400,1400,2000,2000,2000,2000,600,70,67,84,76,61,0,0,0,0,0,0,100,0,70
1466088471,1.236250,0.130479,0.160680,1.296250,2.607658,3.378672,0.993750,0.116280,0.115188,1.220000,0.147784,0.179340,1400,1400,1400,1400,2000,2000,2000,2000,600,70,68,84,76,61,0,0,1,0,0,0,100,0,70
1466088472,1.236250,0.131516,0.161916,1.295000,2.599438,3.365705,0.993750,0.116280,0.115188,1.220000,0.147784,0.179340,1400,1400,1400,1400,2000,2000,2000,2000,600,70,67,84,76,61,0,0,0,0,0,0,100,0,70
1466088473,1.236250,0.130967,0.160680,1.295000,2.608206,3.377360,0.993750,0.116280,0.115188,1.220000,0.148512,0.180560,1400,1400,1400,1400,2000,2000,2000,2000,600,71,67,84,76,61,0,0,1,0,0,0,100,0,70
1466088474,1.236250,0.130967,0.160680,1.295000,2.608754,3.377360,0.993750,0.116280,0.115188,1.220000,0.148967,0.180560,1400,1400,1400,1400,2000,2000,2000,2000,600,70,67,84,76,61,0,0,0,0,0,0,100,0,70
1466088475,1.236250,0.129503,0.159444,1.295000,2.601630,3.368295,0.993750,0.116280,0.115188,1.220000,0.147966,0.179340,1400,1400,1400,1400,2000,2000,2000,2000,600,71,68,84,76,61,0,0,1,0,0,0,100,0,70
1466088476,1.236250,0.131272,0.161916,1.295000,2.606836,3.374770,0.993750,0.116280,0.115188,1.220000,0.147966,0.179340,1400,1400,1400,1400,2000,2000,2000,2000,600,70,67,84,76,61,0,0,0,0,0,0,100,0,70
1466088477,1.236250,0.131760,0.161916,1.295000,2.608480,3.377360,0.993750,0.116432,0.115188,1.220000,0.148785,0.180560,1400,1400,1400,1400,2000,2000,2000,2000,600,70,68,84,76,61,0,0,0,0,0,0,100,0,70
1466088478,1.236250,0.130479,0.160680,1.295000,2.609028,3.378655,0.993750,0.116280,0.115188,1.220000,0.149695,0.181780,1400,1400,1400,1400,2000,2000,2000,2000,600,70,67,84,76,61,0,0,1,0,0,0,100,0,70
1466088479,1.236250,0.131516,0.161916,1.295000,2.597794,3.363115,0.993750,0.115976,0.114195,1.220000,0.147966,0.179340,1400,1400,1400,1400,2000,2000,2000,2000,600,70,67,84,76,61,0,0,0,0,0,0,100,0,70
1466088480,1.236250,0.130967,0.160680,1.296250,2.604096,3.374784,0.993750,0.116432,0.115188,1.220000,0.147966,0.179340,1400,1400,1400,1400,2000,2000,2000,2000,600,70,67,84,76,61,0,0,1,0,0,0,100,0,70
1466088481,1.236250,0.130235,0.160680,1.295000,2.595054,3.360525,0.993750,0.116280,0.115188,1.220000,0.149513,0.181780,1400,1400,1400,1400,2000,2000,2000,2000,600,70,67,84,76,61,0,0,0,0,0,0,100,0,70
1466088482,1.236250,0.131760,0.161916,1.295000,2.601356,3.368295,0.993750,0.116280,0.115188,1.220000,0.148239,0.180560,1400,1400,1400,1400,2000,2000,2000,2000,600,70,68,84,76,61,0,0,1,0,0,0,100,0,70
1466088483,1.236250,0.132248,0.163152,1.295000,2.600260,3.367000,0.993750,0.115976,0.114195,1.221250,0.148239,0.180708,1400,1400,1400,1400,2000,2000,2000,2000,600,70,67,84,76,61,0,0,0,0,0,0,100,0,70
1466088484,1.236250,0.134749,0.165624,1.296250,2.584368,3.348864,0.993750,0.116432,0.115188,1.220000,0.148239,0.180560,1400,1400,1400,1400,2000,2000,2000,2000,600,70,68,84,76,61,0,0,1,0,0,0,100,0,70
1466088485,1.236250,0.130723,0.160680,1.295000,2.596698,3.361820,0.993750,0.115976,0.114195,1.221250,0.149695,0.181929,1400,1400,1400,1400,2000,2000,2000,2000,600,70,67,84,76,61,0,0,0,0,0,0,100,0,70
1466088486,1.236250,0.131516,0.161916,1.296250,2.597246,3.365712,0.993750,0.116280,0.115188,1.221250,0.148512,0.180708,1400,1400,1400,1400,2000,2000,2000,2000,600,70,67,84,76,61,0,0,2,0,0,0,100,0,70
1466088487,1.236250,0.131516,0.161916,1.296250,2.601904,3.370896,0.993750,0.116280,0.115188,1.221250,0.147784,0.179487,1400,1400,1400,1400,2000,2000,2000,2000,600,70,67,84,76,61,0,0,0,0,0,0,100,0,70
1466088488,1.236250,0.130723,0.160680,1.295000,2.597794,3.363115,0.995000,0.115976,0.114425,1.220000,0.147966,0.179340,1400,1400,1400,1400,2000,2000,2000,2000,600,70,67,84,76,61,0,0,1,0,0,0,100,0,70
1466088489,1.236250,0.129503,0.159444,1.295000,2.595602,3.360525,0.993750,0.115976,0.114195,1.221250,0.149513,0.181929,1400,1400,1400,1400,2000,2000,2000,2000,600,70,67,84,76,61,0,0,0,0,0,0,100,0,70
1466088490,1.236250,0.130723,0.160680,1.296250,2.595876,3.363120,0.993750,0.116280,0.115188,1.221250,0.149240,0.181929,1400,1400,1400,1400,2000,2000,2000,2000,600,70,67,84,76,61,0,0,1,0,0,0,100,0,70
1466088491,1.236250,0.129747,0.159444,1.295000,2.594506,3.359230,0.993750,0.115976,0.114195,1.221250,0.147511,0.179487,1400,1400,1400,1400,2000,2000,2000,2000,600,70,67,84,76,61,0,0,0,0,0,0,100,0,70
1466088492,1.236250,0.132736,0.163152,1.295000,2.589300,3.352755,0.993750,0.115976,0.114195,1.221250,0.148239,0.180708,1400,1400,1400,1400,2000,2000,2000,2000,600,70,67,84,76,61,0,0,1,0,0,0,100,0,70
1466088493,1.236250,0.129503,0.159444,1.295000,2.599712,3.365705,0.993750,0.116280,0.115188,1.221250,0.149513,0.181929,1400,1400,1400,1400,2000,2000,2000,2000,600,70,67,84,76,61,0,0,0,0,0,0,100,0,70
1466088494,1.236250,0.130723,0.160680,1.295000,2.595054,3.360525,0.993750,0.115976,0.114195,1.221250,0.148239,0.180708,1400,1400,1400,1400,2000,2000,2000,2000,600,70,67,84,76,61,0,0,1,0,0,0,100,0,70
1466088495,1.236250,0.131272,0.161916,1.295000,2.604370,3.372180,0.993750,0.115976,0.114195,1.221250,0.148785,0.180708,1400,1400,1400,1400,2000,2000,2000,2000,600,70,67,84,76,61,0,0,0,0,0,0,100,0,70
1466088496,1.236250,0.130723,0.160680,1.295000,2.594232,3.359230,0.993750,0.115976,0.114195,1.220000,0.149240,0.181780,1400,1400,1400,1400,2000,2000,2000,2000,600,70,67,84,76,61,0,0,1,0,0,0,100,0,70
1466088497,1.236250,0.131760,0.161916,1.295000,2.604370,3.372180,0.993750,0.116432,0.115188,1.220000,0.149513,0.181780,1400,1400,1400,1400,2000,2000,2000,2000,600,70,67,84,76,61,0,0,0,0,0,0,100,0,70
1466088498,1.236250,0.134017,0.165624,1.295000,2.604918,3.372180,0.995000,0.116280,0.115420,1.221250,0.148239,0.180708,1400,1400,1400,1400,2000,2000,2000,2000,600,70,67,84,76,61,0,0,1,0,0,0,100,0,70
1466088499,1.235000,0.144265,0.177840,1.295000,2.604370,3.372180,0.993750,0.116432,0.115188,1.220000,0.148239,0.180560,1400,1400,1400,1400,2000,2000,2000,2000,600,70,67,84,76,61,0,0,0,0,0,0,100,0,70
1466088500,1.236250,0.129991,0.159444,1.295000,2.603274,3.370885,0.995000,0.116432,0.115420,1.220000,0.148967,0.180560,1400,1400,1400,1400,2000,2000,2000,2000,600,70,67,84,76,61,0,0,1,0,0,0,100,0,70
1466088501,1.236250,0.130235,0.160680,1.295000,2.605466,3.373475,0.995000,0.116280,0.115420,1.220000,0.147966,0.179340,1400,1400,1400,1400,2000,2000,2000,2000,600,70,67,84,76,61,0,0,0,0,0,0,100,0,70
1466088502,1.236250,0.130235,0.160680,1.295000,2.608480,3.377360,0.993750,0.116736,0.115188,1.221250,0.147511,0.179487,1400,1400,1400,1400,2000,2000,2000,2000,600,70,67,84,76,61,0,0,1,0,0,0,100,0,70
1466088503,1.236250,0.130235,0.160680,1.295000,2.605466,3.373475,0.995000,0.115976,0.114425,1.221250,0.148785,0.180708,1400,1400,1400,1400,2000,2000,2000,2000,600,70,67,84,76,61,0,0,0,0,0,0,100,0,70
1466088504,1.236250,0.131272,0.161916,1.295000,2.605740,3.373475,0.995000,0.116432,0.115420,1.220000,0.149968,0.181780,1400,1400,1400,1400,2000,2000,2000,2000,600,70,68,84,76,61,0,0,1,0,0,0,100,0,70
1466088505,1.236250,0.131760,0.161916,1.295000,2.605466,3.373475,0.995000,0.116280,0.115420,1.221250,0.147966,0.179487,1400,1400,1400,1400,2000,2000,2000,2000,600,70,67,84,76,61,0,0,0,0,0,0,100,0,70
1466088506,1.236250,0.130479,0.160680,1.295000,2.609576,3.378655,0.993750,0.116280,0.115188,1.221250,0.147784,0.179487,1400,1400,1400,1400,2000,2000,2000,2000,600,70,67,84,76,61,0,0,1,0,0,0,100,0,70
1466088507,1.236250,0.137006,0.169332,1.295000,2.603274,3.370885,0.995000,0.116432,0.115420,1.221250,0.149240,0.181929,1400,1400,1400,1400,2000,2000,2000,2000,600,70,67,84,76,61,0,0,0,0,0,0,100,0,70
1466088508,1.236250,0.132736,0.163152,1.295000,2.611768,3.381245,0.995000,0.116432,0.115420,1.220000,0.149240,0.181780,1400,1400,1400,1400,2000,2000,2000,2000,600,70,67,84,76,61,0,0,1,0,0,0,100,0,70
1466088509,1.236250,0.129991,0.159444,1.295000,2.602452,3.369590,0.993750,0.116280,0.115188,1.220000,0.147784,0.179340,1400,1400,1400,1400,2000,2000,2000,2000,600,70,67,84,76,61,0,0,0,0,0,0,100,0,70
1466088510,1.236250,0.130235,0.160680,1.295000,2.598890,3.364410,0.993750,0.116280,0.115188,1.221250,0.147784,0.179487,1400,1400,1400,1400,2000,2000,2000,2000,600,70,67,84,76,61,0,0,1,0,0,0,100,0,70
1466088511,1.236250,0.130723,0.160680,1.295000,2.597794,3.363115,0.993750,0.116432,0.115188,1.220000,0.148967,0.180560,1400,1400,1400,1400,2000,2000,2000,2000,600,70,67,84,76,61,0,0,0,0,0,0,100,0,70
1466088512,1.235000,0.138470,0.170430,1.295000,2.598068,3.364410,0.995000,0.115976,0.114425,1.221250,0.150696,0.183150,1400,1400,1400,1400,2000,2000,2000,2000,600,70,67,84,76,61,0,0,0,0,0,0,100,0,70
1466088513,1.236250,0.130723,0.160680,1.295000,2.601904,3.368295,0.993750,0.116280,0.115188,1.221250,0.147966,0.179487,1400,1400,1400,1400,2000,2000,2000,2000,600,70,67,84,76,61,0,0,0,0,0,0,100,0,70
1466088514,1.235000,0.138714,0.170430,1.295000,2.661362,3.445995,0.995000,0.115976,0.114425,1.220000,0.147966,0.179340,1400,1400,1400,1400,2000,2000,2000,2000,600,70,67,84,76,61,0,0,1,0,0,0,100,0,70
1466088515,1.236250,0.130967,0.160680,1.295000,2.596150,3.361820,0.995000,0.116432,0.115420,1.221250,0.148512,0.180708,1400,1400,1400,1400,2000,2000,2000,2000,600,70,67,84,76,61,0,0,0,0,0,0,100,0,70
1466088516,1.236250,0.130479,0.160680,1.295000,2.597520,3.363115,0.993750,0.116432,0.115188,1.220000,0.150241,0.183000,1400,1400,1400,1400,2000,2000,2000,2000,600,70,67,84,76,61,0,0,1,0,0,1,100,0,70
1466088517,1.236250,0.132004,0.163152,1.295000,2.590944,3.354050,0.995000,0.116280,0.115420,1.221250,0.147784,0.179487,1400,1400,1400,1400,2000,2000,2000,2000,600,70,67,84,76,61,0,0,0,0,0,0,100,0,70
1466088518,1.236250,0.130479,0.160680,1.295000,2.606836,3.374770,0.995000,0.116280,0.115420,1.220000,0.149968,0.181780,1400,1400,1400,1400,2000,2000,2000,2000,600,70,68,84,76,61,0,0,1,0,0,0,100,0,70
1466088519,1.236250,0.129503,0.159444,1.295000,2.611494,3.381245,0.993750,0.115976,0.114195,1.220000,0.148512,0.180560,1400,1400,1400,1400,2000,2000,2000,2000,600,70,68,84,76,61,0,0,0,0,0,0,100,0,70
1466088520,1.235000,0.135969,0.166725,1.295000,2.670130,3.457650,0.993750,0.116280,0.115188,1.220000,0.148512,0.180560,1400,1400,1400,1400,2000,2000,2000,2000,600,70,67,84,76,61,0,0,1,0,0,0,100,0,70
1466088521,1.236250,0.132248,0.163152,1.295000,2.604918,3.372180,0.993750,0.116432,0.115188,1.221250,0.148239,0.180708,1400,1400,1400,1400,2000,2000,2000,2000,600,70,68,84,76,61,0,0,0,0,0,0,100,0,70
1466088522,1.233750,0.150975,0.184950,1.295000,2.656430,3.439520,0.993750,0.115976,0.114195,1.220000,0.150514,0.183000,1400,1400,1400,1400,2000,2000,2000,2000,600,70,67,84,76,61,0,0,1,0,0,0,100,0,70
1466088523,1.236250,0.133224,0.164388,1.295000,2.610124,3.379950,0.993750,0.116280,0.115188,1.220000,0.148512,0.180560,1400,1400,1400,1400,2000,2000,2000,2000,600,70,67,84,76,61,0,0,0,0,0,0,100,0,70
1466088524,1.236250,0.139019,0.171804,1.295000,2.679720,3.469305,0.993750,0.116280,0.115188,1.220000,0.149240,0.181780,1400,1400,1400,1400,2000,2000,2000,2000,600,70,67,84,76,61,0,0,0,0,0,0,100,0,70
1466088525,1.236250,0.130479,0.160680,1.295000,2.604918,3.372180,0.993750,0.115976,0.114195,1.220000,0.148239,0.180560,1400,1400,1400,1400,2000,2000,2000,2000,600,70,67,84,76,61,0,0,0,0,0,0,100,0,70
1466088526,1.236250,0.129991,0.159444,1.295000,2.606014,3.374770,0.993750,0.116280,0.115188,1.220000,0.149513,0.181780,1400,1400,1400,1400,2000,2000,2000,2000,600,70,67,84,76,61,0,0,1,0,0,0,100,0,70
1466088527,1.236250,0.130235,0.160680,1.295000,2.607932,3.376065,0.993750,0.116280,0.115188,1.220000,0.148785,0.180560,1400,1400,1400,1400,2000,2000,2000,2000,600,70,67,84,76,61,0,0,0,0,0,0,100,0,70
1466088528,1.235000,0.135725,0.166725,1.295000,2.655334,3.438225,0.993750,0.116280,0.115188,1.220000,0.149240,0.181780,1400,1400,1400,1400,2000,2000,2000,2000,600,70,67,84,76,61,0,0,1,1,0,0,100,0,70
1466088529,1.236250,0.130967,0.160680,1.295000,2.605466,3.373475,0.993750,0.116280,0.115188,1.220000,0.148785,0.180560,1400,1400,1400,1400,2000,2000,2000,2000,600,70,67,84,76,61,0,0,0,0,0,0,100,0,70
1466088530,1.236250,0.144753,0.177984,1.295000,2.659718,3.443405,0.993750,0.116280,0.115188,1.220000,0.151242,0.184220,1400,1400,1400,1400,2000,2000,2000,2000,600,70,67,84,76,61,0,0,1,0,0,0,100,0,70
1466088531,1.236250,0.131272,0.161916,1.295000,2.600808,3.367000,0.993750,0.116280,0.115188,1.220000,0.147966,0.179340,1400,1400,1400,1400,2000,2000,2000,2000,600,70,67,84,76,61,0,0,0,0,0,0,100,0,70
1466088532,1.235000,0.138470,0.170430,1.295000,2.659992,3.443405,0.993750,0.116280,0.115188,1.220000,0.147966,0.179340,1400,1400,1400,1400,2000,2000,2000,2000,600,70,67,84,76,61,0,0,1,0,0,0,100,0,70
1466088533,1.236250,0.131516,0.161916,1.295000,2.599438,3.365705,0.993750,0.116280,0.115188,1.220000,0.148967,0.180560,1400,1400,1400,1400,2000,2000,2000,2000,600,70,67,84,76,61,0,0,0,0,0,0,100,0,70
1466088534,1.235000,0.136518,0.167960,1.295000,2.655060,3.438225,0.993750,0.115976,0.114195,1.220000,0.150514,0.183000,1400,1400,1400,1400,2000,2000,2000,2000,600,70,67,84,76,61,0,0,0,0,0,0,100,0,70
1466088535,1.236250,0.130479,0.160680,1.295000,2.601082,3.368295,0.993750,0.116280,0.115188,1.221250,0.148239,0.180708,1400,1400,1400,1400,2000,2000,2000,2000,600,70,67,84,76,61,0,0,0,0,0,0,100,0,70
1466088536,1.236250,0.138714,0.170568,1.296250,2.667938,3.456432,0.993750,0.116280,0.115188,1.220000,0.148967,0.180560,1400,1400,1400,1400,2000,2000,2000,2000,600,70,67,84,76,61,0,0,0,0,0,0,100,0,70
1466088537,1.236250,0.130967,0.160680,1.295000,2.597794,3.363115,0.993750,0.115976,0.114195,1.221250,0.148239,0.180708,1400,1400,1400,1400,2000,2000,2000,2000,600,70,67,84,76,61,0,0,0,0,0,0,100,0,70
1466088538,1.236250,0.131760,0.161916,1.296250,2.596698,3.364416,0.993750,0.116280,0.115188,1.221250,0.149513,0.181929,1400,1400,1400,1400,2000,2000,2000,2000,600,70,67,84,76,61,0,0,1,0,0,0,100,0,70
1466088539,1.236250,0.131516,0.161916,1.295000,2.595328,3.360525,0.993750,0.116280,0.115188,1.220000,0.147966,0.179340,1400,1400,1400,1400,2000,2000,2000,2000,600,70,68,84,76,61,0,0,0,0,0,0,100,0,70
1466088540,1.235000,0.137494,0.169195,1.295000,2.655608,3.438225,0.993750,0.115976,0.114195,1.220000,0.149240,0.181780,1400,1400,1400,1400,2000,2000,2000,2000,600,70,67,84,76,61,0,0,1,0,0,0,100,0,70
1466088541,1.236250,0.130235,0.160680,1.295000,2.602452,3.369590,0.993750,0.116280,0.115188,1.220000,0.149695,0.181780,1400,1400,1400,1400,2000,2000,2000,2000,600,70,67,84,76,61,0,0,0,0,0,0,100,0,70
1466088542,1.236250,0.129747,0.159444,1.295000,2.597520,3.363115,0.993750,0.115976,0.114195,1.220000,0.149513,0.181780,1400,1400,1400,1400,2000,2000,2000,2000,600,70,67,84,76,61,0,0,1,0,0,0,100,0,70
1466088543,1.236250,0.131516,0.161916,1.295000,2.596424,3.361820,0.993750,0.116280,0.115188,1.220000,0.147966,0.179340,1400,1400,1400,1400,2000,2000,2000,2000,600,70,67,84,76,61,0,0,0,0,0,0,100,0,70
1466088544,1.236250,0.130967,0.160680,1.295000,2.593410,3.357935,0.993750,0.116432,0.115188,1.220000,0.147966,0.179340,1400,1400,1400,1400,2000,2000,2000,2000,600,70,67,84,76,61,0,0,2,0,0,0,100,0,70
1466088545,1.235000,0.142740,0.175370,1.295000,2.597246,3.363115,0.995000,0.116432,0.115420,1.220000,0.149513,0.181780,1400,1400,1400,1400,2000,2000,2000,2000,600,70,67,84,76,61,0,0,0,0,0,0,100,0,70
1466088546,1.235000,0.138470,0.170430,1.296250,2.679994,3.471984,0.995000,0.116280,0.115420,1.220000,0.149513,0.181780,1400,1400,1400,1400,2000,2000,2000,2000,600,70,67,84,76,61,0,0,1,0,0,0,100,0,70
1466088547,1.236250,0.131760,0.161916,1.295000,2.605466,3.373475,0.993750,0.116280,0.115188,1.220000,0.147784,0.179340,1400,1400,1400,1400,2000,2000,2000,2000,600,70,67,84,76,61,0,0,0,0,0,0,100,0,70
1466088548,1.236250,0.130967,0.160680,1.296250,2.607110,3.378672,0.993750,0.116280,0.115188,1.220000,0.149513,0.181780,1400,1400,1400,1400,2000,2000,2000,2000,600,70,67,84,76,61,0,0,1,0,1,0,100,0,70
1466088549,1.236250,0.132248,0.163152,1.295000,2.604096,3.372180,0.993750,0.116280,0.115188,1.220000,0.149513,0.181780,1400,1400,1400,1400,2000,2000,2000,2000,600,70,67,84,76,61,0,0,0,0,0,0,100,0,70
1466088550,1.236250,0.131760,0.161916,1.295000,2.606014,3.374770,0.995000,0.116280,0.115420,1.220000,0.147784,0.179340,1400,1400,1400,1400,2000,2000,2000,2000,600,70,67,84,76,61,0,0,0,0,0,0,100,0,70
1466088551,1.236250,0.130235,0.160680,1.295000,2.609576,3.378655,0.993750,0.116280,0.115188,1.220000,0.147966,0.179340,1400,1400,1400,1400,2000,2000,2000,2000,600,70,67,84,76,61,0,0,0,0,0,0,100,0,70
1466088552,1.236250,0.130967,0.160680,1.295000,2.604370,3.372180,0.993750,0.116280,0.115188,1.220000,0.148967,0.180560,1400,1400,1400,1400,2000,2000,2000,2000,600,70,68,84,76,61,0,0,0,0,0,0,100,0,70
1466088553,1.236250,0.132980,0.163152,1.296250,2.608480,3.379968,0.995000,0.116280,0.115420,1.220000,0.149695,0.181780,1400,1400,1400,1400,2000,2000,2000,2000,600,70,67,84,76,61,0,0,0,0,0,0,100,0,70
1466088554,1.236250,0.131272,0.161916,1.296250,2.607110,3.378672,0.995000,0.116432,0.115420,1.220000,0.147784,0.179340,1400,1400,1400,1400,2000,2000,2000,2000,600,70,68,84,76,61,0,0,1,0,0,0,100,0,70
1466088555,1.236250,0.131760,0.161916,1.296250,2.610946,3.382560,0.995000,0.116432,0.115420,1.220000,0.147966,0.179340,1400,1400,1400,1400,2000,2000,2000,2000,600,70,67,84,76,61,0,0,0,0,0,0,100,0,70
1466088556,1.236250,0.129991,0.159444,1.286250,0.980372,1.260280,0.993750,0.115216,0.114195,1.216250,0.016289,0.019456,1400,1400,1400,1400,2000,2000,2000,2000,600,67,63,70,67,60,0,0,1,0,0,0,25,0,70
1466088557,1.237500,0.119499,0.147203,1.286250,0.918722,1.180548,0.993750,0.112176,0.111216,1.216250,0.015015,0.018240,1400,1400,1400,1400,2000,2000,2000,2000,600,64,60,66,63,58,0,0,0,0,0,0,0,0,70
1466088558,1.237500,0.118218,0.145966,1.286250,0.887486,1.140682,0.993750,0.108680,0.107244,1.216250,0.015470,0.018240,1400,1400,1400,1400,2000,2000,2000,2000,600,63,58,64,62,56,0,0,0,0,0,0,0,0,70
1466088559,1.237500,0.114741,0.141018,1.285000,0.870224,1.117950,0.993750,0.106552,0.105258,1.216250,0.014742,0.017024,1400,1400,1400,1400,2000,2000,2000,2000,600,61,57,63,60,55,0,0,0,0,0,0,0,0,70
1466088560,1.237500,0.111264,0.137307,1.285000,0.859264,1.103815,0.993750,0.104424,0.103272,1.216250,0.015015,0.018240,1400,1400,1400,1400,2000,2000,2000,2000,600,61,56,62,60,55,0,0,1,0,0,0,0,0,70
1466088561,1.237500,0.111264,0.137307,1.285000,0.852414,1.094820,0.993750,0.103512,0.102279,1.216250,0.014742,0.017024,1400,1400,1400,1400,2000,2000,2000,2000,600,60,56,