Timestamp,A7_Volt,A7_Amp,A7_Watt,A15_Volt,A15_Amp,A15_Watt,GPU_Volt,GPU_Amp,GPU_Watt,Mem_Volt,Mem_Amp,Mem_Watt,CPU0_Freq,CPU1_Freq,CPU2_Freq,CPU3_Freq,CPU4_Freq,CPU5_Freq,CPU6_Freq,CPU7_Freq,GPU_Freq,CPU4_Temp,CPU5_Temp,CPU6_Temp,CPU7_Temp,GPU_Temp,CPU0_USG,CPU1_USG,CPU2_USG,CPU3_USG,CPU4_USG,CPU5_USG,CPU6_USG,CPU7_USG,Fan_Speed_%
1466088967,1.237500,0.116510,0.143492,1.285000,0.888856,1.141080,0.993750,0.111264,0.110223,1.216250,0.015470,0.018240,1400,1400,1400,1400,2000,2000,2000,2000,600,63,59,65,62,57,6,6,6,6,26,22,16,16,0
1466088968,1.237500,0.116998,0.143492,1.285000,0.896254,1.151360,0.993750,0.110808,0.109230,1.216250,0.015470,0.018240,1400,1400,1400,1400,2000,2000,2000,2000,600,63,59,64,62,57,0,0,0,0,0,0,0,0,0
1466088969,1.237500,0.116022,0.143492,1.285000,0.883650,1.134655,0.993750,0.110048,0.109230,1.216250,0.015288,0.018240,1400,1400,1400,1400,2000,2000,2000,2000,600,63,59,64,62,57,0,0,0,0,0,0,0,0,0
1466088970,1.237500,0.115717,0.142255,1.285000,0.882280,1.133370,0.993750,0.109744,0.108237,1.216250,0.015743,0.018240,1400,1400,1400,1400,2000,2000,2000,2000,600,63,58,64,61,57,0,1,0,0,0,0,0,0,0
1466088971,1.237500,0.116266,0.143492,1.285000,0.880088,1.130800,0.993750,0.109440,0.108237,1.216250,0.015470,0.018240,1400,1400,1400,1400,2000,2000,2000,2000,600,63,58,64,61,57,0,0,0,0,0,0,0,0,0
1466088972,1.237500,0.114985,0.141018,1.285000,0.877896,1.126945,0.993750,0.108984,0.107244,1.216250,0.015743,0.018240,1400,1400,1400,1400,2000,2000,2000,2000,600,62,58,64,61,57,0,0,0,0,0,0,0,0,0
1466088973,1.237500,0.114497,0.141018,1.285000,0.877074,1.126945,0.993750,0.108680,0.107244,1.216250,0.015743,0.018240,1400,1400,1400,1400,2000,2000,2000,2000,600,62,58,63,61,56,0,0,0,0,0,0,0,0,0
1466088974,1.237500,0.115229,0.142255,1.285000,0.875704,1.124375,0.993750,0.108528,0.107244,1.216250,0.015470,0.018240,1400,1400,1400,1400,2000,2000,2000,2000,600,62,58,63,61,56,0,1,0,0,0,0,0,0,0
1466088975,1.237500,0.114009,0.141018,1.285000,0.874608,1.123090,0.993750,0.108528,0.107244,1.216250,0.015743,0.018240,1400,1400,1400,1400,2000,2000,2000,2000,600,62,58,63,61,56,0,0,0,0,0,0,0,0,0
1466088976,1.237500,0.114497,0.141018,1.285000,0.874334,1.123090,0.993750,0.107920,0.106251,1.216250,0.015470,0.018240,1400,1400,1400,1400,2000,2000,2000,2000,600,67,61,67,64,56,0,1,0,0,2,2,1,1,0
1466088977,1.213750,0.718702,0.870934,1.307500,4.899120,6.402993,0.995000,0.113696,0.112435,1.223750,0.159250,0.194457,1400,1400,1400,1400,2000,2000,2000,2000,600,87,77,90,88,65,56,59,55,52,71,80,77,71,0
1466088978,1.235000,0.158478,0.195130,1.238750,5.040230,6.239520,0.995000,0.130416,0.129350,1.222500,0.171444,0.208962,1400,1400,1400,1400,2000,2000,2000,2000,600,88,81,93,92,69,56,57,58,58,100,99,100,100,90
1466088979,1.226250,0.267729,0.327342,1.238750,4.705676,5.824790,0.995000,0.134520,0.133330,1.211250,0.307762,0.371777,1400,1400,1400,1400,2000,2000,2000,2000,600,90,82,94,94,71,31,25,20,14,79,83,78,75,90
1466088980,1.226250,0.270718,0.331020,1.205000,4.557442,5.491185,0.995000,0.141208,0.140295,1.213750,0.311766,0.377243,1400,1400,1400,1400,2000,2000,2000,2000,600,88,81,92,93,72,29,31,35,23,93,96,96,93,90
1466088981,1.221250,0.282003,0.344322,1.171250,4.297964,5.031787,0.995000,0.144704,0.143280,1.213750,0.303758,0.367539,1400,1400,1400,1400,2000,2000,2000,2000,600,90,83,95,94,73,27,40,29,29,93,95,96,97,90
1466088982,1.223750,0.277733,0.338771,1.137500,3.966972,4.509342,0.995000,0.147440,0.146265,1.211250,0.286741,0.346346,1400,1400,1400,1400,2000,2000,2000,2000,600,89,82,93,93,73,31,37,34,31,94,95,94,96,90
1466088983,1.225000,0.280966,0.343000,1.163750,4.045062,4.704335,0.995000,0.149264,0.148255,1.212500,0.299208,0.362388,1400,1400,1400,1400,900,900,900,900,600,88,82,93,93,74,43,33,25,21,96,96,95,96,90
1466088984,1.223750,0.290726,0.354670,1.183750,4.223984,4.995809,0.995000,0.149720,0.148255,1.213750,0.303212,0.367539,1400,1400,1400,1400,2000,2000,2000,2000,600,90,83,94,93,74,34,28,34,29,95,94,94,96,90
1466088985,1.222500,0.276208,0.337272,1.138750,3.659544,4.163942,0.995000,0.150784,0.149250,1.215000,0.297206,0.360855,1400,1400,1400,1400,2000,2000,2000,2000,600,90,83,94,94,74,36,33,30,27,98,98,96,95,90
1466088986,1.221250,0.288713,0.351648,1.195000,4.193296,5.010635,0.995000,0.151240,0.150245,1.213750,0.298753,0.361474,1400,1400,1400,1400,2000,2000,2000,2000,600,90,82,94,92,74,40,25,46,23,94,91,93,91,90
1466088987,1.222500,0.279990,0.340938,1.146250,4.065064,4.658490,0.995000,0.151696,0.150245,1.215000,0.298207,0.362070,1400,1400,1400,1400,2000,2000,2000,2000,600,92,84,95,95,74,37,39,27,20,95,96,97,96,90
1466088988,1.223750,0.261995,0.319203,1.163750,3.981220,4.629903,0.995000,0.152304,0.151240,1.215000,0.292474,0.354780,1400,1400,1400,1400,2000,2000,2000,2000,600,88,82,92,92,75,27,44,22,31,93,94,92,95,90
1466088989,1.222500,0.263764,0.321386,1.166250,4.068900,4.743288,0.995000,0.152760,0.151240,1.213750,0.285740,0.345705,1400,1400,1400,1400,2000,2000,2000,2000,600,90,83,94,93,74,36,32,28,27,93,93,93,92,90
1466088990,1.222500,0.272731,0.332384,1.120000,4.047254,4.532640,0.995000,0.153216,0.152235,1.216250,0.296478,0.359936,1400,1400,1400,1400,2000,2000,2000,2000,600,90,83,94,93,75,35,43,30,32,94,95,97,96,90
1466088991,1.223750,0.253516,0.309419,1.103750,3.779556,4.168237,0.995000,0.152912,0.151240,1.213750,0.291200,0.352983,1400,1400,1400,1400,900,900,900,900,600,90,83,95,95,75,34,37,21,34,94,91,97,92,90
1466088992,1.222500,0.280478,0.342160,1.136250,3.774624,4.287264,0.995000,0.152760,0.151240,1.213750,0.303212,0.367539,1400,1400,1400,1400,2000,2000,2000,2000,600,90,82,94,93,75,35,43,30,22,96,93,98,97,90
1466088993,1.222500,0.296704,0.361712,1.178750,4.202612,4.949956,0.995000,0.153216,0.152235,1.216250,0.310219,0.376960,1400,1400,1400,1400,2000,2000,2000,2000,600,91,83,95,94,75,34,36,37,26,96,94,95,98,90
1466088994,1.223750,0.297253,0.363231,1.146250,3.862578,4.425852,0.995000,0.153520,0.152235,1.215000,0.292201,0.354780,1400,1400,1400,1400,900,900,900,900,600,89,82,93,93,75,31,40,35,32,96,94,97,98,90
1466088995,1.226250,0.270962,0.331020,1.152500,3.812162,4.391424,0.995000,0.153520,0.152235,1.216250,0.291018,0.353856,1400,1400,1400,1400,900,900,900,900,600,90,84,95,95,75,30,33,34,30,95,95,93,95,90
1466088996,1.222500,0.289750,0.353158,1.123750,3.644748,4.092212,0.995000,0.153672,0.152235,1.213750,0.304213,0.368752,1400,1400,1400,1400,2000,2000,2000,2000,600,89,83,93,93,75,38,40,24,35,94,96,93,97,90
1466088997,1.222500,0.268766,0.327496,1.101250,3.916008,4.311516,0.995000,0.153976,0.152235,1.216250,0.310219,0.376960,1400,1400,1400,1400,2000,2000,2000,2000,600,91,84,95,94,75,37,40,28,25,96,96,93,96,90
1466088998,1.225000,0.272975,0.333200,1.161250,3.718454,4.316598,0.995000,0.153216,0.152235,1.216250,0.290472,0.352640,1400,1400,1400,1400,2000,2000,2000,2000,600,90,83,94,93,75,31,34,28,29,95,97,98,97,90
1466088999,1.222500,0.275232,0.336050,1.126250,3.558438,4.006308,0.995000,0.154280,0.153230,1.212500,0.292201,0.353904,1400,1400,1400,1400,900,900,900,900,600,90,83,94,94,75,22,38,41,31,95,95,95,94,90
1466089000,1.226250,0.277001,0.339602,1.131250,3.839014,4.341909,0.995000,0.153976,0.152235,1.213750,0.283192,0.343279,1400,1400,1400,1400,900,900,900,900,600,92,84,96,96,75,25,39,36,30,95,94,98,96,90
1466089001,1.222500,0.260470,0.317720,1.097500,3.655434,4.009535,0.995000,0.153976,0.152235,1.215000,0.305487,0.370575,1400,1400,1400,1400,900,900,900,900,600,89,83,93,93,75,28,32,37,34,95,96,97,95,90
1466089002,1.225000,0.271511,0.331975,1.138750,3.841480,4.371058,0.995000,0.154280,0.153230,1.213750,0.293020,0.355409,1400,1400,1400,1400,2000,2000,2000,2000,600,91,84,95,94,75,34,33,32,24,96,96,99,98,90
1466089003,1.225000,0.270718,0.330750,1.115000,3.880388,4.326200,0.995000,0.154280,0.153230,1.216250,0.302757,0.367232,1400,1400,1400,1400,900,900,900,900,600,89,83,93,93,75,36,45,31,24,93,92,94,95,90
1466089004,1.226250,0.274988,0.335924,1.161250,3.920392,4.551120,0.995000,0.154280,0.153230,1.216250,0.302484,0.367232,1400,1400,1400,1400,2000,2000,2000,2000,600,88,82,93,92,75,41,34,33,24,95,96,96,94,90
1466089005,1.223750,0.273707,0.333879,1.131250,3.655434,4.133805,0.995000,0.154736,0.153230,1.217500,0.311948,0.378487,1400,1400,1400,1400,900,900,900,900,600,89,83,93,93,75,34,39,27,23,96,94,95,95,90
1466089006,1.220000,0.288957,0.351360,1.133750,3.636802,4.119588,0.995000,0.154280,0.153230,1.212500,0.309764,0.374508,1400,1400,1400,1400,2000,2000,2000,2000,600,91,84,95,94,75,15,44,45,35,94,87,98,95,90
1466089007,1.221250,0.270474,0.329670,1.106250,3.738456,4.134228,0.995000,0.154432,0.153230,1.216250,0.285012,0.346560,1400,1400,1400,1400,900,900,900,900,600,88,82,93,93,75,33,36,26,28,94,90,96,95,90
1466089008,1.223750,0.283955,0.346109,1.106250,3.711878,4.104366,0.995000,0.154280,0.153230,1.215000,0.286741,0.347490,1400,1400,1400,1400,2000,2000,2000,2000,600,90,83,94,93,75,40,32,28,25,96,97,100,98,90
1466089009,1.223750,0.259006,0.316757,1.115000,3.665298,4.086475,0.995000,0.154280,0.153230,1.215000,0.300937,0.364500,1400,1400,1400,1400,2000,2000,2000,2000,600,91,84,95,94,75,29,31,27,31,95,95,96,97,90
1466089010,1.226250,0.258762,0.316308,1.115000,3.889430,4.336235,0.995000,0.153976,0.152235,1.213750,0.293748,0.355409,1400,1400,1400,1400,2000,2000,2000,2000,600,89,82,93,93,75,30,37,32,29,98,97,98,99,90
1466089011,1.221250,0.279502,0.340659,1.121250,4.171376,4.675691,0.995000,0.154280,0.153230,1.217500,0.294476,0.357798,1400,1400,1400,1400,2000,2000,2000,2000,600,89,82,93,92,75,35,35,24,29,98,94,97,98,90
1466089012,1.223750,0.271999,0.331433,1.115000,3.928612,4.379720,0.995000,0.154736,0.153230,1.217500,0.294749,0.357798,1400,1400,1400,1400,2000,2000,2000,2000,600,89,82,93,92,75,32,30,32,25,95,98,96,95,90
1466089013,1.223750,0.270962,0.330210,1.140000,3.836548,4.373040,0.995000,0.154280,0.153230,1.215000,0.298025,0.362070,1400,1400,1400,1400,2000,2000,2000,2000,600,91,84,94,94,75,34,36,36,30,95,96,99,98,90
1466089014,1.225000,0.252723,0.308700,1.140000,3.932722,4.482480,0.995000,0.153976,0.152235,1.213750,0.267267,0.323871,1400,1400,1400,1400,2000,2000,2000,2000,600,90,83,94,94,75,36,32,34,29,96,96,98,96,90
1466089015,1.225000,0.278221,0.340550,1.132500,3.838192,4.344616,0.995000,0.154736,0.153230,1.211250,0.295477,0.357245,1400,1400,1400,1400,900,900,900,900,600,89,83,94,94,75,29,41,32,28,95,95,96,95,90
1466089016,1.223750,0.274988,0.335102,1.150000,3.811614,4.382650,0.995000,0.155040,0.154225,1.215000,0.299481,0.363285,1400,1400,1400,1400,900,900,900,900,600,89,83,94,93,75,33,36,23,35,97,96,96,93,90
1466089017,1.223750,0.271206,0.331433,1.116250,3.467744,3.869172,0.995000,0.154736,0.153230,1.212500,0.287742,0.347844,1400,1400,1400,1400,900,900,900,900,600,89,83,93,93,75,44,35,28,32,95,93,95,97,90
1466089018,1.225000,0.268217,0.328300,1.121250,3.631048,4.070351,0.995000,0.154432,0.153230,1.215000,0.287469,0.348705,1400,1400,1400,1400,900,900,900,900,600,90,83,94,94,75,32,34,26,30,97,96,99,96,90
1466089019,1.223750,0.265472,0.324095,1.167500,3.925324,4.580475,0.995000,0.154736,0.153230,1.217500,0.286013,0.348062,1400,1400,1400,1400,2000,2000,2000,2000,600,91,84,94,94,75,40,37,26,27,95,96,94,97,90
1466089020,1.223750,0.282979,0.344886,1.161250,3.994098,4.637034,0.995000,0.154736,0.153230,1.215000,0.295204,0.358425,1400,1400,1400,1400,2000,2000,2000,2000,600,92,84,95,94,75,41,24,48,24,95,94,93,94,90
1466089021,1.222500,0.270718,0.329940,1.161250,4.326460,5.022486,0.995000,0.154736,0.153230,1.212500,0.304486,0.368448,1400,1400,1400,1400,2000,2000,2000,2000,600,91,84,94,94,75,43,46,22,31,94,92,91,93,90
1466089022,1.225000,0.267973,0.327075,1.147500,3.745032,4.295515,0.995000,0.154736,0.153230,1.212500,0.285012,0.345420,1400,1400,1400,1400,2000,2000,2000,2000,600,91,84,95,94,75,37,37,35,23,93,94,98,97,90
1466089023,1.225000,0.275476,0.336875,1.126250,4.138770,4.659388,0.995000,0.154736,0.153230,1.213750,0.293202,0.355409,1400,1400,1400,1400,900,900,900,900,600,90,83,94,94,75,28,29,41,27,96,94,94,95,90
1466089024,1.222500,0.281210,0.343382,1.172500,3.946422,4.624712,0.995000,0.154736,0.153230,1.215000,0.300482,0.364500,1400,1400,1400,1400,900,900,900,900,600,89,83,94,94,75,34,30,45,30,92,94,98,93,90
1466089025,1.225000,0.281759,0.344225,1.127500,4.111370,4.633097,0.995000,0.154736,0.153230,1.212500,0.294749,0.356328,1400,1400,1400,1400,2000,2000,2000,2000,600,89,83,93,93,75,35,35,35,31,95,95,97,97,90
1466089026,1.223750,0.262239,0.320426,1.126250,3.879566,4.367754,0.995000,0.154736,0.153230,1.212500,0.295750,0.357540,1400,1400,1400,1400,2000,2000,2000,2000,600,92,84,95,95,75,34,39,32,30,98,96,94,96,90
1466089027,1.225000,0.290482,0.355250,1.107500,3.872442,4.286304,0.995000,0.155040,0.154225,1.215000,0.293475,0.355995,1400,1400,1400,1400,2000,2000,2000,2000,600,90,83,93,93,75,28,36,43,29,95,93,97,93,90
1466089028,1.226250,0.246013,0.301596,1.150000,3.901486,4.486150,0.995000,0.154432,0.153230,1.213750,0.275730,0.333575,1400,1400,1400,1400,900,900,900,900,600,91,84,96,95,75,32,32,34,25,96,97,98,97,90
1466089029,1.223750,0.289506,0.353447,1.160000,3.819834,4.430040,0.995000,0.154432,0.153230,1.213750,0.301483,0.365113,1400,1400,1400,1400,2000,2000,2000,2000,600,90,84,94,94,75,27,50,20,33,94,93,97,97,90
1466089030,1.227500,0.251747,0.307977,1.110000,3.959026,4.394490,0.995000,0.154432,0.153230,1.216250,0.299936,0.363584,1400,1400,1400,1400,900,900,900,900,600,89,83,93,94,75,21,31,39,36,98,97,97,92,90
1466089031,1.226250,0.264008,0.323664,1.112500,3.576796,3.976512,0.995000,0.154736,0.153230,1.216250,0.314223,0.381824,1400,1400,1400,1400,900,900,900,900,600,89,82,93,93,75,30,35,35,31,98,93,98,98,90
1466089032,1.225000,0.261507,0.319725,1.122500,3.811614,4.275942,0.995000,0.154736,0.153230,1.217500,0.273728,0.332241,1400,1400,1400,1400,2000,2000,2000,2000,600,91,84,95,94,75,33,30,32,28,97,97,98,96,90
1466089033,1.221250,0.280722,0.341880,1.118750,3.380886,3.778840,0.995000,0.154736,0.153230,1.213750,0.298480,0.361474,1400,1400,1400,1400,900,900,900,900,600,90,84,95,95,75,29,39,39,29,96,91,92,89,90
1466089034,1.222500,0.284260,0.347048,1.143750,3.711330,4.241673,0.995000,0.154432,0.153230,1.215000,0.280007,0.340200,1400,1400,1400,1400,900,900,900,900,600,89,83,93,93,75,28,30,37,25,93,97,98,96,90
1466089035,1.222500,0.266265,0.325052,1.173750,4.277962,5.016921,0.995000,0.155040,0.154225,1.216250,0.299481,0.363584,1400,1400,1400,1400,2000,2000,2000,2000,600,91,84,95,94,75,30,34,44,32,97,94,94,95,90
1466089036,1.226250,0.257481,0.315082,1.113750,3.745306,4.168185,0.995000,0.154432,0.153230,1.215000,0.291473,0.353565,1400,1400,1400,1400,2000,2000,2000,2000,600,88,82,93,92,75,29,36,32,26,93,93,94,95,90
1466089037,1.226250,0.253211,0.310178,1.111250,3.951628,4.389561,0.995000,0.154736,0.153230,1.215000,0.291018,0.353565,1400,1400,1400,1400,2000,2000,2000,2000,600,92,84,95,95,75,27,41,35,25,96,97,99,97,90
1466089038,1.227500,0.258213,0.316566,1.126250,3.456510,3.891456,0.995000,0.154736,0.153230,1.216250,0.283192,0.344128,1400,1400,1400,1400,900,900,900,900,600,88,82,93,92,75,27,31,34,32,95,94,95,95,90
1466089039,1.223750,0.256261,0.313088,1.161250,4.147812,4.814667,0.993750,0.154432,0.152922,1.215000,0.306488,0.371790,1400,1400,1400,1400,900,900,900,900,600,90,83,94,94,75,38,36,22,41,96,94,92,98,90
1466089040,1.223750,0.265472,0.324095,1.151250,3.739552,4.303589,0.995000,0.155040,0.154225,1.217500,0.298025,0.362666,1400,1400,1400,1400,900,900,900,900,600,89,82,93,93,75,30,41,34,25,95,94,96,96,90
1466089041,1.225000,0.269010,0.329525,1.115000,3.879566,4.325085,0.993750,0.154736,0.152922,1.215000,0.303485,0.368145,1400,1400,1400,1400,900,900,900,900,600,89,83,93,94,75,32,36,32,25,98,97,100,97,90
1466089042,1.223750,0.270962,0.330210,1.127500,3.583098,4.038041,0.995000,0.154736,0.153230,1.217500,0.300755,0.365100,1400,1400,1400,1400,2000,2000,2000,2000,600,88,82,93,92,75,35,36,35,31,96,95,95,95,90
1466089043,1.221250,0.271755,0.330891,1.185000,4.102876,4.860870,0.993750,0.155040,0.153915,1.212500,0.290745,0.351480,1400,1400,1400,1400,900,900,900,900,600,90,84,95,95,75,28,36,35,28,95,96,91,92,90
1466089044,1.226250,0.258457,0.316308,1.127500,3.559260,4.010993,0.993750,0.154432,0.152922,1.216250,0.297024,0.361152,1400,1400,1400,1400,2000,2000,2000,2000,600,89,83,94,93,75,26,31,34,31,96,95,98,98,90
1466089045,1.221250,0.277245,0.338217,1.172500,4.009168,4.698548,0.995000,0.155040,0.154225,1.213750,0.310219,0.376030,1400,1400,1400,1400,2000,2000,2000,2000,600,91,84,95,94,75,35,34,36,19,96,92,92,97,90
1466089046,1.222500,0.271206,0.331162,1.127500,3.983686,4.488841,0.995000,0.154736,0.153230,1.211250,0.308945,0.372988,1400,1400,1400,1400,900,900,900,900,600,89,83,93,93,75,41,31,38,37,95,94,98,94,90
1466089047,1.226250,0.260226,0.318760,1.145000,3.948340,4.520460,0.993750,0.154736,0.152922,1.212500,0.279006,0.338148,1400,1400,1400,1400,2000,2000,2000,2000,600,88,82,92,92,75,30,33,32,31,98,97,97,97,90
1466089048,1.223750,0.288713,0.352224,1.128750,3.800380,4.286400,0.993750,0.154736,0.152922,1.213750,0.296023,0.359048,1400,1400,1400,1400,900,900,900,900,600,90,83,94,95,75,34,36,37,27,97,95,97,93,90
1466089049,1.227500,0.259982,0.317793,1.145000,3.839014,4.395655,0.993750,0.155040,0.153915,1.215000,0.300937,0.364500,1400,1400,1400,1400,2000,2000,2000,2000,600,89,82,92,93,75,34,35,25,26,97,94,93,95,90
1466089050,1.221250,0.278465,0.339438,1.140000,3.931900,4.481340,0.993750,0.154736,0.152922,1.215000,0.293748,0.355995,1400,1400,1400,1400,2000,2000,2000,2000,600,89,82,93,92,75,35,53,27,28,93,94,91,97,90
1466089051,1.226250,0.256505,0.313856,1.175000,4.244808,4.986700,0.993750,0.154736,0.152922,1.215000,0.291746,0.353565,1400,1400,1400,1400,900,900,900,900,600,93,85,97,95,75,30,25,29,29,96,96,98,96,90
1466089052,1.226250,0.265716,0.324890,1.145000,3.761472,4.306345,0.993750,0.155040,0.153915,1.217500,0.291200,0.354147,1400,1400,1400,1400,900,900,900,900,600,89,82,93,93,75,34,35,38,32,95,96,96,96,90
1466089053,1.223750,0.277733,0.338771,1.163750,4.049446,4.708987,0.993750,0.154432,0.152922,1.211250,0.297206,0.359667,1400,1400,1400,1400,2000,2000,2000,2000,600,91,84,94,94,75,25,52,32,23,96,96,97,95,90
1466089054,1.221250,0.272487,0.332112,1.103750,3.568850,3.935504,0.993750,0.154432,0.152922,1.215000,0.296023,0.359640,1400,1400,1400,1400,900,900,900,900,600,89,83,93,93,75,25,32,45,28,91,92,97,94,90
1466089055,1.223750,0.270474,0.330210,1.117500,3.793804,4.236781,0.995000,0.154736,0.153230,1.217500,0.287196,0.349279,1400,1400,1400,1400,2000,2000,2000,2000,600,90,83,94,94,75,38,34,32,27,97,96,96,97,90
1466089056,1.221250,0.284748,0.346764,1.145000,4.021772,4.604045,0.995000,0.155040,0.154225,1.212500,0.283192,0.342996,1400,1400,1400,1400,900,900,900,900,600,91,85,96,95,75,43,25,35,30,90,91,92,95,90
1466089057,1.225000,0.258457,0.316050,1.175000,3.965602,4.658875,0.995000,0.154736,0.153230,1.216250,0.285740,0.346560,1400,1400,1400,1400,900,900,900,900,600,89,82,93,93,75,41,35,28,32,95,93,97,94,90
1466089058,1.222500,0.284748,0.347048,1.128750,3.849700,4.341672,0.995000,0.155040,0.154225,1.216250,0.293748,0.356288,1400,1400,1400,1400,900,900,900,900,600,91,84,95,95,75,33,32,29,28,95,96,98,98,90
1466089059,1.221250,0.268461,0.327228,1.108750,3.783392,4.191564,0.995000,0.155040,0.154225,1.212500,0.303758,0.367236,1400,1400,1400,1400,2000,2000,2000,2000,600,89,82,93,92,75,37,38,31,32,94,95,95,95,90
1466089060,1.221250,0.296460,0.361416,1.150000,4.053830,4.660950,0.995000,0.154736,0.153230,1.215000,0.311766,0.377865,1400,1400,1400,1400,2000,2000,2000,2000,600,92,83,95,95,75,30,46,28,30,97,97,95,91,90
1466089061,1.225000,0.258762,0.316050,1.170000,4.269468,4.994730,0.993750,0.154736,0.152922,1.215000,0.298480,0.362070,1400,1400,1400,1400,900,900,900,900,600,92,85,96,96,75,38,32,26,26,98,95,97,98,90
1466089062,1.221250,0.274988,0.334554,1.102500,3.856276,4.249312,0.993750,0.155040,0.153915,1.215000,0.289016,0.351135,1400,1400,1400,1400,900,900,900,900,600,89,83,93,93,75,40,26,26,31,95,96,94,97,90
1466089063,1.223750,0.269498,0.328987,1.133750,3.873812,4.388109,0.993750,0.155192,0.153915,1.215000,0.291018,0.353565,1400,1400,1400,1400,900,900,900,900,600,89,82,93,93,75,42,28,35,22,96,93,94,96,90
1466089064,1.226250,0.268461,0.328568,1.133750,3.897376,4.415301,0.993750,0.155192,0.153915,1.213750,0.298207,0.361474,1400,1400,1400,1400,900,900,900,900,600,90,84,95,95,75,29,41,36,29,97,97,97,97,90
1466089065,1.223750,0.285724,0.348555,1.146250,3.928064,4.501488,0.995000,0.155040,0.154225,1.215000,0.292201,0.354780,1400,1400,1400,1400,2000,2000,2000,2000,600,92,84,95,95,75,32,34,22,36,94,96,97,97,90
1466089067,1.221250,0.277245,0.338217,1.108750,3.806682,4.217048,0.995000,0.155040,0.154225,1.215000,0.300482,0.364500,1400,1400,1400,1400,2000,2000,2000,2000,600,91,84,94,94,75,45,26,43,25,95,96,93,93,90
1466089068,1.225000,0.262727,0.320950,1.125000,3.742018,4.209750,0.995000,0.155040,0.154225,1.215000,0.291200,0.353565,1400,1400,1400,1400,2000,2000,2000,2000,600,91,84,94,93,75,26,26,38,32,95,91,96,96,90
1466089069,1.223750,0.273219,0.333879,1.128750,3.711604,4.186008,0.995000,0.155040,0.154225,1.213750,0.297024,0.360261,1400,1400,1400,1400,900,900,900,900,600,89,83,93,93,75,40,43,29,25,97,92,96,99,90
1466089070,1.222500,0.281759,0.343382,1.157500,3.948340,4.567836,0.993750,0.155040,0.153915,1.215000,0.286195,0.347490,1400,1400,1400,1400,900,900,900,900,600,89,83,93,93,75,40,36,28,25,95,97,97,96,90
1466089071,1.225000,0.266509,0.325850,1.095000,3.490486,3.821550,0.993750,0.155192,0.153915,1.212500,0.301756,0.364812,1400,1400,1400,1400,900,900,900,900,600,90,84,95,95,75,34,42,28,29,95,94,93,96,90
1466089072,1.221250,0.271511,0.330891,1.155000,4.016840,4.638480,0.993750,0.154736,0.152922,1.213750,0.293020,0.355409,1400,1400,1400,1400,2000,2000,2000,2000,600,90,83,94,93,75,35,37,19,37,95,91,95,92,90
1466089073,1.225000,0.258762,0.316050,1.107500,3.567206,3.948669,0.993750,0.155192,0.153915,1.215000,0.283010,0.343845,1400,1400,1400,1400,2000,2000,2000,2000,600,91,84,95,94,75,33,36,24,45,96,94,93,96,90
1466089074,1.223750,0.255224,0.311865,1.131250,3.526654,3.987906,0.993750,0.155040,0.153915,1.215000,0.301210,0.365715,1400,1400,1400,1400,2000,2000,2000,2000,600,88,82,93,92,75,24,37,38,34,97,92,97,91,90
1466089075,1.226250,0.251747,0.307726,1.131250,3.894088,4.404114,0.993750,0.155040,0.153915,1.215000,0.297206,0.360855,1400,1400,1400,1400,2000,2000,2000,2000,600,90,83,94,93,75,30,42,31,32,96,93,97,91,90
1466089076,1.223750,0.266997,0.325318,1.163750,4.222888,4.910186,0.995000,0.155192,0.154225,1.215000,0.301483,0.365715,1400,1400,1400,1400,2000,2000,2000,2000,600,91,84,93,94,75,40,44,24,18,95,92,93,96,90
1466089077,1.223750,0.270230,0.330210,1.141250,4.015196,4.581115,0.993750,0.155192,0.153915,1.216250,0.294749,0.357504,1400,1400,1400,1400,900,900,900,900,600,89,82,93,93,75,37,37,35,18,96,93,97,95,90
1466089078,1.225000,0.262239,0.320950,1.112500,3.484732,3.874208,0.995000,0.155192,0.154225,1.212500,0.295204,0.357540,1400,1400,1400,1400,900,900,900,900,600,90,84,94,95,75,29,36,29,32,97,96,97,96,90
1466089079,1.226250,0.243207,0.297918,1.127500,3.845316,4.333315,0.993750,0.154736,0.152922,1.215000,0.291746,0.353565,1400,1400,1400,1400,900,900,900,900,600,89,83,93,93,75,35,36,31,23,93,96,96,97,90
1466089080,1.222500,0.277977,0.338494,1.135000,3.924776,4.453740,0.993750,0.155192,0.153915,1.213750,0.306943,0.371178,1400,1400,1400,1400,2000,2000,2000,2000,600,90,83,94,93,75,34,40,33,27,96,95,98,99,90
1466089081,1.223750,0.252967,0.308196,1.131250,3.734894,4.223154,0.993750,0.155040,0.153915,1.215000,0.289744,0.351135,1400,1400,1400,1400,2000,2000,2000,2000,600,88,82,92,92,75,29,36,26,27,95,94,99,97,90
1466089082,1.222500,0.282247,0.344604,1.108750,3.498158,3.875784,0.995000,0.155192,0.154225,1.213750,0.301483,0.365113,1400,1400,1400,1400,2000,2000,2000,2000,600,91,84,94,94,75,33,36,31,30,96,96,95,93,90
1466089083,1.223750,0.260226,0.317980,1.102500,3.700918,4.077400,0.995000,0.155040,0.154225,1.215000,0.295750,0.358425,1400,1400,1400,1400,2000,2000,2000,2000,600,90,83,93,93,75,44,29,35,26,93,92,94,92,90
1466089084,1.225000,0.254492,0.311150,1.156250,3.687492,4.262172,0.995000,0.155040,0.154225,1.216250,0.302484,0.367232,1400,1400,1400,1400,2000,2000,2000,2000,600,89,82,93,92,75,41,33,33,28,95,94,96,91,90
1466089085,1.225000,0.278709,0.340550,1.147500,3.717084,4.263399,0.995000,0.155192,0.154225,1.216250,0.282009,0.342912,1400,1400,1400,1400,2000,2000,2000,2000,600,89,83,93,92,75,34,37,40,27,96,96,95,97,90
1466089086,1.223750,0.279014,0.341217,1.150000,3.959574,4.552850,0.995000,0.155496,0.154225,1.213750,0.294476,0.356622,1400,1400,1400,1400,2000,2000,2000,2000,600,90,83,94,94,75,33,37,32,23,90,97,98,93,90
1466089087,1.225000,0.257969,0.314825,1.086250,3.449934,3.745614,0.995000,0.155800,0.154225,1.212500,0.285467,0.345420,1400,1400,1400,1400,2000,2000,2000,2000,600,88,82,92,92,75,32,35,33,20,96,95,96,98,90
1466089088,1.222500,0.282491,0.344604,1.148750,4.125344,4.735500,0.995000,0.155496,0.154225,1.215000,0.308490,0.374220,1400,1400,1400,1400,2000,2000,2000,2000,600,90,83,94,93,75,37,43,36,20,93,94,93,95,90
1466089089,1.225000,0.265716,0.324625,1.167500,4.013278,4.683171,0.995000,0.155192,0.154225,1.213750,0.287742,0.348131,1400,1400,1400,1400,2000,2000,2000,2000,600,89,82,93,93,75,34,34,35,24,96,95,99,97,90
1466089090,1.223750,0.257969,0.314311,1.125000,3.929434,4.420125,0.995000,0.155496,0.154225,1.217500,0.291473,0.354147,1400,1400,1400,1400,2000,2000,2000,2000,600,89,82,93,92,75,26,38,27,30,93,94,97,97,90
1466089091,1.225000,0.284992,0.347900,1.142500,3.892170,4.444664,0.995000,0.155192,0.154225,1.216250,0.295477,0.358720,1400,1400,1400,1400,2000,2000,2000,2000,600,90,83,94,94,75,34,31,30,29,97,97,98,97,90
1466089092,1.223750,0.264984,0.322872,1.171250,4.059858,4.753089,0.995000,0.155496,0.154225,1.215000,0.282191,0.342630,1400,1400,1400,1400,2000,2000,2000,2000,600,91,84,95,94,75,37,34,31,30,97,95,94,98,90
1466089093,1.221250,0.270230,0.329670,1.170000,4.042048,4.729140,0.995000,0.155800,0.154225,1.212500,0.298480,0.361176,1400,1400,1400,1400,900,900,900,900,600,88,82,93,93,75,34,38,29,29,96,97,97,95,90
1466089094,1.223750,0.271206,0.331433,1.123750,3.450208,3.874350,0.995000,0.155800,0.154225,1.215000,0.287469,0.348705,1400,1400,1400,1400,2000,2000,2000,2000,600,91,84,95,95,75,30,31,33,36,94,94,93,97,90
1466089095,1.225000,0.267973,0.327075,1.150000,4.154936,4.777100,0.995000,0.155192,0.154225,1.215000,0.280462,0.340200,1400,1400,1400,1400,2000,2000,2000,2000,600,91,84,95,95,75,30,33,30,35,95,96,96,97,90
1466089096,1.221250,0.306220,0.373626,1.160000,3.963410,4.597080,0.995000,0.155952,0.154225,1.213750,0.312767,0.378456,1400,1400,1400,1400,900,900,900,900,600,89,82,93,93,75,23,39,41,34,93,93,95,93,90
1466089097,1.226250,0.255712,0.312630,1.142500,4.056296,4.631952,0.995000,0.155192,0.154225,1.216250,0.286013,0.347776,1400,1400,1400,1400,900,900,900,900,600,88,82,93,92,75,30,35,30,19,97,98,97,98,90
1466089098,1.223750,0.275232,0.336325,1.131250,3.779556,4.274049,0.995000,0.155192,0.154225,1.217500,0.297479,0.361449,1400,1400,1400,1400,2000,2000,2000,2000,600,91,84,95,94,75,30,43,30,30,95,96,95,93,90
1466089099,1.223750,0.255712,0.311865,1.157500,3.952724,4.572464,0.995000,0.155192,0.154225,1.213750,0.297206,0.360261,1400,1400,1400,1400,900,900,900,900,600,90,84,95,94,75,32,30,26,33,97,93,96,95,90
1466089100,1.221250,0.272975,0.332112,1.155000,4.028348,4.652340,0.995000,0.155496,0.154225,1.217500,0.284193,0.345628,1400,1400,1400,1400,2000,2000,2000,2000,600,91,84,95,95,75,46,36,23,28,93,97,96,97,90
1466089101,1.225000,0.261751,0.319725,1.112500,3.549122,3.946488,0.995000,0.154736,0.153230,1.216250,0.288197,0.350208,1400,1400,1400,1400,2000,2000,2000,2000,600,90,83,94,93,75,25,37,33,31,96,97,100,96,90
1466089102,1.222500,0.285724,0.348270,1.132500,3.983960,4.508756,0.995000,0.155192,0.154225,1.213750,0.280189,0.339640,1400,1400,1400,1400,900,900,900,900,600,89,83,94,93,75,30,28,35,35,92,92,96,91,90
1466089103,1.225000,0.246257,0.301350,1.117500,3.786406,4.228962,0.995000,0.155496,0.154225,1.215000,0.292747,0.354780,1400,1400,1400,1400,2000,2000,2000,2000,600,91,84,95,94,75,30,39,26,37,97,95,97,95,90
1466089104,1.223750,0.299510,0.365677,1.156250,3.712152,4.291072,0.995000,0.155496,0.154225,1.217500,0.298025,0.362666,1400,1400,1400,1400,900,900,900,900,600,89,83,93,93,75,33,29,36,38,95,94,96,95,90
1466089105,1.227500,0.261751,0.320247,1.157500,3.939298,4.557423,0.995000,0.155496,0.154225,1.215000,0.312949,0.379080,1400,1400,1400,1400,2000,2000,2000,2000,600,89,83,93,93,75,34,35,32,31,97,98,93,94,90
1466089106,1.222500,0.284748,0.347048,1.161250,4.168636,4.839048,0.995000,0.155496,0.154225,1.216250,0.296751,0.359936,1400,1400,1400,1400,900,900,900,900,600,91,84,95,95,75,36,32,31,36,94,93,97,94,90
1466089107,1.223750,0.271206,0.331433,1.140000,3.582002,4.083480,0.995000,0.155496,0.154225,1.215000,0.293020,0.355995,1400,1400,1400,1400,2000,2000,2000,2000,600,90,83,94,93,75,30,35,35,30,96,93,94,95,90
1466089108,1.225000,0.259982,0.317275,1.128750,3.527476,3.978456,0.995000,0.155192,0.154225,1.216250,0.292474,0.355072,1400,1400,1400,1400,2000,2000,2000,2000,600,91,84,94,94,75,33,37,36,22,98,92,90,96,90
1466089109,1.222500,0.280234,0.342160,1.136250,3.906144,4.437216,0.995000,0.155496,0.154225,1.213750,0.287014,0.348131,1400,1400,1400,1400,900,900,900,900,600,89,83,94,94,75,32,35,28,27,95,96,98,97,90
1466089110,1.222500,0.271755,0.331162,1.127500,3.960122,4.462920,0.995000,0.155800,0.154225,1.215000,0.305487,0.370575,1400,1400,1400,1400,900,900,900,900,600,89,83,93,93,75,27,32,37,26,97,95,94,97,90
1466089111,1.226250,0.263459,0.322438,1.115000,3.658722,4.078670,0.995000,0.155800,0.154225,1.212500,0.290745,0.351480,1400,1400,1400,1400,2000,2000,2000,2000,600,91,84,95,94,75,25,30,39,39,95,97,100,97,90
1466089112,1.223750,0.281759,0.343663,1.121250,3.993824,4.476153,0.995000,0.155496,0.154225,1.215000,0.290017,0.352350,1400,1400,1400,1400,2000,2000,2000,2000,600,91,84,95,95,75,44,34,25,29,96,96,96,94,90
1466089113,1.226250,0.269498,0.329794,1.120000,3.972726,4.448640,0.993750,0.155040,0.153915,1.215000,0.289744,0.351135,1400,1400,1400,1400,2000,2000,2000,2000,600,88,82,93,92,75,41,29,29,30,97,96,98,99,90
1466089114,1.222500,0.269986,0.328718,1.137500,3.758184,4.272846,0.993750,0.155192,0.153915,1.216250,0.300482,0.364800,1400,1400,1400,1400,2000,2000,2000,2000,600,91,84,95,94,75,32,42,23,33,95,94,95,92,90
1466089115,1.223750,0.273219,0.333879,1.113750,3.757088,4.181541,0.993750,0.155496,0.153915,1.215000,0.290199,0.352350,1400,1400,1400,1400,2000,2000,2000,2000,600,91,84,95,95,75,30,26,38,29,95,97,99,97,90
1466089116,1.223750,0.271511,0.331433,1.146250,4.036294,4.625256,0.995000,0.155192,0.154225,1.213750,0.294203,0.356622,1400,1400,1400,1400,900,900,900,900,600,90,83,94,94,75,40,37,33,21,95,94,94,94,90
1466089117,1.225000,0.261263,0.319725,1.117500,3.562548,3.978754,0.995000,0.155496,0.154225,1.215000,0.284466,0.345060,1400,1400,1400,1400,2000,2000,2000,2000,600,91,84,95,94,75,41,35,27,24,94,93,98,96,90
1466089118,1.223750,0.272243,0.332656,1.138750,3.674340,4.181012,0.995000,0.155800,0.154225,1.216250,0.298935,0.362368,1400,1400,1400,1400,2000,2000,2000,2000,600,91,83,94,94,75,31,26,39,30,97,95,95,94,90
1466089119,1.226250,0.271511,0.332246,1.120000,3.639542,4.075680,0.995000,0.155496,0.154225,1.218750,0.290472,0.353220,1400,1400,1400,1400,900,900,900,900,600,89,83,93,93,75,35,35,32,28,97,95,99,98,90
1466089120,1.225000,0.273219,0.334425,1.125000,3.915186,4.404375,0.995000,0.155800,0.154225,1.215000,0.284193,0.345060,1400,1400,1400,1400,900,900,900,900,600,89,83,94,94,75,39,34,26,24,97,95,95,95,90
1466089121,1.223750,0.270230,0.330210,1.143750,3.934092,4.496562,0.995000,0.155496,0.154225,1.216250,0.291473,0.353856,1400,1400,1400,1400,900,900,900,900,600,91,84,95,95,75,35,41,33,31,95,97,98,95,90
1466089122,1.225000,0.264496,0.323400,1.121250,3.883402,4.352843,0.993750,0.155496,0.153915,1.213750,0.287469,0.348131,1400,1400,1400,1400,900,900,900,900,600,89,83,94,94,75,30,36,26,38,97,95,97,95,90
1466089123,1.223750,0.279014,0.341217,1.097500,3.578440,3.925066,0.993750,0.155192,0.153915,1.216250,0.305214,0.370880,1400,1400,1400,1400,900,900,900,900,600,90,84,95,95,75,25,39,40,28,95,97,97,98,90
1466089124,1.223750,0.262239,0.320426,1.135000,3.784488,4.294840,0.993750,0.155192,0.153915,1.215000,0.292019,0.354780,1400,1400,1400,1400,900,900,900,900,600,90,83,94,95,75,36,26,35,34,95,96,95,95,90
1466089125,1.223750,0.274012,0.335102,1.112500,3.683930,4.095496,0.995000,0.155496,0.154225,1.212500,0.295477,0.357540,1400,1400,1400,1400,900,900,900,900,600,90,84,95,95,75,32,38,34,30,94,95,98,96,90
1466089126,1.225000,0.281210,0.344225,1.107500,3.407190,3.771549,0.995000,0.155040,0.154225,1.216250,0.300209,0.364800,1400,1400,1400,1400,2000,2000,2000,2000,600,91,83,94,94,75,36,27,32,33,97,96,95,95,90
1466089127,1.226250,0.262727,0.321212,1.168750,4.064790,4.746752,0.995000,0.155800,0.154225,1.215000,0.284011,0.345060,1400,1400,1400,1400,2000,2000,2000,2000,600,9