Timestamp,A7_Volt,A7_Amp,A7_Watt,A15_Volt,A15_Amp,A15_Watt,GPU_Volt,GPU_Amp,GPU_Watt,Mem_Volt,Mem_Amp,Mem_Watt,CPU0_Freq,CPU1_Freq,CPU2_Freq,CPU3_Freq,CPU4_Freq,CPU5_Freq,CPU6_Freq,CPU7_Freq,GPU_Freq,CPU4_Temp,CPU5_Temp,CPU6_Temp,CPU7_Temp,GPU_Temp,CPU0_USG,CPU1_USG,CPU2_USG,CPU3_USG,CPU4_USG,CPU5_USG,CPU6_USG,CPU7_USG,Fan_Speed_%
1466089151,1.237500,0.117730,0.144729,1.285000,0.982290,1.261870,0.993750,0.112024,0.111216,1.216250,0.015470,0.018240,1400,1400,1400,1400,2000,2000,2000,2000,600,64,60,65,63,58,7,7,7,7,27,22,16,16,0
1466089152,1.237500,0.115229,0.142255,1.285000,0.889952,1.142365,0.993750,0.111264,0.110223,1.216250,0.015470,0.018240,1400,1400,1400,1400,2000,2000,2000,2000,600,64,59,65,62,57,0,0,0,0,0,0,0,0,0
1466089153,1.237500,0.118218,0.145966,1.286250,0.948588,1.219128,0.993750,0.110808,0.109230,1.216250,0.016744,0.019456,1400,1400,1400,1400,2000,2000,2000,2000,600,63,59,65,62,57,0,0,0,1,0,0,0,0,0
1466089154,1.237500,0.117242,0.144729,1.285000,0.885568,1.137225,0.995000,0.110504,0.109450,1.216250,0.015743,0.018240,1400,1400,1400,1400,2000,2000,2000,2000,600,63,59,64,62,57,0,0,0,0,0,0,0,0,0
1466089155,1.237500,0.124989,0.153388,1.286250,0.923654,1.186978,0.993750,0.110200,0.109230,1.216250,0.017745,0.020672,1400,1400,1400,1400,2000,2000,2000,2000,600,63,59,64,62,57,0,0,0,1,0,0,0,0,0
1466089156,1.237500,0.114253,0.141018,1.285000,0.882554,1.133370,0.993750,0.110048,0.109230,1.216250,0.015743,0.018240,1400,1400,1400,1400,2000,2000,2000,2000,600,63,59,64,62,57,1,0,0,0,0,0,0,0,0
1466089157,1.237500,0.116998,0.143492,1.285000,0.882280,1.133370,0.993750,0.110048,0.109230,1.216250,0.018473,0.021888,1400,1400,1400,1400,2000,2000,2000,2000,600,63,59,64,62,57,0,0,0,1,0,0,0,0,0
1466089158,1.237500,0.114741,0.141018,1.285000,0.880910,1.130800,0.993750,0.109744,0.108237,1.216250,0.015743,0.018240,1400,1400,1400,1400,2000,2000,2000,2000,600,63,59,64,62,57,0,0,0,0,0,0,0,0,0
1466089159,1.237500,0.122976,0.150914,1.286250,0.952972,1.224272,0.993750,0.109440,0.108237,1.216250,0.015743,0.018240,1400,1400,1400,1400,2000,2000,2000,2000,600,63,58,64,62,57,0,0,0,1,0,0,0,0,0
1466089160,1.237500,0.115717,0.142255,1.285000,0.880088,1.130800,0.993750,0.109440,0.108237,1.216250,0.015470,0.018240,1400,1400,1400,1400,2000,2000,2000,2000,600,63,61,64,62,57,0,0,0,0,0,0,0,1,0
1466089161,1.236250,0.128771,0.158208,1.292500,2.196110,2.837232,0.995000,0.111264,0.110445,1.226250,0.163254,0.199838,1400,1400,1400,1400,2000,2000,2000,2000,600,67,68,69,67,59,0,0,0,0,0,0,0,92,0
1466089162,1.237500,0.121756,0.149677,1.292500,2.148160,2.775216,0.995000,0.113696,0.112435,1.222500,0.112476,0.136864,1400,1400,1400,1400,2000,2000,2000,2000,600,68,70,71,69,60,0,0,0,0,0,0,0,100,50
1466089163,1.237500,0.129015,0.159573,1.292500,2.159942,2.789428,0.995000,0.116432,0.115420,1.227500,0.177723,0.217179,1400,1400,1400,1400,2000,2000,2000,2000,600,69,71,72,70,61,0,0,0,0,0,0,0,100,50
1466089164,1.237500,0.129259,0.159573,1.292500,2.167614,2.799764,0.995000,0.119016,0.118405,1.225000,0.141232,0.172725,1400,1400,1400,1400,2000,2000,2000,2000,600,70,72,73,71,62,0,0,0,0,0,0,0,100,50
1466089165,1.236250,0.137982,0.169332,1.292500,2.271460,2.934132,0.995000,0.120536,0.119400,1.226250,0.169715,0.207194,1400,1400,1400,1400,2000,2000,2000,2000,600,71,74,74,71,63,0,0,0,1,0,0,0,100,50
1466089166,1.237500,0.130479,0.160810,1.292500,2.175286,2.810100,0.995000,0.121448,0.120395,1.223750,0.145782,0.177335,1400,1400,1400,1400,2000,2000,2000,2000,600,71,73,74,72,63,0,0,0,0,0,0,0,100,50
1466089167,1.236250,0.132248,0.163152,1.292500,2.186520,2.824312,0.995000,0.122512,0.121390,1.223750,0.135499,0.165105,1400,1400,1400,1400,2000,2000,2000,2000,600,72,73,75,73,63,0,0,0,1,0,0,0,100,50
1466089168,1.237500,0.134993,0.165758,1.293750,2.217756,2.866581,0.995000,0.122968,0.121390,1.227500,0.182455,0.223314,1400,1400,1400,1400,2000,2000,2000,2000,600,72,74,75,72,63,0,0,0,0,0,0,0,100,50
1466089169,1.237500,0.132248,0.163284,1.292500,2.195288,2.835940,0.995000,0.123728,0.122385,1.226250,0.165984,0.202290,1400,1400,1400,1400,2000,2000,2000,2000,600,72,74,76,73,63,0,0,0,1,0,0,0,100,50
1466089170,1.237500,0.134993,0.165758,1.293750,2.238032,2.893734,0.995000,0.124032,0.123380,1.225000,0.149968,0.182525,1400,1400,1400,1400,2000,2000,2000,2000,600,72,74,75,73,64,0,0,0,0,0,0,0,100,50
1466089171,1.235000,0.135481,0.166725,1.292500,2.192000,2.832064,0.995000,0.124488,0.123380,1.223750,0.139230,0.169997,1400,1400,1400,1400,2000,2000,2000,2000,600,73,74,76,73,64,0,0,0,1,0,0,0,100,50
1466089172,1.236250,0.134993,0.165624,1.293750,2.224332,2.875632,0.995000,0.124792,0.123380,1.226250,0.160706,0.196160,1400,1400,1400,1400,2000,2000,2000,2000,600,72,74,76,73,64,0,0,0,0,0,0,0,100,70
1466089173,1.236250,0.133468,0.164388,1.292500,2.200494,2.842400,0.995000,0.124488,0.123380,1.225000,0.160251,0.196000,1400,1400,1400,1400,2000,2000,2000,2000,600,73,75,76,73,64,0,0,0,1,0,0,0,100,70
1466089174,1.236250,0.133468,0.164388,1.292500,2.237758,2.890204,0.995000,0.124944,0.123380,1.226250,0.171717,0.209646,1400,1400,1400,1400,2000,2000,2000,2000,600,73,75,76,73,64,0,0,0,0,0,0,0,100,70
1466089175,1.236250,0.141520,0.174276,1.293750,2.262966,2.924766,0.995000,0.124792,0.123380,1.223750,0.143234,0.174889,1400,1400,1400,1400,2000,2000,2000,2000,600,73,74,76,73,64,0,0,0,1,0,0,0,100,70
1466089176,1.236250,0.136213,0.168096,1.293750,2.250088,2.909250,0.995000,0.124792,0.123380,1.226250,0.176449,0.215776,1400,1400,1400,1400,2000,2000,2000,2000,600,73,74,76,73,64,0,0,0,0,0,0,0,100,70
1466089177,1.236250,0.133773,0.164388,1.293750,2.236936,2.891148,0.995000,0.124792,0.123380,1.226250,0.170534,0.208420,1400,1400,1400,1400,2000,2000,2000,2000,600,73,74,76,73,64,0,0,0,0,0,1,0,100,70
1466089178,1.237500,0.133773,0.164521,1.292500,2.195014,2.835940,0.995000,0.124792,0.123380,1.225000,0.143780,0.175175,1400,1400,1400,1400,2000,2000,2000,2000,600,73,75,76,73,64,0,0,0,0,0,0,0,100,70
1466089179,1.236250,0.135237,0.166860,1.292500,2.246252,2.901832,0.995000,0.124792,0.123380,1.226250,0.175994,0.214550,1400,1400,1400,1400,2000,2000,2000,2000,600,73,74,76,73,64,0,0,0,1,0,0,0,100,70
1466089180,1.237500,0.132980,0.163284,1.292500,2.189534,2.828188,0.995000,0.124488,0.123380,1.223750,0.137501,0.167551,1400,1400,1400,1400,2000,2000,2000,2000,600,72,74,76,73,64,0,0,0,0,0,0,0,100,70
1466089181,1.237500,0.133468,0.164521,1.293750,2.251184,2.910543,0.995000,0.124488,0.123380,1.226250,0.184457,0.225584,1400,1400,1400,1400,2000,2000,2000,2000,600,73,74,76,73,64,0,0,0,1,1,0,0,100,70
1466089182,1.237500,0.132980,0.163284,1.292500,2.193644,2.833356,0.995000,0.124488,0.123380,1.223750,0.144508,0.176112,1400,1400,1400,1400,2000,2000,2000,2000,600,72,74,76,73,64,0,0,0,0,0,0,0,100,70
1466089183,1.237500,0.134505,0.165758,1.293750,2.235840,2.889855,0.995000,0.124184,0.123380,1.226250,0.173992,0.212098,1400,1400,1400,1400,2000,2000,2000,2000,600,73,75,76,73,64,0,0,0,1,0,0,0,100,70
1466089184,1.236250,0.135237,0.166860,1.293750,2.231730,2.884683,0.995000,0.124184,0.123380,1.226250,0.180453,0.220680,1400,1400,1400,1400,2000,2000,2000,2000,600,72,74,75,73,64,0,0,0,0,0,0,0,100,70
1466089185,1.237500,0.134749,0.165758,1.292500,2.209536,2.854028,0.995000,0.124032,0.123380,1.226250,0.160979,0.196160,1400,1400,1400,1400,2000,2000,2000,2000,600,73,74,76,74,64,0,0,0,1,0,0,0,100,70
1466089186,1.236250,0.133224,0.164388,1.292500,2.224606,2.873408,0.995000,0.124032,0.123380,1.225000,0.153972,0.187425,1400,1400,1400,1400,2000,2000,2000,2000,600,72,74,75,73,64,0,0,0,0,0,0,0,100,70
1466089187,1.236250,0.132980,0.163152,1.292500,2.182684,2.819144,0.995000,0.123728,0.122385,1.223750,0.139230,0.169997,1400,1400,1400,1400,2000,2000,2000,2000,600,74,74,76,73,64,0,0,0,0,0,0,0,100,70
1466089188,1.237500,0.135237,0.166995,1.292500,2.240498,2.894080,0.993750,0.123728,0.122139,1.226250,0.177723,0.217002,1400,1400,1400,1400,2000,2000,2000,2000,600,72,74,75,73,63,0,0,0,1,0,0,0,100,70
1466089189,1.236250,0.132736,0.163152,1.292500,2.190630,2.829480,0.993750,0.123424,0.122139,1.225000,0.149968,0.182525,1400,1400,1400,1400,2000,2000,2000,2000,600,72,74,75,73,63,0,0,0,0,0,0,0,100,70
1466089190,1.236250,0.133224,0.164388,1.293750,2.239676,2.895027,0.995000,0.123272,0.122385,1.225000,0.166712,0.203350,1400,1400,1400,1400,2000,2000,2000,2000,600,72,74,75,72,63,0,0,0,1,0,1,0,100,70
1466089191,1.236250,0.133468,0.164388,1.292500,2.188164,2.826896,0.995000,0.123424,0.122385,1.223750,0.143780,0.174889,1400,1400,1400,1400,2000,2000,2000,2000,600,72,74,75,72,63,0,0,0,0,0,0,0,100,70
1466089192,1.236250,0.130967,0.160680,1.292500,2.177478,2.812684,0.993750,0.123272,0.122139,1.225000,0.144508,0.176400,1400,1400,1400,1400,2000,2000,2000,2000,600,72,74,75,72,63,0,0,0,2,0,0,0,100,70
1466089193,1.236250,0.133468,0.164388,1.293750,2.233922,2.887269,0.995000,0.122968,0.121390,1.226250,0.176267,0.215776,1400,1400,1400,1400,2000,2000,2000,2000,600,72,74,75,72,63,0,0,0,0,0,0,0,100,70
1466089194,1.237500,0.134505,0.165758,1.292500,2.210358,2.855320,0.995000,0.122664,0.121390,1.226250,0.168714,0.205968,1400,1400,1400,1400,2000,2000,2000,2000,600,72,74,75,73,63,0,0,0,1,0,0,0,100,70
1466089195,1.236250,0.131516,0.161916,1.292500,2.205426,2.848860,0.995000,0.122512,0.121390,1.223750,0.144963,0.176112,1400,1400,1400,1400,2000,2000,2000,2000,600,72,74,75,72,63,0,0,0,0,0,0,0,100,70
1466089196,1.236250,0.132492,0.163152,1.292500,2.220496,2.868240,0.995000,0.122664,0.121390,1.226250,0.174265,0.213324,1400,1400,1400,1400,2000,2000,2000,2000,600,72,74,75,72,63,0,0,0,0,0,0,0,100,70
1466089197,1.236250,0.134017,0.165624,1.292500,2.233374,2.885036,0.995000,0.122512,0.121390,1.226250,0.182000,0.223132,1400,1400,1400,1400,2000,2000,2000,2000,600,71,74,75,72,63,0,0,0,0,0,0,0,100,70
1466089198,1.236250,0.132492,0.163152,1.292500,2.224606,2.873408,0.995000,0.122512,0.121390,1.223750,0.148967,0.181004,1400,1400,1400,1400,2000,2000,2000,2000,600,72,74,75,72,63,0,0,0,1,0,0,0,100,70
1466089199,1.237500,0.132248,0.163284,1.293750,2.214468,2.862702,0.993750,0.122208,0.121146,1.226250,0.172991,0.210872,1400,1400,1400,1400,2000,2000,2000,2000,600,71,74,75,72,63,0,0,0,0,0,0,0,100,70
1466089200,1.236250,0.131516,0.161916,1.292500,2.176930,2.811392,0.995000,0.122208,0.121390,1.223750,0.140959,0.171220,1400,1400,1400,1400,2000,2000,2000,2000,600,72,74,75,72,63,0,0,0,1,0,0,0,100,70
1466089201,1.236250,0.133224,0.164388,1.293750,2.226524,2.878218,0.995000,0.121752,0.120395,1.226250,0.178724,0.218228,1400,1400,1400,1400,2000,2000,2000,2000,600,71,74,75,72,63,0,0,0,0,0,0,0,100,70
1466089202,1.236250,0.132736,0.163152,1.292500,2.239402,2.892788,0.995000,0.122208,0.121390,1.225000,0.159250,0.194775,1400,1400,1400,1400,2000,2000,2000,2000,600,71,73,75,72,63,0,0,0,0,0,0,0,100,70
1466089203,1.236250,0.133468,0.164388,1.292500,2.207070,2.851444,0.995000,0.121752,0.120395,1.226250,0.171717,0.209646,1400,1400,1400,1400,2000,2000,2000,2000,600,71,74,74,72,63,0,0,0,0,0,0,0,100,70
1466089204,1.236250,0.130723,0.160680,1.292500,2.187616,2.825604,0.993750,0.121448,0.120153,1.226250,0.177450,0.217002,1400,1400,1400,1400,2000,2000,2000,2000,600,71,73,74,72,63,0,0,0,1,0,0,0,100,70
1466089205,1.236250,0.131516,0.161916,1.292500,2.216386,2.863072,0.993750,0.121296,0.120153,1.225000,0.146965,0.178850,1400,1400,1400,1400,2000,2000,2000,2000,600,71,73,74,72,63,0,0,0,0,0,0,0,100,70
1466089206,1.236250,0.132248,0.163152,1.292500,2.228442,2.878576,0.993750,0.121296,0.120153,1.225000,0.169988,0.207025,1400,1400,1400,1400,2000,2000,2000,2000,600,71,73,74,72,62,0,0,0,1,0,0,0,100,70
1466089207,1.236250,0.131272,0.161916,1.292500,2.205152,2.848860,0.993750,0.121296,0.120153,1.223750,0.142233,0.173666,1400,1400,1400,1400,2000,2000,2000,2000,600,71,73,74,72,63,0,0,0,0,0,0,0,100,70
1466089208,1.236250,0.130967,0.160680,1.293750,2.213098,2.861409,0.993750,0.120992,0.119160,1.226250,0.175721,0.214550,1400,1400,1400,1400,2000,2000,2000,2000,600,71,73,74,72,63,0,0,0,0,0,0,0,100,70
1466089209,1.236250,0.131760,0.161916,1.292500,2.168984,2.801056,0.993750,0.120992,0.119160,1.223750,0.136773,0.166328,1400,1400,1400,1400,2000,2000,2000,2000,600,71,73,74,72,62,0,0,0,0,0,0,0,100,70
1466089210,1.236250,0.132248,0.163152,1.292500,2.220222,2.868240,0.993750,0.120992,0.119160,1.226250,0.167986,0.204742,1400,1400,1400,1400,2000,2000,2000,2000,600,71,74,74,71,63,0,0,0,1,0,0,0,100,70
1466089211,1.236250,0.130235,0.160680,1.292500,2.164600,2.795888,0.993750,0.120992,0.119160,1.223750,0.143962,0.174889,1400,1400,1400,1400,2000,2000,2000,2000,600,71,73,74,72,62,0,0,0,0,0,0,0,100,70
1466089212,1.236250,0.132492,0.163152,1.292500,2.202138,2.844984,0.993750,0.120536,0.119160,1.223750,0.134953,0.163882,1400,1400,1400,1400,2000,2000,2000,2000,600,71,74,74,72,62,0,0,0,0,0,0,0,100,70
1466089213,1.236250,0.130479,0.160680,1.292500,2.214194,2.860488,0.993750,0.120232,0.119160,1.226250,0.180271,0.220680,1400,1400,1400,1400,2000,2000,2000,2000,600,71,73,74,71,62,0,0,0,0,0,0,0,100,70
1466089214,1.236250,0.129747,0.159444,1.292500,2.183506,2.820436,0.993750,0.120536,0.119160,1.226250,0.160251,0.196160,1400,1400,1400,1400,2000,2000,2000,2000,600,71,73,74,72,62,0,0,0,1,0,0,0,100,70
1466089215,1.236250,0.131760,0.161916,1.292500,2.205152,2.848860,0.993750,0.119928,0.118167,1.223750,0.153972,0.187119,1400,1400,1400,1400,2000,2000,2000,2000,600,71,73,74,71,62,0,0,0,0,0,0,0,100,70
1466089216,1.236250,0.131516,0.161916,1.292500,2.185150,2.823020,0.993750,0.119928,0.118167,1.226250,0.172263,0.210872,1400,1400,1400,1400,2000,2000,2000,2000,600,71,73,74,72,62,0,0,0,1,0,0,0,100,70
1466089217,1.236250,0.130479,0.160680,1.292500,2.210906,2.855320,0.993750,0.119928,0.118167,1.225000,0.155701,0.189875,1400,1400,1400,1400,2000,2000,2000,2000,600,71,73,74,71,62,0,0,0,0,0,0,0,100,70
1466089218,1.236250,0.130723,0.160680,1.292500,2.159942,2.789428,0.993750,0.119928,0.118167,1.225000,0.166712,0.203350,1400,1400,1400,1400,2000,2000,2000,2000,600,71,73,74,71,62,0,0,0,1,0,0,0,100,70
1466089219,1.236250,0.132492,0.163152,1.292500,2.216660,2.863072,0.993750,0.119776,0.118167,1.226250,0.169988,0.207194,1400,1400,1400,1400,2000,2000,2000,2000,600,71,73,74,71,62,0,0,0,0,0,0,0,100,70
1466089220,1.236250,0.129259,0.159444,1.292500,2.236662,2.888912,0.993750,0.119472,0.118167,1.223750,0.143507,0.174889,1400,1400,1400,1400,2000,2000,2000,2000,600,71,73,74,71,62,0,0,0,1,0,0,0,100,70
1466089221,1.236250,0.129503,0.159444,1.292500,2.193096,2.833356,0.993750,0.119776,0.118167,1.226250,0.175448,0.214550,1400,1400,1400,1400,2000,2000,2000,2000,600,71,74,74,71,62,0,0,0,0,0,0,0,100,70
1466089222,1.235000,0.137006,0.169195,1.293750,2.290092,2.960970,0.993750,0.119168,0.118167,1.226250,0.175266,0.214550,1400,1400,1400,1400,2000,2000,2000,2000,600,71,73,74,71,62,0,0,0,1,0,0,1,100,70
1466089223,1.236250,0.127490,0.156972,1.292500,2.160216,2.790720,0.993750,0.119776,0.118167,1.226250,0.168259,0.205968,1400,1400,1400,1400,2000,2000,2000,2000,600,71,73,74,71,62,0,0,0,0,0,0,0,100,70
1466089224,1.236250,0.131760,0.161916,1.293750,2.199946,2.843307,0.993750,0.119168,0.118167,1.226250,0.175721,0.214550,1400,1400,1400,1400,2000,2000,2000,2000,600,70,72,73,71,62,0,0,0,1,0,0,1,100,70
1466089225,1.236250,0.130723,0.160680,1.292500,2.181314,2.817852,0.993750,0.119016,0.118167,1.223750,0.133952,0.162659,1400,1400,1400,1400,2000,2000,2000,2000,600,71,73,74,71,62,0,0,0,0,0,0,0,100,70
1466089226,1.236250,0.131272,0.161916,1.292500,2.185698,2.823020,0.993750,0.119168,0.118167,1.226250,0.183001,0.224358,1400,1400,1400,1400,2000,2000,2000,2000,600,70,72,73,71,62,0,0,0,1,0,0,0,100,70
1466089227,1.236250,0.129259,0.159444,1.292500,2.210906,2.855320,0.993750,0.119016,0.118167,1.223750,0.149513,0.182227,1400,1400,1400,1400,2000,2000,2000,2000,600,70,72,73,71,62,0,0,0,0,0,0,0,100,70
1466089228,1.235000,0.134749,0.165490,1.292500,2.230086,2.881160,0.993750,0.119016,0.118167,1.226250,0.174993,0.213324,1400,1400,1400,1400,2000,2000,2000,2000,600,70,73,73,71,62,0,0,0,0,0,0,0,100,70
1466089229,1.236250,0.130723,0.160680,1.292500,2.191726,2.830772,0.993750,0.118712,0.117174,1.223750,0.140231,0.171220,1400,1400,1400,1400,2000,2000,2000,2000,600,70,72,73,71,62,0,0,0,0,0,0,0,100,70
1466089230,1.235000,0.135481,0.166725,1.292500,2.265980,2.926380,0.993750,0.118560,0.117174,1.225000,0.157976,0.192325,1400,1400,1400,1400,2000,2000,2000,2000,600,70,73,73,71,62,0,0,0,1,1,0,0,100,70
1466089231,1.236250,0.128466,0.158208,1.292500,2.156928,2.785552,0.993750,0.118560,0.117174,1.225000,0.158977,0.193550,1400,1400,1400,1400,2000,2000,2000,2000,600,70,72,73,71,62,0,0,0,0,0,0,0,100,70
1466089232,1.235000,0.135237,0.166725,1.292500,2.233648,2.885036,0.993750,0.118560,0.117174,1.223750,0.142506,0.173666,1400,1400,1400,1400,2000,2000,2000,2000,600,70,72,73,71,62,0,0,0,1,0,0,0,100,70
1466089233,1.236250,0.129503,0.159444,1.292500,2.200494,2.842400,0.993750,0.118256,0.117174,1.226250,0.176449,0.215776,1400,1400,1400,1400,2000,2000,2000,2000,600,70,72,73,71,61,0,0,0,0,0,0,0,100,70
1466089234,1.236250,0.137982,0.169332,1.293750,2.185150,2.825205,0.993750,0.118560,0.117174,1.223750,0.147966,0.179781,1400,1400,1400,1400,2000,2000,2000,2000,600,70,72,73,71,62,0,0,0,1,0,0,0,100,70
1466089235,1.236250,0.130723,0.160680,1.292500,2.194740,2.834648,0.993750,0.118256,0.117174,1.226250,0.176267,0.215776,1400,1400,1400,1400,2000,2000,2000,2000,600,70,72,73,70,61,0,0,0,0,0,0,0,100,70
1466089236,1.235000,0.133773,0.164255,1.292500,2.239676,2.892788,0.993750,0.117952,0.116181,1.226250,0.168532,0.205968,1400,1400,1400,1400,2000,2000,2000,2000,600,70,72,73,71,62,0,0,0,0,0,0,0,100,70
1466089237,1.236250,0.129259,0.159444,1.292500,2.167340,2.799764,0.993750,0.118256,0.117174,1.225000,0.136773,0.166600,1400,1400,1400,1400,2000,2000,2000,2000,600,70,72,73,70,61,0,0,0,0,0,0,0,100,70
1466089238,1.235000,0.136213,0.167960,1.292500,2.253376,2.910876,0.993750,0.117952,0.116181,1.226250,0.180726,0.220680,1400,1400,1400,1400,2000,2000,2000,2000,600,70,72,73,70,61,0,0,0,1,0,0,0,100,70
1466089239,1.236250,0.128222,0.158208,1.292500,2.184054,2.821728,0.993750,0.117952,0.116181,1.226250,0.167713,0.204742,1400,1400,1400,1400,2000,2000,2000,2000,600,70,73,73,70,61,0,0,0,0,0,0,0,100,70
1466089240,1.236250,0.136213,0.168096,1.292500,2.231730,2.882452,0.993750,0.117496,0.116181,1.223750,0.150514,0.183450,1400,1400,1400,1400,2000,2000,2000,2000,600,70,72,73,70,61,0,0,0,1,0,0,0,100,70
1466089241,1.236250,0.130479,0.160680,1.292500,2.194466,2.834648,0.995000,0.117800,0.116415,1.226250,0.172445,0.210872,1400,1400,1400,1400,2000,2000,2000,2000,600,70,72,73,70,61,0,0,0,0,0,0,0,100,70
1466089242,1.235000,0.136518,0.167960,1.292500,2.173642,2.807516,0.995000,0.117800,0.116415,1.226250,0.180726,0.220680,1400,1400,1400,1400,2000,2000,2000,2000,600,70,72,73,70,61,0,0,0,0,0,0,0,100,70
1466089243,1.236250,0.129259,0.159444,1.292500,2.154188,2.782968,0.995000,0.117496,0.116415,1.225000,0.153517,0.187425,1400,1400,1400,1400,2000,2000,2000,2000,600,70,72,73,70,61,0,0,0,0,0,0,0,100,70
1466089244,1.236250,0.129747,0.159444,1.292500,2.262418,2.922504,0.995000,0.117496,0.116415,1.226250,0.171990,0.209646,1400,1400,1400,1400,2000,2000,2000,2000,600,70,72,73,70,61,0,0,0,1,0,0,0,100,70
1466089245,1.236250,0.128222,0.158208,1.292500,2.168162,2.801056,0.995000,0.117800,0.116415,1.223750,0.141960,0.172443,1400,1400,1400,1400,2000,2000,2000,2000,600,70,72,73,70,61,0,0,1,0,0,0,0,100,70
1466089246,1.235000,0.134017,0.165490,1.292500,2.268446,2.930256,0.995000,0.117800,0.116415,1.226250,0.178997,0.218228,1400,1400,1400,1400,2000,2000,2000,2000,600,70,72,73,70,61,0,0,0,1,0,0,0,100,70
1466089247,1.236250,0.129747,0.159444,1.292500,2.173916,2.807516,0.993750,0.117192,0.116181,1.225000,0.163709,0.199675,1400,1400,1400,1400,2000,2000,2000,2000,600,70,72,73,70,61,0,0,0,0,0,0,0,100,70
1466089248,1.236250,0.128222,0.158208,1.292500,2.249540,2.905708,0.993750,0.117040,0.116181,1.226250,0.170716,0.208420,1400,1400,1400,1400,2000,2000,2000,2000,600,70,73,73,70,61,0,0,0,1,0,0,0,100,70
1466089249,1.236250,0.127978,0.156972,1.292500,2.196658,2.837232,0.993750,0.117040,0.116181,1.223750,0.141232,0.172443,1400,1400,1400,1400,2000,2000,2000,2000,600,69,71,73,70,61,0,0,0,0,0,0,0,100,70
1466089250,1.236250,0.137738,0.169332,1.292500,2.144050,2.770048,0.993750,0.117192,0.116181,1.225000,0.140777,0.171500,1400,1400,1400,1400,2000,2000,2000,2000,600,70,72,73,70,61,0,0,0,1,0,0,0,100,70
1466089251,1.236250,0.130235,0.160680,1.292500,2.198576,2.839816,0.993750,0.116736,0.115188,1.226250,0.180726,0.220680,1400,1400,1400,1400,2000,2000,2000,2000,600,70,71,72,70,61,0,0,0,0,0,0,0,100,70
1466089252,1.236250,0.129259,0.159444,1.292500,2.143502,2.768756,0.993750,0.116736,0.115188,1.223750,0.144781,0.176112,1400,1400,1400,1400,2000,2000,2000,2000,600,70,71,73,70,61,0,0,0,0,0,1,0,100,70
1466089253,1.236250,0.129747,0.159444,1.292500,2.188438,2.826896,0.993750,0.116432,0.115188,1.226250,0.173446,0.212098,1400,1400,1400,1400,2000,2000,2000,2000,600,69,71,72,70,61,0,0,0,0,0,0,0,100,70
1466089254,1.236250,0.127734,0.156972,1.292500,2.207618,2.851444,0.993750,0.116736,0.115188,1.223750,0.134771,0.163882,1400,1400,1400,1400,2000,2000,2000,2000,600,70,71,73,70,61,0,0,0,1,0,0,1,100,70
1466089255,1.236250,0.128466,0.158208,1.292500,2.186794,2.824312,0.993750,0.116432,0.115188,1.226250,0.179998,0.219454,1400,1400,1400,1400,2000,2000,2000,2000,600,69,72,72,70,61,0,0,0,0,0,0,0,100,70
1466089256,1.235000,0.132248,0.163020,1.292500,2.176656,2.811392,0.993750,0.116432,0.115188,1.223750,0.150514,0.183450,1400,1400,1400,1400,2000,2000,2000,2000,600,69,71,73,70,61,0,0,0,1,0,0,0,100,70
1466089257,1.236250,0.127734,0.156972,1.292500,2.143776,2.768756,0.993750,0.116432,0.115188,1.223750,0.140231,0.171220,1400,1400,1400,1400,2000,2000,2000,2000,600,69,72,72,70,61,0,0,0,0,0,0,0,100,70
1466089258,1.236250,0.127002,0.156972,1.292500,2.191726,2.830772,0.993750,0.116432,0.115188,1.226250,0.177723,0.217002,1400,1400,1400,1400,2000,2000,2000,2000,600,69,71,72,70,61,0,0,0,1,0,0,0,100,70
1466089259,1.236250,0.127002,0.156972,1.292500,2.141310,2.766172,0.993750,0.116432,0.115188,1.225000,0.155701,0.189875,1400,1400,1400,1400,2000,2000,2000,2000,600,69,71,72,70,61,0,0,0,0,0,0,0,100,70
1466089260,1.237500,0.130235,0.160810,1.292500,2.188164,2.826896,0.993750,0.116280,0.115188,1.225000,0.164710,0.200900,1400,1400,1400,1400,2000,2000,2000,2000,600,69,71,72,70,61,0,0,0,1,0,0,0,100,70
1466089261,1.236250,0.127490,0.156972,1.292500,2.170902,2.803640,0.993750,0.116280,0.115188,1.226250,0.169260,0.207194,1400,1400,1400,1400,2000,2000,2000,2000,600,69,71,72,70,61,0,0,0,0,0,0,0,100,70
1466089262,1.236250,0.129503,0.159444,1.292500,2.185972,2.823020,0.993750,0.116432,0.115188,1.226250,0.176267,0.215776,1400,1400,1400,1400,2000,2000,2000,2000,600,69,71,72,70,61,0,0,0,1,0,0,0,100,50
1466089263,1.236250,0.127002,0.156972,1.292500,2.138844,2.762296,0.993750,0.115976,0.114195,1.226250,0.169715,0.207194,1400,1400,1400,1400,2000,2000,2000,2000,600,69,71,72,70,61,0,0,0,0,0,0,0,100,50
1466089264,1.236250,0.127978,0.156972,1.292500,2.170902,2.803640,0.993750,0.115976,0.114195,1.226250,0.167258,0.204742,1400,1400,1400,1400,2000,2000,2000,2000,600,69,72,72,70,61,0,0,0,1,0,0,0,100,50
1466089265,1.236250,0.125965,0.154500,1.292500,2.158572,2.788136,0.993750,0.115976,0.114195,1.223750,0.142506,0.173666,1400,1400,1400,1400,2000,2000,2000,2000,600,69,71,72,70,61,0,0,0,0,0,0,0,100,50
1466089266,1.236250,0.129747,0.159444,1.292500,2.176382,2.811392,0.993750,0.115976,0.114195,1.226250,0.173719,0.212098,1400,1400,1400,1400,2000,2000,2000,2000,600,70,72,72,70,61,0,0,0,1,1,0,0,100,50
1466089267,1.236250,0.128222,0.158208,1.292500,2.192548,2.832064,0.995000,0.116280,0.115420,1.226250,0.181727,0.221906,1400,1400,1400,1400,2000,2000,2000,2000,600,69,71,72,70,60,0,0,0,0,0,0,0,100,50
1466089268,1.236250,0.126514,0.155736,1.292500,2.144324,2.770048,0.993750,0.115976,0.114195,1.226250,0.166712,0.203516,1400,1400,1400,1400,2000,2000,2000,2000,600,70,71,72,70,61,0,0,0,1,0,0,0,100,50
1466089269,1.236250,0.129747,0.159444,1.292500,2.180218,2.816560,0.995000,0.116432,0.115420,1.223750,0.147238,0.179781,1400,1400,1400,1400,2000,2000,2000,2000,600,69,71,72,69,60,0,0,0,0,0,0,0,100,50
1466089270,1.236250,0.127734,0.156972,1.292500,2.169258,2.802348,0.993750,0.115976,0.114195,1.223750,0.136773,0.166328,1400,1400,1400,1400,2000,2000,2000,2000,600,69,71,73,71,61,0,0,0,1,0,0,0,100,50
1466089271,1.236250,0.127002,0.156972,1.292500,2.184328,2.821728,0.993750,0.115976,0.114195,1.226250,0.178451,0.218228,1400,1400,1400,1400,2000,2000,2000,2000,600,69,71,72,69,60,0,0,0,0,0,0,0,100,50
1466089272,1.236250,0.127246,0.156972,1.292500,2.180492,2.816560,0.993750,0.115520,0.114195,1.225000,0.152698,0.186200,1400,1400,1400,1400,2000,2000,2000,2000,600,71,71,72,70,60,0,0,0,0,0,0,0,100,50
1466089273,1.236250,0.127734,0.156972,1.292500,2.168436,2.801056,0.993750,0.115672,0.114195,1.226250,0.170534,0.208420,1400,1400,1400,1400,2000,2000,2000,2000,600,69,71,72,69,61,0,0,0,1,0,0,0,100,50
1466089274,1.236250,0.126758,0.155736,1.292500,2.150352,2.777800,0.993750,0.115672,0.114195,1.223750,0.138502,0.168774,1400,1400,1400,1400,2000,2000,2000,2000,600,69,71,72,69,60,0,0,0,0,0,0,0,100,50
1466089275,1.236250,0.128466,0.158208,1.292500,2.173094,2.807516,0.993750,0.115672,0.114195,1.226250,0.175266,0.214550,1400,1400,1400,1400,2000,2000,2000,2000,600,69,72,72,69,60,0,0,0,1,0,0,0,100,50
1466089276,1.236250,0.126758,0.155736,1.292500,2.141036,2.766172,0.995000,0.115976,0.114425,1.225000,0.167713,0.204575,1400,1400,1400,1400,2000,2000,2000,2000,600,69,71,72,69,60,0,0,0,0,0,0,0,100,50
1466089277,1.236250,0.127002,0.156972,1.292500,2.145694,2.771340,0.993750,0.115672,0.114195,1.223750,0.142506,0.173666,1400,1400,1400,1400,2000,2000,2000,2000,600,69,71,72,70,60,0,0,0,1,0,0,0,100,50
1466089278,1.236250,0.129015,0.159444,1.292500,2.173368,2.807516,0.993750,0.115520,0.114195,1.226250,0.175266,0.214550,1400,1400,1400,1400,2000,2000,2000,2000,600,69,71,72,69,60,0,0,0,0,0,0,0,100,50
1466089279,1.237500,0.127246,0.157099,1.292500,2.141584,2.766172,0.993750,0.115520,0.114195,1.223750,0.140777,0.171220,1400,1400,1400,1400,2000,2000,2000,2000,600,69,71,72,70,60,0,0,0,0,0,0,0,100,50
1466089280,1.236250,0.126758,0.155736,1.292500,2.180766,2.816560,0.993750,0.115672,0.114195,1.226250,0.180726,0.220680,1400,1400,1400,1400,2000,2000,2000,2000,600,69,71,72,69,60,0,0,0,0,0,0,0,100,50
1466089281,1.236250,0.128771,0.158208,1.292500,2.132268,2.754544,0.993750,0.115520,0.114195,1.226250,0.167531,0.204742,1400,1400,1400,1400,2000,2000,2000,2000,600,69,71,72,69,60,0,0,0,1,0,0,0,100,50
1466089282,1.236250,0.125965,0.154500,1.292500,2.165696,2.797180,0.995000,0.115520,0.114425,1.226250,0.172263,0.210872,1400,1400,1400,1400,2000,2000,2000,2000,600,69,71,72,69,60,0,0,0,0,0,0,0,100,50
1466089283,1.236250,0.127002,0.156972,1.292500,2.137474,2.761004,0.993750,0.115520,0.114195,1.226250,0.182728,0.223132,1400,1400,1400,1400,2000,2000,2000,2000,600,69,71,72,69,60,0,0,0,1,0,0,0,100,50
1466089284,1.236250,0.127490,0.156972,1.292500,2.173368,2.807516,0.993750,0.115216,0.114195,1.226250,0.162708,0.198612,1400,1400,1400,1400,2000,2000,2000,2000,600,69,71,72,69,60,0,0,0,0,0,0,0,100,50
1466089285,1.237500,0.127734,0.157099,1.292500,2.169258,2.802348,0.993750,0.115216,0.114195,1.223750,0.154973,0.188342,1400,1400,1400,1400,2000,2000,2000,2000,600,69,71,72,69,60,0,0,0,1,0,0,0,100,50
1466089286,1.236250,0.127978,0.156972,1.292500,2.151448,2.779092,0.993750,0.115216,0.114195,1.226250,0.171262,0.209646,1400,1400,1400,1400,2000,2000,2000,2000,600,69,70,72,69,60,0,0,0,0,0,0,0,100,50
1466089287,1.236250,0.129259,0.159444,1.292500,2.171998,2.804932,0.993750,0.115216,0.114195,1.226250,0.177996,0.217002,1400,1400,1400,1400,2000,2000,2000,2000,600,69,71,72,69,60,0,0,0,1,0,0,0,100,50
1466089288,1.236250,0.127246,0.156972,1.291250,2.131720,2.751121,0.993750,0.115520,0.114195,1.225000,0.155519,0.189875,1400,1400,1400,1400,2000,2000,2000,2000,600,69,71,72,69,60,0,0,0,0,0,0,0,100,50
1466089289,1.236250,0.127002,0.156972,1.292500,2.180766,2.816560,0.995000,0.115520,0.114425,1.226250,0.170534,0.208420,1400,1400,1400,1400,2000,2000,2000,2000,600,69,71,72,69,60,0,0,0,1,0,0,0,100,50
1466089290,1.236250,0.124989,0.153264,1.291250,2.129254,2.748539,0.993750,0.115216,0.114195,1.223750,0.140777,0.171220,1400,1400,1400,1400,2000,2000,2000,2000,600,69,71,72,69,60,0,0,0,0,0,0,0,100,50
1466089291,1.237500,0.127978,0.157099,1.292500,2.170080,2.803640,0.995000,0.114912,0.113430,1.226250,0.174993,0.213324,1400,1400,1400,1400,2000,2000,2000,2000,600,69,71,72,69,60,0,0,0,1,0,0,0,100,50
1466089292,1.236250,0.126758,0.155736,1.291250,2.133364,2.753703,0.993750,0.115520,0.114195,1.226250,0.169988,0.207194,1400,1400,1400,1400,2000,2000,2000,2000,600,69,71,72,69,60,0,0,0,0,0,0,0,100,50
1466089293,1.236250,0.127734,0.156972,1.292500,2.128432,2.749376,0.995000,0.114912,0.113430,1.226250,0.166985,0.203516,1400,1400,1400,1400,2000,2000,2000,2000,600,69,71,72,69,60,0,0,0,1,0,0,0,100,50
1466089294,1.236250,0.127490,0.156972,1.292500,2.187068,2.825604,0.993750,0.114912,0.113202,1.223750,0.141778,0.172443,1400,1400,1400,1400,2000,2000,2000,2000,600,69,71,72,69,60,0,0,1,0,0,0,0,100,50
1466089295,1.236250,0.127734,0.156972,1.292500,2.158572,2.788136,0.993750,0.114912,0.113202,1.226250,0.173719,0.212098,1400,1400,1400,1400,2000,2000,2000,2000,600,69,70,72,69,60,0,0,0,2,0,0,0,100,50
1466089296,1.236250,0.128466,0.158208,1.291250,2.140488,2.762740,0.995000,0.114912,0.113430,1.226250,0.183729,0.224358,1400,1400,1400,1400,2000,2000,2000,2000,600,69,71,71,69,60,0,0,0,0,0,0,0,100,50
1466089297,1.235000,0.134749,0.165490,1.291250,2.132816,2.752412,0.993750,0.114912,0.113202,1.223750,0.144235,0.176112,1400,1400,1400,1400,2000,2000,2000,2000,600,69,71,72,69,60,0,0,0,1,0,0,0,100,50
1466089298,1.236250,0.129259,0.159444,1.292500,2.181040,2.817852,0.993750,0.114760,0.113202,1.226250,0.172263,0.210872,1400,1400,1400,1400,2000,2000,2000,2000,600,69,71,72,69,60,0,0,0,0,0,0,0,100,50
1466089299,1.236250,0.124989,0.153264,1.291250,2.132816,2.752412,0.993750,0.114912,0.113202,1.222500,0.138957,0.168636,1400,1400,1400,1400,2000,2000,2000,2000,600,69,71,72,69,60,0,0,0,2,0,0,0,100,50
1466089300,1.236250,0.127978,0.156972,1.291250,2.164874,2.793724,0.993750,0.114760,0.113202,1.226250,0.177450,0.217002,1400,1400,1400,1400,2000,2000,2000,2000,600,69,71,71,69,60,0,0,0,0,0,0,0,100,50
1466089301,1.236250,0.127246,0.156972,1.291250,2.126514,2.744666,0.993750,0.114760,0.113202,1.225000,0.156247,0.191100,1400,1400,1400,1400,2000,2000,2000,2000,600,69,71,72,69,60,0,0,0,1,0,0,0,100,50
1466089302,1.236250,0.126270,0.155736,1.292500,2.124870,2.744208,0.993750,0.114760,0.113202,1.223750,0.169715,0.206687,1400,1400,1400,1400,2000,2000,2000,2000,600,68,71,72,69,60,0,0,0,0,0,0,0,100,50
1466089303,1.236250,0.127246,0.156972,1.292500,2.193918,2.833356,0.993750,0.114760,0.113202,1.226250,0.178724,0.218228,1400,1400,1400,1400,2000,2000,2000,2000,600,68,70,71,69,60,0,0,0,1,0,0,0,100,50
1466089304,1.236250,0.125965,0.154500,1.291250,2.149804,2.774359,0.993750,0.114760,0.113202,1.223750,0.150241,0.183450,1400,1400,1400,1400,2000,2000,2000,2000,600,69,70,72,69,60,0,0,0,0,0,0,0,100,50
1466089305,1.236250,0.127734,0.156972,1.292500,2.139940,2.763588,0.993750,0.114760,0.113202,1.225000,0.170534,0.208250,1400,1400,1400,1400,2000,2000,2000,2000,600,68,70,71,69,60,0,0,0,1,1,0,0,100,50
1466089306,1.236250,0.125477,0.154500,1.292500,2.167340,2.799764,0.993750,0.114760,0.113202,1.225000,0.168987,0.205800,1400,1400,1400,1400,2000,2000,2000,2000,600,69,71,71,69,60,0,0,0,0,0,0,0,100,50
1466089307,1.235000,0.133224,0.164255,1.292500,2.208440,2.852736,0.993750,0.114760,0.113202,1.226250,0.174993,0.213324,1400,1400,1400,1400,2000,2000,2000,2000,600,68,70,71,69,60,0,0,0,1,0,1,0,100,50
1466089308,1.236250,0.124989,0.153264,1.292500,2.162682,2.793304,0.995000,0.114760,0.113430,1.223750,0.136773,0.166328,1400,1400,1400,1400,2000,2000,2000,2000,600,68,70,71,69,60,0,0,0,0,0,0,0,100,50
1466089309,1.236250,0.127246,0.156972,1.292500,2.242142,2.896664,0.993750,0.114760,0.113202,1.225000,0.168987,0.205800,1400,1400,1400,1400,2000,2000,2000,2000,600,68,70,71,69,60,1,0,0,1,0,0,0,100,50
1466089310,1.236250,0.126758,0.155736,1.292500,2.124596,2.744208,0.993750,0.114456,0.113202,1.223750,0.142506,0.173666,1400,1400,1400,1400,2000,2000,2000,2000,600,68,70,71,69,60,0,0,0,0,0,0,0,100,50
1466089311,1.236250,0.134261,0.165624,1.292500,2.175286,2.810100,0.993750,0.114456,0.113202,1.226250,0.172991,0.210872,1400,1400,1400,1400,2000,2000,2000,2000,600,69,71,71,69,60,0,0,0,1,0,0,0,100,50
1466089312,1.236250,0.129015,0.159444,1.292500,2.168710,2.801056,0.995000,0.114760,0.113430,1.226250,0.181454,0.221906,1400,1400,1400,1400,2000,2000,2000,2000,600,68,70,71,69,60,0,0,0,0,0,0,0,100,50
1466089313,1.236250,0.133468,0.164388,1.291250,2.165148,2.795015,0.993750,0.114760,0.113202,1.225000,0.165529,0.202125,1400,1400,1400,1400,2000,2000,2000,2000,600,69,70,72,69,60,0,0,0,1,0,0,0,100,50
1466089314,1.236250,0.127246,0.156972,1.292500,2.164874,2.795888,0.993750,0.114456,0.113202,1.223750,0.154700,0.188342,1400,1400,1400,1400,2000,2000,2000,2000,600,68,70,71,69,60,0,0,0,0,0,0,0,100,50
1466089315,1.236250,0.128222,0.158208,1.292500,2.199398,2.841108,0.993750,0.114304,0.113202,1.223750,0.171444,0.209133,1400,1400,1400,1400,2000,2000,2000,2000,600,69,70,71,69,60,0,0,0,1,0,0,0,100,50
1466089316,1.236250,0.125965,0.154500,1.292500,2.169532,2.802348,0.995000,0.114304,0.113430,1.226250,0.176267,0.215776,1400,1400,1400,1400,2000,2000,2000,2000,600,68,70,71,69,60,0,0,0,0,0,0,0,100,50
1466089317,1.235000,0.132736,0.163020,1.292500,2.224332,2.873408,0.993750,0.114000,0.113202,1.225000,0.159978,0.194775,1400,1400,1400,1400,2000,2000,2000,2000,600,68,70,71,69,60,0,0,0,1,0,0,0,100,50
1466089318,1.236250,0.126758,0.155736,1.292500,2.159394,2.789428,0.993750,0.114304,0.113202,1.225000,0.169260,0.207025,1400,1400,1400,1400,2000,2000,2000,2000,600,68,70,71,69,60,0,0,0,0,0,0,0,100,50
1466089319,1.235000,0.135969,0.166725,1.292500,2.190904,2.829480,0.993750,0.114304,0.113202,1.223750,0.141505,0.172443,1400,1400,1400,1400,2000,2000,2000,2000,600,68,70,71,69,60,0,0,0,1,0,0,0,100,50
1466089320,1.236250,0.127246,0.156972,1.292500,2.172820,2.806224,0.993750,0.114456,0.113202,1.226250,0.175266,0.214550,1400,1400,1400,1400,2000,2000,2000,2000,600,68,71,71,69,60,0,0,0,0,0,0,0,100,50
1466089321,1.235000,0.131516,0.161785,1.292500,2.240498,2.894080,0.993750,0.114000,0.113202,1.225000,0.140504,0.171500,1400,1400,1400,1400,2000,2000,2000,2000,600,68,70,71,69,60,0,0,0,0,0,0,0,100,50
1466089322,1.236250,0.126758,0.155736,1.291250,2.131172,2.751121,0.993750,0.114456,0.113202,1.223750,0.140777,0.171220,1400,1400,1400,1400,2000,2000,2000,2000,600,68,70,71,69,60,0,0,0,0,0,0,0,100,50
1466089323,1.235000,0.133224,0.164255,1.292500,2.234470,2.886328,0.993750,0.114304,0.113202,1.226250,0.173719,0.212098,1400,1400,1400,1400,2000,2000,2000,2000,600,68,70,71,69,60,0,0,0,1,0,0,0,100,50
1466089324,1.236250,0.125233,0.154500,1.291250,2.122404,2.739502,0.993750,0.114304,0.113202,1.223750,0.133497,0.162659,1400,1400,1400,1400,2000,2000,2000,2000,600,68,70,71,69,60,0,0,0,0,0,0,0,100,50
1466089325,1.235000,0.132492,0.163020,1.292500,2.222140,2.870824,0.995000,0.114304,0.113430,1.226250,0.182455,0.223132,1400,1400,1400,1400,2000,2000,2000,2000,600,68,70,71,69,60,0,0,0,1,0,0,0,100,50
1466089326,1.236250,0.125477,0.154500,1.291250,2.142680,2.765322,0.993750,0.113696,0.112209,1.225000,0.162253,0.198450,1400,1400,1400,1400,2000,2000,2000,2000,600,68,70,71,69,60,0,0,0,0,0,0,0,100,50
1466089327,1.236250,0.124501,0.153264,1.292500,2.227620,2.877284,0.993750,0.114000,0.113202,1.226250,0.172718,0.210872,1400,1400,1400,1400,2000,2000,2000,2000,600,68,70,71,68,60,0,0,0,1,0,0,0,100,50
1466089328,1.236250,0.129015,0.159444,1.291250,2.123774,2.740793,0.993750,0.114000,0.113202,1.223750,0.140231,0.171220,1400,1400,1400,1400,2000,2000,2000,2000,600,68,70,71,69,60,0,0,0,0,0,0,0,100,50
1466089329,1.236250,0.135481,0.166860,1.291250,2.130076,2.749830,0.993750,0.114304,0.113202,1.225000,0.159250,0.194775,1400,1400,1400,1400,2000,2000,2000,2000,600,68,71,71,68,60,0,0,0,1,1,0,0,100,50
1466089330,1.236250,0.126270,0.155736,1.292500,2.163504,2.794596,0.993750,0.114000,0.113202,1.225000,0.158249,0.193550,1400,1400,1400,1400,2000,2000,2000,2000,600,68,70,71,69,60,0,0,0,0,0,0,0,100,50
1466089331,1.236250,0.133224,0.164388,1.292500,2.222140,2.870824,0.993750,0.114000,0.113202,1.226250,0.172445,0.210872,1400,1400,1400,1400,2000,2000,2000,2000,600,68,69,71,69,60,0,0,0,1,0,0,0,100,50
1466089332,1.236250,0.127490,0.156972,1.292500,2.167614,2.799764,0.995000,0.114000,0.113430,1.226250,0.175266,0.214550,1400,1400,1400,1400,2000,2000,2000,2000,600,68,70,71,68,60,0,0,0,0,0,0,0,100,50
1466089333,1.235000,0.130967,0.160550,1.291250,2.117472,2.733047,0.993750,0.113696,0.112209,1.225000,0.146783,0.178850,1400,1400,1400,1400,2000,2000,2000,2000,600,68,70,71,69,60,0,0,0,1,0,0,0,100,50
1466089334,1.236250,0.127734,0.156972,1.292500,2.169258,2.802348,0.993750,0.114000,0.113202,1.226250,0.170534,0.208420,1400,1400,1400,1400,200