Timestamp,A7_Volt,A7_Amp,A7_Watt,A15_Volt,A15_Amp,A15_Watt,GPU_Volt,GPU_Amp,GPU_Watt,Mem_Volt,Mem_Amp,Mem_Watt,CPU0_Freq,CPU1_Freq,CPU2_Freq,CPU3_Freq,CPU4_Freq,CPU5_Freq,CPU6_Freq,CPU7_Freq,GPU_Freq,CPU4_Temp,CPU5_Temp,CPU6_Temp,CPU7_Temp,GPU_Temp,CPU0_USG,CPU1_USG,CPU2_USG,CPU3_USG,CPU4_USG,CPU5_USG,CPU6_USG,CPU7_USG,Fan_Speed_%
1466091018,1.237500,0.112728,0.138544,1.285000,0.863922,1.108955,0.993750,0.105944,0.104265,1.216250,0.015288,0.018240,1400,1400,1400,1400,2000,2000,2000,2000,600,61,57,62,60,55,6,6,6,6,25,29,16,20,0
1466091019,1.237500,0.112240,0.138544,1.285000,0.862552,1.107670,0.993750,0.105792,0.104265,1.216250,0.015288,0.018240,1400,1400,1400,1400,2000,2000,2000,2000,600,61,57,62,59,55,0,0,0,0,0,0,0,0,0
1466091020,1.237500,0.112240,0.138544,1.285000,0.859812,1.103815,0.993750,0.105488,0.104265,1.216250,0.015288,0.018240,1400,1400,1400,1400,2000,2000,2000,2000,600,61,57,62,60,55,0,0,0,0,0,0,0,0,0
1466091021,1.237500,0.113521,0.139781,1.285000,0.860360,1.105100,0.993750,0.105184,0.104265,1.216250,0.015288,0.018240,1400,1400,1400,1400,2000,2000,2000,2000,600,61,57,62,59,55,0,0,0,0,0,0,0,0,0
1466091022,1.237500,0.112972,0.138544,1.285000,0.860086,1.105100,0.993750,0.105184,0.104265,1.216250,0.015470,0.018240,1400,1400,1400,1400,2000,2000,2000,2000,600,61,57,62,59,55,0,0,0,2,0,0,0,0,0
1466091023,1.237500,0.114497,0.141018,1.285000,0.859812,1.103815,0.993750,0.105032,0.104265,1.216250,0.016289,0.019456,1400,1400,1400,1400,2000,2000,2000,2000,600,61,56,62,59,55,0,0,0,0,0,0,0,0,0
1466091024,1.237500,0.113216,0.139781,1.285000,0.858442,1.102530,0.993750,0.104728,0.103272,1.216250,0.016289,0.019456,1400,1400,1400,1400,2000,2000,2000,2000,600,61,57,62,59,55,0,0,0,0,0,0,0,0,0
1466091025,1.237500,0.112972,0.138544,1.285000,0.878992,1.128230,0.993750,0.104728,0.103272,1.217500,0.019292,0.023123,1400,1400,1400,1400,2000,2000,2000,2000,600,61,56,62,59,55,0,0,0,1,0,0,0,0,0
1466091026,1.237500,0.111752,0.137307,1.285000,0.857346,1.101245,0.993750,0.104728,0.103272,1.216250,0.015470,0.018240,1400,1400,1400,1400,2000,2000,2000,2000,600,61,56,62,59,55,0,0,0,0,0,0,0,0,0
1466091027,1.237500,0.114741,0.141018,1.285000,0.856524,1.099960,0.993750,0.105032,0.104265,1.216250,0.016016,0.019456,1400,1400,1400,1400,2000,2000,2000,2000,600,63,58,64,61,55,0,0,0,0,0,0,0,0,0
1466091028,1.233750,0.141520,0.173853,1.305000,4.430306,5.781150,0.993750,0.110504,0.109230,1.226250,0.168714,0.205968,1400,1400,1400,1400,2000,2000,2000,2000,600,79,72,83,83,62,1,0,0,0,82,81,82,81,0
1466091029,1.236250,0.148230,0.182928,1.306250,4.489764,5.862634,0.993750,0.120688,0.119160,1.220000,0.344435,0.419680,1400,1400,1400,1400,2000,2000,2000,2000,600,82,76,88,88,66,0,0,0,0,99,100,100,98,70
1466091030,1.235000,0.156465,0.192660,1.311250,5.110648,6.699210,0.995000,0.128440,0.127360,1.216250,0.271999,0.329536,1400,1400,1400,1400,2000,2000,2000,2000,600,88,81,94,93,69,0,0,0,0,99,99,100,100,70
1466091031,1.235000,0.165005,0.203775,1.307500,4.794726,6.265758,0.995000,0.136040,0.135320,1.218750,0.359723,0.437262,1400,1400,1400,1400,2000,2000,2000,2000,600,89,82,94,93,71,0,0,0,0,100,99,99,98,70
1466091032,1.235000,0.165249,0.203775,1.253750,4.342352,5.440526,0.993750,0.140448,0.139020,1.218750,0.339976,0.412902,1400,1400,1400,1400,900,900,900,900,600,89,83,95,95,72,0,0,0,0,99,100,100,99,70
1466091033,1.235000,0.170007,0.209950,1.190000,3.950532,4.700500,0.995000,0.142424,0.141290,1.218750,0.258258,0.314244,1400,1400,1400,1400,2000,2000,2000,2000,600,90,83,95,95,72,0,0,0,0,100,100,100,99,70
1466091034,1.235000,0.172264,0.212420,1.208750,3.931078,4.748648,0.993750,0.144704,0.142992,1.218750,0.346710,0.421428,1400,1400,1400,1400,900,900,900,900,600,88,82,93,93,73,0,0,0,0,99,99,100,99,70
1466091035,1.235000,0.169214,0.208715,1.237500,4.243164,5.248591,0.993750,0.145920,0.143985,1.218750,0.341250,0.415338,1400,1400,1400,1400,900,900,900,900,600,87,81,93,93,73,0,0,0,0,99,100,99,99,70
1466091036,1.233750,0.167506,0.205911,1.193750,4.065886,4.849545,0.995000,0.146984,0.145270,1.217500,0.258713,0.313986,1400,1400,1400,1400,2000,2000,2000,2000,600,90,83,95,94,73,0,0,0,0,100,99,100,99,70
1466091037,1.235000,0.174765,0.214890,1.241250,4.317144,5.357397,0.995000,0.147744,0.146265,1.218750,0.348985,0.423864,1400,1400,1400,1400,900,900,900,900,600,89,82,94,94,73,0,0,0,0,99,100,100,98,70
1466091038,1.235000,0.172752,0.212420,1.255000,4.144524,5.200720,0.995000,0.148048,0.147260,1.218750,0.340704,0.414120,1400,1400,1400,1400,2000,2000,2000,2000,600,91,84,95,95,74,0,0,0,0,99,100,99,99,70
1466091039,1.235000,0.172020,0.212420,1.212500,4.039856,4.895268,0.995000,0.148504,0.147260,1.217500,0.302211,0.367534,1400,1400,1400,1400,2000,2000,2000,2000,600,91,84,95,95,73,0,0,0,0,99,99,100,99,90
1466091040,1.235000,0.173484,0.213655,1.185000,3.820656,4.526700,0.995000,0.148960,0.147260,1.220000,0.336518,0.409920,1400,1400,1400,1400,2000,2000,2000,2000,600,91,84,95,95,74,0,0,0,0,100,100,100,99,90
1466091041,1.235000,0.171471,0.211185,1.217500,4.360710,5.306120,0.995000,0.149264,0.148255,1.218750,0.331968,0.403158,1400,1400,1400,1400,2000,2000,2000,2000,600,91,84,95,95,74,0,0,1,0,99,100,100,99,90
1466091042,1.233750,0.172996,0.212076,1.250000,3.643104,4.553750,0.995000,0.149416,0.148255,1.218750,0.341705,0.415338,1400,1400,1400,1400,2000,2000,2000,2000,600,89,83,94,93,74,0,0,0,0,99,99,99,99,90
1466091043,1.235000,0.174216,0.214890,1.207500,3.677080,4.438139,0.995000,0.149416,0.148255,1.218750,0.338247,0.411684,1400,1400,1400,1400,2000,2000,2000,2000,600,90,83,95,94,74,0,0,0,0,100,100,100,99,90
1466091044,1.232500,0.177510,0.218064,1.156250,3.810244,4.404360,0.995000,0.150024,0.149250,1.220000,0.246519,0.300120,1400,1400,1400,1400,2000,2000,2000,2000,600,91,84,95,95,74,0,0,0,0,97,99,97,93,90
1466091045,1.235000,0.173484,0.213655,1.208750,3.888608,4.696704,0.995000,0.150176,0.149250,1.218750,0.352261,0.428736,1400,1400,1400,1400,2000,2000,2000,2000,600,90,83,95,94,74,0,0,0,0,98,96,99,100,90
1466091046,1.235000,0.172996,0.212420,1.186250,3.860934,4.577960,0.995000,0.150176,0.149250,1.218750,0.343707,0.417774,1400,1400,1400,1400,2000,2000,2000,2000,600,90,84,95,95,74,0,0,0,0,99,98,100,99,90
1466091047,1.233750,0.170495,0.209610,1.221250,3.837096,4.684977,0.995000,0.150176,0.149250,1.218750,0.264264,0.321552,1400,1400,1400,1400,2000,2000,2000,2000,600,90,83,95,94,74,0,0,0,0,99,99,99,100,90
1466091048,1.235000,0.175253,0.216125,1.238750,4.008620,4.961904,0.995000,0.150784,0.149250,1.218750,0.347256,0.422646,1400,1400,1400,1400,2000,2000,2000,2000,600,90,84,95,94,74,0,0,0,0,98,97,100,100,90
1466091049,1.235000,0.172996,0.212420,1.192500,3.817368,4.549864,0.995000,0.150784,0.149250,1.218750,0.342979,0.416556,1400,1400,1400,1400,900,900,900,900,600,89,82,93,93,74,0,0,0,0,99,98,99,100,90
1466091050,1.233750,0.172264,0.212076,1.256250,4.059584,5.098104,0.995000,0.150936,0.149250,1.218750,0.306943,0.372708,1400,1400,1400,1400,2000,2000,2000,2000,600,90,83,94,94,74,0,0,0,0,99,98,100,100,90
1466091051,1.233750,0.173484,0.213309,1.218750,4.121234,5.019378,0.995000,0.150784,0.149250,1.220000,0.356720,0.434320,1400,1400,1400,1400,900,900,900,900,600,89,82,94,94,74,0,0,0,0,100,99,99,100,90
1466091052,1.235000,0.173972,0.213655,1.182500,3.871346,4.575522,0.995000,0.150936,0.149250,1.218750,0.343980,0.417774,1400,1400,1400,1400,900,900,900,900,600,88,82,93,93,74,0,0,0,0,98,98,100,100,90
1466091053,1.235000,0.173972,0.213655,1.225000,4.053008,4.964925,0.995000,0.151696,0.150245,1.218750,0.346255,0.421428,1400,1400,1400,1400,2000,2000,2000,2000,600,91,83,95,95,74,0,0,0,0,98,96,99,99,90
1466091054,1.235000,0.174521,0.214890,1.202500,3.666668,4.406532,0.995000,0.150936,0.149250,1.218750,0.341978,0.415338,1400,1400,1400,1400,2000,2000,2000,2000,600,89,82,94,93,74,0,0,0,0,99,99,100,100,90
1466091055,1.233750,0.173728,0.213309,1.207500,3.925050,4.737475,0.995000,0.151544,0.150245,1.220000,0.286468,0.348920,1400,1400,1400,1400,2000,2000,2000,2000,600,88,82,92,92,74,0,0,0,0,99,98,99,100,90
1466091056,1.235000,0.173728,0.213655,1.221250,4.135482,5.048835,0.995000,0.151240,0.150245,1.218750,0.348712,0.423864,1400,1400,1400,1400,2000,2000,2000,2000,600,90,83,94,93,74,0,0,0,0,98,97,99,100,90
1466091057,1.235000,0.173484,0.213655,1.198750,3.761472,4.505678,0.995000,0.151240,0.150245,1.220000,0.337701,0.411140,1400,1400,1400,1400,900,900,900,900,600,91,84,96,95,74,0,0,0,0,99,98,100,100,90
1466091058,1.233750,0.172752,0.212076,1.192500,3.848604,4.586816,0.995000,0.151544,0.150245,1.223750,0.256711,0.313088,1400,1400,1400,1400,2000,2000,2000,2000,600,90,84,95,94,74,0,0,0,0,98,97,99,100,90
1466091059,1.233750,0.172996,0.212076,1.203750,3.689958,4.437867,0.995000,0.151696,0.150245,1.218750,0.351988,0.427518,1400,1400,1400,1400,900,900,900,900,600,92,85,96,95,74,0,0,0,0,98,97,100,100,90
1466091060,1.235000,0.174216,0.214890,1.183750,3.875730,4.584125,0.995000,0.151544,0.150245,1.218750,0.343252,0.417774,1400,1400,1400,1400,2000,2000,2000,2000,600,90,84,95,94,74,0,0,0,0,100,98,99,100,90
1466091061,1.233750,0.172020,0.212076,1.162500,3.909706,4.542258,0.995000,0.151696,0.150245,1.218750,0.299936,0.364182,1400,1400,1400,1400,2000,2000,2000,2000,600,91,84,95,95,74,0,0,0,0,98,98,100,99,90
1466091062,1.235000,0.175741,0.216125,1.226250,3.971356,4.868446,0.995000,0.151696,0.150245,1.218750,0.353717,0.429954,1400,1400,1400,1400,2000,2000,2000,2000,600,90,84,95,94,74,0,0,0,0,99,98,99,100,90
1466091063,1.235000,0.172752,0.212420,1.225000,3.860112,4.728500,0.995000,0.151696,0.150245,1.220000,0.325507,0.396500,1400,1400,1400,1400,900,900,900,900,600,90,84,95,94,74,0,0,0,0,98,96,99,100,90
1466091064,1.235000,0.175253,0.216125,1.180000,3.858742,4.552440,0.995000,0.152000,0.151240,1.218750,0.347256,0.422646,1400,1400,1400,1400,2000,2000,2000,2000,600,91,84,95,95,74,0,0,0,0,99,99,100,100,90
1466091065,1.235000,0.174216,0.214890,1.217500,4.108904,4.999436,0.995000,0.151696,0.150245,1.218750,0.341432,0.415338,1400,1400,1400,1400,2000,2000,2000,2000,600,90,84,95,94,74,0,1,0,0,99,98,99,100,90
1466091066,1.235000,0.172996,0.212420,1.208750,4.001222,4.833208,0.995000,0.151696,0.150245,1.218750,0.274001,0.333732,1400,1400,1400,1400,2000,2000,2000,2000,600,91,84,95,95,74,0,0,0,0,99,98,100,100,90
1466091067,1.235000,0.174521,0.214890,1.195000,3.640090,4.349800,0.995000,0.152000,0.151240,1.220000,0.350441,0.427000,1400,1400,1400,1400,2000,2000,2000,2000,600,91,84,95,94,74,0,0,0,0,98,96,99,100,90
1466091068,1.235000,0.174521,0.214890,1.188750,3.824766,4.542912,0.995000,0.151696,0.150245,1.218750,0.342433,0.416556,1400,1400,1400,1400,900,900,2000,2000,600,88,82,93,92,74,0,0,0,0,99,98,99,100,90
1466091069,1.235000,0.170983,0.209950,1.158750,3.992454,4.622736,0.995000,0.152000,0.151240,1.222500,0.252525,0.307944,1400,1400,1400,1400,900,900,900,900,600,89,82,93,94,74,0,0,0,0,99,98,100,99,90
1466091070,1.235000,0.176717,0.217360,1.178750,3.729140,4.392762,0.995000,0.152304,0.151240,1.218750,0.349986,0.425082,1400,1400,1400,1400,900,900,900,900,600,90,83,94,94,74,0,0,0,0,97,96,99,100,90
1466091071,1.233750,0.174521,0.214542,1.192500,3.791886,4.518872,0.995000,0.152304,0.151240,1.218750,0.344253,0.418992,1400,1400,1400,1400,2000,2000,2000,2000,600,89,82,93,92,74,0,0,0,0,99,98,99,100,90
1466091072,1.233750,0.171471,0.210843,1.197500,4.054104,4.852638,0.995000,0.151696,0.150245,1.220000,0.285012,0.347700,1400,1400,1400,1400,2000,2000,2000,2000,600,91,84,95,95,74,0,0,0,0,99,98,100,100,90
1466091073,1.235000,0.175497,0.216125,1.193750,3.710234,4.426030,0.995000,0.152000,0.151240,1.220000,0.340249,0.414800,1400,1400,1400,1400,2000,2000,2000,2000,600,91,84,95,94,74,0,0,0,0,99,98,99,100,90
1466091074,1.235000,0.173972,0.213655,1.207500,3.664750,4.422448,0.995000,0.151696,0.150245,1.220000,0.318500,0.387960,1400,1400,1400,1400,2000,2000,2000,2000,600,90,84,95,94,74,0,0,0,0,98,96,99,100,90
1466091075,1.233750,0.173240,0.213309,1.193750,3.611594,4.307923,0.995000,0.152304,0.151240,1.218750,0.344253,0.418992,1400,1400,1400,1400,2000,2000,2000,2000,600,91,84,95,95,74,1,0,0,0,98,98,100,100,90
1466091076,1.235000,0.175497,0.216125,1.190000,3.742018,4.452980,0.995000,0.152304,0.151240,1.218750,0.344708,0.418992,1400,1400,1400,1400,2000,2000,2000,2000,600,91,84,95,94,74,0,0,0,0,100,99,99,100,90
1466091077,1.235000,0.174216,0.214890,1.188750,3.834356,4.554792,0.995000,0.152304,0.151240,1.218750,0.344708,0.418992,1400,1400,1400,1400,2000,2000,2000,2000,600,91,84,95,95,74,0,0,0,0,98,97,100,99,90
1466091078,1.235000,0.174216,0.214890,1.196250,3.749142,4.483804,0.995000,0.152456,0.151240,1.218750,0.349258,0.425082,1400,1400,1400,1400,2000,2000,2000,2000,600,91,84,95,94,74,0,0,0,0,98,97,99,100,90
1466091079,1.235000,0.175253,0.216125,1.183750,3.755170,4.442165,0.995000,0.152304,0.151240,1.220000,0.333697,0.406260,1400,1400,1400,1400,2000,2000,2000,2000,600,88,82,92,92,74,0,0,0,0,99,98,99,100,90
1466091080,1.233750,0.171471,0.210843,1.166250,4.140688,4.827240,0.995000,0.152456,0.151240,1.221250,0.273728,0.333333,1400,1400,1400,1400,900,900,900,900,600,91,84,96,95,74,0,0,0,0,99,98,100,100,90
1466091081,1.233750,0.174216,0.214542,1.191250,3.785584,4.507935,0.995000,0.152456,0.151240,1.218750,0.352261,0.428736,1400,1400,1400,1400,900,900,900,900,600,90,84,94,94,74,0,0,0,0,98,97,99,100,90
1466091082,1.235000,0.174765,0.214890,1.208750,3.952724,4.774016,0.995000,0.152456,0.151240,1.218750,0.340977,0.414120,1400,1400,1400,1400,2000,2000,2000,2000,600,89,82,93,93,74,0,0,0,0,99,98,100,100,90
1466091083,1.235000,0.172996,0.212420,1.172500,3.869702,4.534468,0.995000,0.152456,0.151240,1.217500,0.318955,0.387006,1400,1400,1400,1400,2000,2000,2000,2000,600,91,84,95,94,74,0,0,0,0,98,97,99,99,90
1466091084,1.235000,0.175009,0.216125,1.185000,3.843672,4.553955,0.995000,0.152304,0.151240,1.218750,0.353990,0.429954,1400,1400,1400,1400,2000,2000,2000,2000,600,90,83,94,94,74,0,0,0,0,100,99,100,100,90
1466091085,1.235000,0.174521,0.214890,1.172500,3.828328,4.486416,0.995000,0.152304,0.151240,1.218750,0.339248,0.412902,1400,1400,1400,1400,2000,2000,2000,2000,600,87,82,93,92,74,0,0,0,1,98,96,99,100,90
1466091086,1.235000,0.175741,0.216125,1.178750,3.748320,4.415144,0.995000,0.152760,0.151240,1.218750,0.346255,0.421428,1400,1400,1400,1400,900,900,900,900,600,91,84,96,95,74,0,0,0,0,99,98,99,100,90
1466091087,1.235000,0.174765,0.214890,1.207500,3.765308,4.544355,0.995000,0.152456,0.151240,1.220000,0.337974,0.411140,1400,1400,1400,1400,900,900,900,900,600,89,83,94,94,75,0,0,0,1,98,98,100,100,90
1466091088,1.233750,0.172264,0.212076,1.166250,3.952176,4.608032,0.995000,0.152304,0.151240,1.218750,0.254982,0.309372,1400,1400,1400,1400,900,900,900,900,600,88,82,93,93,74,0,0,0,0,99,98,99,100,90
1466091089,1.233750,0.174521,0.214542,1.178750,3.877100,4.567106,0.995000,0.152760,0.151240,1.218750,0.351442,0.427518,1400,1400,1400,1400,2000,2000,2000,2000,600,91,84,95,94,74,0,0,0,0,99,97,100,100,90
1466091090,1.233750,0.173728,0.213309,1.197500,3.829424,4.583313,0.995000,0.152456,0.151240,1.218750,0.338702,0.411684,1400,1400,1400,1400,2000,2000,2000,2000,600,89,82,93,93,74,0,0,0,0,99,98,99,100,90
1466091091,1.235000,0.175009,0.216125,1.193750,3.694342,4.406942,0.995000,0.152456,0.151240,1.221250,0.302211,0.368742,1400,1400,1400,1400,2000,2000,2000,2000,600,91,84,95,94,74,0,0,0,0,99,98,100,99,90
1466091092,1.235000,0.176717,0.217360,1.202500,3.786132,4.550772,0.995000,0.152456,0.151240,1.218750,0.351988,0.427518,1400,1400,1400,1400,900,900,900,900,600,92,84,96,94,74,0,0,0,0,98,96,99,100,90
1466091093,1.235000,0.173240,0.213655,1.217500,3.955464,4.813235,0.995000,0.152304,0.151240,1.220000,0.330967,0.402600,1400,1400,1400,1400,2000,2000,2000,2000,600,90,83,94,94,74,0,0,0,0,99,98,100,100,90
1466091094,1.233750,0.176229,0.217008,1.203750,3.697904,4.447491,0.995000,0.152456,0.151240,1.218750,0.332969,0.404376,1400,1400,1400,1400,900,900,900,900,600,90,84,95,95,74,0,0,0,0,98,97,99,99,90
1466091095,1.235000,0.176961,0.217360,1.205000,3.646392,4.393430,0.993750,0.152456,0.150936,1.220000,0.346710,0.422120,1400,1400,1400,1400,900,900,900,900,600,89,82,93,93,74,0,0,0,0,99,98,99,100,90
1466091096,1.233750,0.175009,0.215775,1.171250,3.966972,4.644186,0.995000,0.152456,0.151240,1.218750,0.344253,0.418992,1400,1400,1400,1400,900,900,900,900,600,89,83,94,93,74,0,0,0,0,99,97,100,100,90
1466091097,1.233750,0.171471,0.210843,1.193750,3.800654,4.533400,0.993750,0.152912,0.150936,1.217500,0.281190,0.341977,1400,1400,1400,1400,2000,2000,2000,2000,600,91,84,95,95,74,0,0,0,0,98,97,99,99,90
1466091098,1.235000,0.175009,0.216125,1.200000,3.840384,4.608000,0.995000,0.152760,0.151240,1.218750,0.329693,0.400722,1400,1400,1400,1400,900,900,900,900,600,88,82,93,93,74,0,0,0,0,99,98,100,100,90
1466091099,1.233750,0.172752,0.212076,1.188750,3.820382,4.538160,0.995000,0.152456,0.151240,1.222500,0.257985,0.314054,1400,1400,1400,1400,900,900,900,900,600,89,83,94,94,74,0,0,0,0,99,97,99,100,90
1466091100,1.235000,0.174765,0.214890,1.196250,3.745306,4.479020,0.995000,0.152912,0.151240,1.218750,0.353262,0.429954,1400,1400,1400,1400,2000,2000,2000,2000,600,91,84,95,94,74,0,0,0,0,98,97,99,100,90
1466091101,1.235000,0.175497,0.216125,1.172500,3.945052,4.623540,0.995000,0.152760,0.151240,1.218750,0.343434,0.417774,1400,1400,1400,1400,2000,2000,2000,2000,600,90,84,95,94,74,0,0,0,0,99,98,100,100,90
1466091102,1.233750,0.172264,0.212076,1.158750,3.965602,4.591470,0.995000,0.152760,0.151240,1.220000,0.284739,0.346480,1400,1400,1400,1400,2000,2000,2000,2000,600,91,84,95,95,74,0,0,0,0,98,97,99,100,90
1466091103,1.235000,0.176229,0.217360,1.186250,3.822848,4.532892,0.995000,0.152760,0.151240,1.218750,0.351715,0.427518,1400,1400,1400,1400,2000,2000,2000,2000,600,90,84,95,94,74,0,0,0,0,98,97,100,100,90
1466091104,1.235000,0.175497,0.216125,1.182500,3.878196,4.583796,0.995000,0.152912,0.151240,1.218750,0.338702,0.411684,1400,1400,1400,1400,900,900,900,900,600,90,84,95,95,74,0,0,1,0,99,98,99,99,90
1466091105,1.233750,0.170739,0.209610,1.161250,3.934092,4.567374,0.995000,0.153216,0.152235,1.217500,0.255528,0.310335,1400,1400,1400,1400,2000,900,900,900,600,91,84,96,95,74,0,0,0,0,99,98,100,100,90
1466091106,1.235000,0.176229,0.217360,1.201250,3.862030,4.638262,0.995000,0.152912,0.151240,1.220000,0.340704,0.414800,1400,1400,1400,1400,900,900,900,900,600,90,83,94,95,75,0,0,0,0,99,98,99,100,90
1466091107,1.235000,0.176961,0.217360,1.178750,3.888608,4.580064,0.995000,0.152760,0.151240,1.218750,0.335699,0.408030,1400,1400,1400,1400,900,900,900,900,600,90,84,95,95,75,0,0,0,0,99,98,100,100,90
1466091108,1.235000,0.175009,0.216125,1.171250,3.933544,4.605543,0.995000,0.153216,0.152235,1.218750,0.347438,0.422646,1400,1400,1400,1400,2000,2000,2000,2000,600,89,82,93,92,74,0,0,0,0,98,96,99,100,90
1466091109,1.235000,0.176229,0.217360,1.185000,3.869428,4.584765,0.995000,0.153216,0.152235,1.218750,0.337519,0.410466,1400,1400,1400,1400,2000,2000,2000,2000,600,90,83,94,94,74,0,0,0,0,100,98,99,100,90
1466091110,1.233750,0.174216,0.214542,1.190000,3.594332,4.276860,0.995000,0.153216,0.152235,1.221250,0.315952,0.384615,1400,1400,1400,1400,2000,2000,2000,2000,600,91,84,95,95,74,0,0,0,0,98,97,100,100,90
1466091111,1.235000,0.175497,0.216125,1.187500,3.812162,4.524844,0.995000,0.152912,0.151240,1.220000,0.350714,0.427000,1400,1400,1400,1400,900,900,900,900,600,88,83,93,93,75,0,0,0,0,98,96,99,100,90
1466091112,1.233750,0.172752,0.212076,1.181250,3.673518,4.337813,0.995000,0.153520,0.152235,1.218750,0.338975,0.411684,1400,1400,1400,1400,900,900,900,900,600,90,84,95,95,75,0,0,0,0,99,99,100,99,90
1466091113,1.233750,0.172752,0.212076,1.181250,3.807504,4.496067,0.995000,0.152912,0.151240,1.218750,0.329693,0.400722,1400,1400,1400,1400,2000,2000,2000,2000,600,91,84,95,94,74,0,0,0,0,99,98,99,100,90
1466091114,1.233750,0.175009,0.215775,1.176250,3.905048,4.592280,0.995000,0.152912,0.151240,1.220000,0.345709,0.420900,1400,1400,1400,1400,2000,2000,2000,2000,600,89,83,94,93,75,0,0,0,0,98,96,99,100,90
1466091115,1.235000,0.175009,0.216125,1.171250,3.978206,4.658238,0.995000,0.153520,0.152235,1.218750,0.343252,0.417774,1400,1400,1400,1400,2000,2000,2000,2000,600,88,82,93,92,75,0,0,0,1,99,98,100,100,90
1466091116,1.232500,0.181963,0.222992,1.193750,3.781200,4.510733,0.993750,0.152912,0.150936,1.221250,0.278460,0.339438,1400,1400,1400,1400,2000,2000,2000,2000,600,89,82,93,92,74,0,0,1,0,97,97,98,99,90
1466091117,1.235000,0.177754,0.218595,1.181250,3.868058,4.568108,0.995000,0.153216,0.152235,1.220000,0.356447,0.434320,1400,1400,1400,1400,900,900,900,900,600,91,84,96,95,75,1,0,0,0,99,99,97,100,90
1466091118,1.233750,0.172996,0.212076,1.192500,3.804216,4.534368,0.995000,0.153216,0.152235,1.218750,0.332969,0.404376,1400,1400,1400,1400,2000,2000,2000,2000,600,90,83,94,94,75,0,0,0,0,99,97,100,99,90
1466091119,1.235000,0.176717,0.217360,1.187500,3.736264,4.434632,0.995000,0.153216,0.152235,1.218750,0.352261,0.428736,1400,1400,1400,1400,2000,2000,2000,2000,600,90,84,95,94,74,0,0,0,0,98,96,99,100,90
1466091120,1.235000,0.173972,0.213655,1.208750,3.586386,4.331888,0.993750,0.153216,0.151929,1.218750,0.342251,0.416556,1400,1400,1400,1400,2000,2000,2000,2000,600,91,84,95,95,75,0,0,0,0,98,99,99,100,90
1466091121,1.233750,0.174765,0.214542,1.181250,3.751882,4.429931,0.995000,0.153216,0.152235,1.220000,0.294476,0.358680,1400,1400,1400,1400,2000,2000,2000,2000,600,91,84,95,95,75,0,0,0,0,99,98,100,100,90
1466091122,1.235000,0.177998,0.218595,1.195000,3.621732,4.327095,0.995000,0.153520,0.152235,1.220000,0.353262,0.430660,1400,1400,1400,1400,900,900,900,900,600,89,83,94,94,75,0,0,0,0,98,97,99,100,90
1466091123,1.233750,0.175009,0.215775,1.195000,3.979576,4.754905,0.995000,0.153520,0.152235,1.220000,0.350714,0.427000,1400,1400,1400,1400,2000,2000,2000,2000,600,90,83,94,94,75,0,0,1,1,98,98,100,100,90
1466091124,1.233750,0.174521,0.214542,1.157500,3.486650,4.033302,0.995000,0.153520,0.152235,1.222500,0.259259,0.316498,1400,1400,1400,1400,2000,2000,2000,2000,600,91,84,95,94,75,0,0,0,0,98,97,99,98,90
1466091125,1.235000,0.177510,0.218595,1.181250,3.755992,4.434655,0.995000,0.153520,0.152235,1.220000,0.345982,0.420900,1400,1400,1400,1400,2000,900,900,900,600,92,85,96,95,75,0,0,0,0,98,96,99,100,90
1466091126,1.235000,0.176961,0.217360,1.198750,3.772158,4.518856,0.995000,0.153520,0.152235,1.218750,0.348985,0.423864,1400,1400,1400,1400,2000,2000,2000,2000,600,91,84,95,95,75,0,0,0,0,98,98,100,100,90
1466091127,1.233750,0.172020,0.212076,1.146250,3.874634,4.439604,0.995000,0.153672,0.152235,1.218750,0.268450,0.326424,1400,1400,1400,1400,2000,2000,2000,2000,600,88,82,92,92,75,1,0,0,0,98,98,99,100,90
1466091128,1.235000,0.176473,0.217360,1.180000,3.871894,4.567780,0.995000,0.153672,0.152235,1.218750,0.356447,0.433608,1400,1400,1400,1400,2000,2000,2000,2000,600,90,84,95,94,75,0,0,2,0,99,98,100,100,90
1466091129,1.233750,0.174765,0.214542,1.193750,4.023416,4.799439,0.995000,0.153216,0.152235,1.218750,0.349440,0.425082,1400,1400,1400,1400,2000,2000,2000,2000,600,89,83,94,93,75,0,0,0,0,97,96,99,100,90
1466091130,1.235000,0.176961,0.217360,1.193750,3.762568,4.488066,0.995000,0.153976,0.152235,1.222500,0.310219,0.378820,1400,1400,1400,1400,2000,2000,2000,2000,600,91,84,95,95,75,0,0,0,0,99,98,100,99,90
1466091131,1.235000,0.179218,0.221065,1.206250,3.789420,4.569534,0.995000,0.153672,0.152235,1.218750,0.355264,0.432390,1400,1400,1400,1400,2000,2000,2000,2000,600,90,84,95,94,75,0,0,0,0,99,98,99,100,90
1466091132,1.235000,0.176717,0.217360,1.197500,3.787776,4.533039,0.995000,0.152912,0.151240,1.220000,0.335517,0.408700,1400,1400,1400,1400,2000,2000,2000,2000,600,88,82,93,92,75,0,0,0,0,99,98,100,100,90
1466091133,1.233750,0.172752,0.212076,1.181250,3.926146,4.636606,0.995000,0.153976,0.152235,1.218750,0.356265,0.433608,1400,1400,1400,1400,2000,2000,2000,2000,600,90,83,94,92,75,0,0,3,0,96,96,98,99,90
1466091134,1.235000,0.176717,0.217360,1.198750,3.692424,4.423016,0.995000,0.153672,0.152235,1.218750,0.346983,0.421428,1400,1400,1400,1400,900,900,900,900,600,91,84,96,95,75,0,0,0,0,99,98,100,100,90
1466091135,1.233750,0.171227,0.210843,1.172500,3.826410,4.484072,0.995000,0.153520,0.152235,1.221250,0.284739,0.346764,1400,1400,1400,1400,2000,2000,2000,2000,600,90,84,95,94,75,0,0,0,0,99,98,99,100,90
1466091136,1.233750,0.176229,0.217008,1.191250,3.789968,4.512699,0.995000,0.154280,0.153230,1.218750,0.357994,0.434826,1400,1400,1400,1400,900,900,900,900,600,90,84,95,94,75,0,0,1,1,98,95,99,100,90
1466091137,1.235000,0.177266,0.218595,1.186250,3.867784,4.586262,0.995000,0.153672,0.152235,1.220000,0.343434,0.418460,1400,1400,1400,1400,2000,2000,2000,2000,600,90,83,94,94,75,0,0,0,0,99,98,99,99,90
1466091138,1.233750,0.173972,0.213309,1.201250,3.894910,4.676694,0.993750,0.153520,0.151929,1.217500,0.243698,0.295731,1400,1400,1400,1400,2000,2000,2000,2000,600,89,82,93,92,75,0,0,0,0,99,97,100,99,90
1466091139,1.235000,0.176229,0.217360,1.192500,3.744484,4.462848,0.995000,0.153976,0.152235,1.218750,0.340249,0.414120,1400,1400,1400,1400,2000,2000,2000,2000,600,90,83,94,93,75,0,0,0,0,98,97,99,100,90
1466091140,1.235000,0.176229,0.217360,1.196250,3.655160,4.371380,0.995000,0.153520,0.152235,1.218750,0.341250,0.415338,1400,1400,1400,1400,900,900,900,900,600,90,83,94,94,75,0,0,0,0,99,98,100,100,90
1466091141,1.233750,0.175253,0.215775,1.128750,3.681190,4.152168,0.995000,0.153672,0.152235,1.220000,0.295022,0.359900,1400,1400,1400,1400,2000,2000,2000,2000,600,91,84,95,94,75,0,0,0,0,99,98,99,100,90
1466091142,1.233750,0.178974,0.219474,1.171250,3.802298,4.452142,0.995000,0.153672,0.152235,1.218750,0.349986,0.425082,1400,1400,1400,1400,2000,2000,2000,2000,600,91,84,95,95,75,0,0,1,1,98,98,99,99,90
1466091143,1.233750,0.175253,0.215775,1.181250,3.891348,4.595271,0.995000,0.153976,0.152235,1.218750,0.341705,0.415338,1400,1400,1400,1400,2000,2000,2000,2000,600,91,84,95,95,75,0,0,0,0,99,98,100,99,90
1466091144,1.235000,0.176473,0.217360,1.181250,3.856824,4.553936,0.995000,0.153672,0.152235,1.218750,0.350259,0.426300,1400,1400,1400,1400,900,900,900,900,600,89,83,94,93,75,1,0,0,0,98,96,99,100,90
1466091145,1.233750,0.177510,0.218241,1.170000,3.541724,4.142970,0.995000,0.153216,0.152235,1.218750,0.346437,0.421428,1400,1400,1400,1400,2000,2000,2000,2000,600,91,84,95,95,75,0,0,0,0,99,98,99,100,90
1466091146,1.233750,0.173484,0.213309,1.188750,4.117672,4.890996,0.995000,0.153976,0.152235,1.221250,0.273728,0.333333,1400,1400,1400,1400,2000,2000,2000,2000,600,91,84,95,95,75,0,0,0,0,99,98,100,100,90
1466091147,1.235000,0.176717,0.217360,1.191250,3.768048,4.487688,0.995000,0.153976,0.152235,1.218750,0.351442,0.427518,1400,1400,1400,1400,900,900,900,900,600,92,85,96,94,75,0,0,0,0,98,96,99,100,90
1466091148,1.235000,0.175009,0.216125,1.158750,3.467196,4.014786,0.995000,0.153672,0.152235,1.220000,0.344253,0.419680,1400,1400,1400,1400,2000,2000,2000,2000,600,91,84,95,95,75,0,0,0,1,99,98,99,100,90
1466091149,1.233750,0.175497,0.215775,1.141250,3.926146,4.479566,0.995000,0.154432,0.153230,1.217500,0.264264,0.321288,1400,1400,1400,1400,2000,2000,2000,2000,600,90,84,95,94,75,0,0,0,0,99,98,100,99,90
1466091150,1.233750,0.175741,0.215775,1.196250,3.659544,4.376164,0.995000,0.154280,0.153230,1.218750,0.351260,0.427518,1400,1400,1400,1400,2000,2000,2000,2000,600,89,84,95,94,75,0,0,2,0,98,97,99,99,90
1466091151,1.233750,0.175497,0.215775,1.178750,3.656256,4.306768,0.995000,0.153976,0.152235,1.218750,0.335699,0.408030,1400,1400,1400,1400,2000,2000,2000,2000,600,91,84,95,95,75,0,0,0,0,97,97,98,100,90
1466091152,1.235000,0.177998,0.218595,1.190000,3.916830,4.660040,0.995000,0.153976,0.152235,1.218750,0.323232,0.393414,1400,1400,1400,1400,900,900,900,900,600,89,83,94,94,75,0,0,0,0,98,98,100,100,90
1466091153,1.235000,0.177510,0.218595,1.187500,3.804490,4.515348,0.995000,0.153672,0.152235,1.218750,0.353444,0.429954,1400,1400,1400,1400,2000,2000,2000,2000,600,91,84,95,94,75,0,0,0,1,100,98,100,100,90
1466091154,1.233750,0.173728,0.213309,1.197500,3.985604,4.770045,0.995000,0.153976,0.152235,1.220000,0.295204,0.359900,1400,1400,1400,1400,2000,2000,2000,2000,600,89,83,93,92,75,0,0,0,0,99,98,100,100,90
1466091155,1.235000,0.177998,0.218595,1.195000,3.685574,4.403575,0.995000,0.153976,0.152235,1.218750,0.347256,0.422646,1400,1400,1400,1400,900,900,900,900,600,89,83,94,93,75,0,0,0,0,98,97,100,99,90
1466091156,1.235000,0.176473,0.217360,1.196250,3.706398,4.432376,0.995000,0.154280,0.153230,1.218750,0.336245,0.409248,1400,1400,1400,1400,2000,2000,2000,2000,600,90,84,94,94,75,0,0,0,0,98,98,99,100,90
1466091157,1.233750,0.171715,0.210843,1.155000,3.806408,4.395930,0.995000,0.153976,0.152235,1.218750,0.333697,0.405594,1400,1400,1400,1400,900,900,900,900,600,90,84,94,95,75,0,0,2,0,97,98,99,99,90
1466091158,1.233750,0.176961,0.217008,1.185000,3.702836,4.386870,0.995000,0.153976,0.152235,1.218750,0.352989,0.428736,1400,1400,1400,1400,900,900,900,900,600,91,84,95,94,75,0,0,0,0,99,97,100,99,90
1466091159,1.233750,0.175497,0.215775,1.181250,3.890800,4.594090,0.993750,0.153976,0.151929,1.218750,0.344435,0.418992,1400,1400,1400,1400,900,900,900,900,600,88,83,93,93,75,0,0,0,0,98,97,98,99,90
1466091160,1.235000,0.175253,0.216125,1.173750,3.563096,4.179399,0.995000,0.154280,0.153230,1.221250,0.308490,0.376068,1400,1400,1400,1400,900,900,900,900,600,89,83,94,94,75,0,0,0,1,99,98,100,100,90
1466091161,1.235000,0.176473,0.217360,1.192500,3.786132,4.512912,0.995000,0.153976,0.152235,1.218750,0.353717,0.429954,1400,1400,1400,1400,2000,2000,2000,2000,600,91,84,95,94,75,0,0,0,0,99,98,100,100,90
1466091162,1.235000,0.176473,0.217360,1.178750,3.675162,4.329150,0.995000,0.154280,0.153230,1.218750,0.345709,0.420210,1400,1400,1400,1400,2000,2000,2000,2000,600,90,83,94,93,75,0,0,0,0,99,97,100,99,90
1466091163,1.233750,0.171715,0.210843,1.153750,3.852714,4.441356,0.995000,0.153976,0.152235,1.218750,0.255528,0.310590,1400,1400,1400,1400,2000,2000,2000,2000,600,91,84,95,95,75,0,0,0,0,98,97,100,100,90
1466091164,1.235000,0.175741,0.216125,1.182500,3.793804,4.483326,0.995000,0.154280,0.153230,1.218750,0.344253,0.418992,1400,1400,1400,1400,2000,2000,2000,2000,600,90,83,94,93,75,0,0,0,0,100,98,100,100,90
1466091165,1.233750,0.173972,0.213309,1.180000,3.987248,4.704660,0.995000,0.153672,0.152235,1.218750,0.270270,0.328860,1400,1400,1400,1400,900,900,900,900,600,90,84,94,94,75,0,0,0,0,98,97,99,100,90
1466091166,1.233750,0.180011,0.221940,1.183750,3.728866,4.410224,0.993750,0.154280,0.152922,1.218750,0.350987,0.426300,1400,1400,1400,1400,2000,2000,2000,2000,600,89,83,94,93,75,0,0,0,0,99,97,100,100,90
1466091167,1.235000,0.177510,0.218595,1.185000,3.791338,4.492335,0.995000,0.154280,0.153230,1.220000,0.337701,0.411140,1400,1400,1400,1400,2000,2000,2000,2000,600,88,82,93,92,75,0,0,0,0,99,98,100,99,90
1466091168,1.233750,0.172020,0.212076,1.196250,3.727222,4.457492,0.995000,0.154280,0.153230,1.220000,0.324506,0.395280,1400,1400,1400,1400,900,900,900,900,600,89,83,93,93,75,0,0,0,0,99,98,100,100,90
1466091169,1.233750,0.176229,0.217008,1.165000,3.728318,4.343120,0.995000,0.154432,0.153230,1.218750,0.351260,0.427518,1400,1400,1400,1400,2000,2000,2000,2000,600,90,83,94,94,75,0,0,0,0,99,97,100,100,90
1466091170,1.235000,0.176961,0.217360,1.156250,3.697082,4.273732,0.995000,0.154280,0.153230,1.218750,0.343252,0.417774,1400,1400,1400,1400,900,900,900,900,600,89,83,94,94,75,0,0,0,1,98,98,99,100,90
1466091171,1.235000,0.175497,0.216125,1.157500,3.592414,4.155944,0.995000,0.154736,0.153230,1.218750,0.326690,0.397068,1400,1400,1400,1400,2000,2000,2000,2000,600,90,83,94,93,75,0,0,0,0,99,98,100,100,90
1466091172,1.233750,0.174765,0.214542,1.212500,3.731332,4.521972,0.995000,0.154736,0.153230,1.218750,0.353262,0.429954,1400,1400,1400,1400,900,900,900,900,600,89,83,94,94,75,1,0,0,0,99,98,100,99,90
1466091173,1.233750,0.176229,0.217008,1.162500,3.785036,4.398170,0.995000,0.154280,0.153230,1.218750,0.342706,0.416556,1400,1400,1400,1400,2000,2000,2000,2000,600,91,84,96,95,75,0,0,0,0,100,97,100,100,90
1466091174,1.233750,0.173728,0.213309,1.188750,3.675162,4.365900,0.995000,0.154432,0.153230,1.218750,0.346437,0.421428,1400,1400,1400,1400,2000,2000,2000,2000,600,91,84,95,95,75,0,0,0,0,98,97,99,100,90
1466091175,1.233750,0.175985,0.215775,1.180000,3.695438,4.360100,0.995000,0.154432,0.153230,1.218750,0.342706,0.416556,1400,1400,1400,1400,2000,2000,2000,2000,600,90,83,94,93,75,0,0,1,0,99,99,100,100,90
1466091176,1.233750,0.172996,0.212076,1.207500,3.629952,4.380203,0.995000,0.154280,0.153230,1.218750,0.340249,0.414120,1400,1400,1400,1400,2000,2000,2000,2000,600,88,82,93,92,75,0,0,0,0,99,98,100,100,90
1466091177,1.235000,0.176717,0.217360,1.193750,3.802024,4.535786,0.995000,0.154736,0.153230,1.218750,0.349258,0.425082,1400,1400,1400,1400,900,900,900,900,600,89,83,93,93,75,0,0,0,0,98,97,100,99,90
1466091178,1.235000,0.175253,0.216125,1.182500,3.671600,4.339122,0.995000,0.154736,0.153230,1.220000,0.332969,0.405040,1400,1400,1400,1400,900,900,900,900,600,90,84,94,95,75,0,0,0,0,100,98,100,100,90
1466091179,1.233750,0.172752,0.212076,1.156250,3.490212,4.034440,0.995000,0.154736,0.153230,1.217500,0.296205,0.360232,1400,1400,1400,1400,2000,2000,2000,2000,600,91,84,95,95,75,0,0,0,0,99,98,99,100,90
1466091180,1.235000,0.175985,0.216125,1.185000,3.843124,4.553955,0.995000,0.154736,0.153230,1.218750,0.349713,0.425082,1400,1400,1400,1400,2000,2000,2000,2000,600,90,83,94,93,75,0,0,0,0,98,97,100,100,90
1466091181,1.233750,0.175741,0.215775,1.168750,3.608580,4.214144,0.995000,0.154432,0.153230,1.218750,0.344435,0.418992,1400,1400,1400,1400,2000,2000,2000,2000,600,88,82,93,92,75,0,0,0,0,99,98,100,99,90
1466091182,1.233750,0.176961,0.217008,1.151250,3.883950,4.469333,0.995000,0.154736,0.153230,1.218750,0.251706,0.305718,1400,1400,1400,1400,900,900,900,900,600,90,84,95,95,75,0,0,0,0,99,98,100,100,90
1466091183,1.235000,0.176717,0.217360,1.190000,3.800380,4.522000,0.995000,0.154736,0.153230,1.218750,0.350714,0.426300,1400,1400,1400,1400,2000,2000,2000,2000,600,91,84,95,94,75,0,0,0,0,99,98,100,100,90
1466091184,1.233750,0.174216,0.214542,1.198750,3.760924,4.504480,0.995000,0.154432,0.153230,1.221250,0.280189,0.341880,1400,1400,1400,1400,2000,2000,2000,2000,600,91,84,95,95,75,0,0,0,0,100,99,99,100,90
1466091185,1.235000,0.177266,0.218595,1.172500,3.519804,4.124268,0.995000,0.155040,0.154225,1.218750,0.350987,0.426300,1400,1400,1400,1400,2000,2000,2000,2000,600,91,84,95,95,75,0,0,0,0,98,96,100,100,90
1466091186,1.235000,0.175741,0.216125,1.185000,3.806134,4.510110,0.995000,0.154736,0.153230,1.218750,0.336700,0.409248,1400,1400,1400,1400,2000,2000,2000,2000,600,90,84,94,94,75,0,0,0,0,99,99,99,99,90
1466091187,1.235000,0.175253,0.216125,1.188750,3.577344,4.249476,0.995000,0.154280,0.153230,1.218750,0.333697,0.405594,1400,1400,1400,1400,2000,2000,2000,2000,600,91,84,95,94,75,0,0,0,0,99,98,100,100,90
1466091188,1.233750,0.176473,0.217008,1.196250,3.741744,4.474236,0.995000,0.154736,0.153230,1.218750,0.346255,0.421428,1400,1400,1400,1400,900,900,900,900,600,90,84,95,94,75,0,0,0,0,98,96,100,100,90
1466091189,1.235000,0.175741,0.216125,1.198750,3.606662,4.319988,0.995000,0.154432,0.153230,1.218750,0.342706,0.416556,1400,1400,1400,1400,900,900,900,900,600,89,83,94,94,75,0,0,0,0,100,98,99,100,90
1466091190,1.233750,0.175253,0.215775,1.156250,3.801750,4.393956,0.995000,0.154432,0.153230,1.218750,0.315770,0.383670,1400,1400,1400,1400,900,900,900,900,600,90,84,95,95,75,0,0,0,0,99,97,100,100,90
1466091191,1.235000,0.178486,0.219830,1.187500,3.723112,4.419201,0.995000,0.154736,0.153230,1.220000,0.350714,0.427000,1400,1400,1400,1400,2000,2000,2000,2000,600,90,84,95,94,75,0,0,0,1,98,97,100,99,90
1466091192,1.235000,0.177510,0.218595,1.182500,3.745032,4.426590,0.995000,0.154432,0.153230,1.218750,0.340704,0.414120,1400,1400,1400,1400,900,900,900,900,600,90,84,94,94,75,0,0,0,0,98,98,100,100,90
1466091193,1.233750,0.170739,0.209610,1.147500,3.909706,4.483623,0.995000,0.154432,0.153230,1.218750,0.256256,0.311808,1400,1400,1400,1400,2000,2000,2000,2000,600,91,84,95,94,75,0,0,0,0,99,97,99,100,90
1466091194,1.235000,0.178242,0.219830,1.182500,3.811614,4.504602,0.995000,0.154736,0.153230,1.220000,0.340977,0.414800,1400,1400,1400,1400,900,900,900,900,600,89,83,94,93,75,0,0,0,0,100,99,100,100,90
1466091195,1.235000,0.175985,0.216125,1.182500,3.797640,4.488054,0.995000,0.154432,0.153230,1.218750,0.338520,0.411684,1400,1400,1400,1400,2000,2000,2000,2000,600,91,84,95,95,75,0,0,0,0,99,98,100,100,90
1466091196,1.233750,0.175985,0.215775,1.183750,3.773254,4.463459,0.995000,0.154736,0.153230,1.217500,0.319501,0.388223,1400,1400,1400,1400,2000,2000,2000,2000,600,90,84,95,93,75,0,0,0,0,98,96,100,99,90
1466091197,1.235000,0.177266,0.218595,1.187500,3.765034,4.469055,0.995000,0.154736,0.153230,1.218750,0.337701,0.410466,1400,1400,1400,1400,900,900,900,900,600,90,84,95,95,75,0,0,0,1,99,99,100,100,90
1466091198,1.233750,0.174765,0.214542,1.192500,3.802572,4.531984,0.995000,0.154736,0.153230,1.221250,0.317772,0.387057,1400,1400,1400,1400,2000,2000,2000,2000,600,90,83,94,93,75,0,0,0,0,99,98,99,100,90
1466091199,1.235000,0.176473,0.217360,1.181250,3.591318,4.240971,0.995000,0.154432,0.153230,1.218750,0.350259,0.426300,1400,1400,1400,1400,2000,2000,2000,2000,600,91,84,95,94,75,0,0,0,0,98,96,100,100,90
1466091200,1.235000,0.176473,0.217360,1.198750,3.701466,4.433798,0.995000,0.154432,0.153230,1.218750,0.346710,0.421428,1400,1400,1400,1400,2000,2000,2000,2000,600,91,84,95,95,75,0,0,0,0,99,98,100,100,90
1466091201,1.233750,0.171227,0.210843,1.157500,3.569398,4.129333,0.995000,0.155040,0.154225,1.218750,0.260260,0.316680,1400,1400,1400,1400,2000,2000,2000,2000,600,91,84,95,94,75,0,0,0,0,99,99,100,99,90
1466091202,1.233750,0.174521,0.214542,1.182500,3.783940,4.471506,0.995000,0.154736,0.153230,1.218750,0.350987,0.426300,1400,1400,1400,1400,2000,2000,2000,2000,600,88,83,93,92,75,0,0,0,0,99,96,100,100,90
1466091203,1.235000,0.175253,0.216125,1.181250,3.888882,4.591728,0.995000,0.154280,0.153230,1.218750,0.345709,0.420210,1400,1400,1400,1400,900,900,900,900,600,90,84,94,94,75,0,0,0,0,99,99,100,100,90
1466091204,1.233750,0.172752,0.212076,1.176250,3.606388,4.240656,0.995000,0.154736,0.153230,1.218750,0.350441,0.426300,1400,1400,1400,1400,2000,2000,2000,2000,600,90,84,94,94,75,0,0,0,0,99,98,99,100,90
1466091205,1.235000,0.176961,0.217360,1.208750,3.713522,4.485304,0.995000,0.154736,0.153230,1.218750,0.340977,0.414120,1400,1400,1400,1400,2000,2000,2000,2000,600,88,82,92,92,75,0,0,0,1,99,99,100,100,90
1466091206,1.233750,0.173972,0.213309,1.190000,3.820108,4.545800,0.995000,0.154736,0.153230,1.218750,0.341250,0.415338,1400,1400,1400,1400,2000,2000,2000,2000,600,91,84,95,95,75,0,0,0,0,98,97,100,100,90
1466091207,1.235000,0.176717,0.217360,1.147500,3.496240,4.009912,0.995000,0.155040,0.154225,1.221250,0.331240,0.404151,1400,1400,1400,1400,2000,2000,2000,2000,600,88,83,93,92,75,0,0,0,0,99,96,100,99,90
1466091208,1.235000,0.176717,0.217360,1.188750,3.683108,4.375404,0.995000,0.154432,0.153230,1.218750,0.346437,0.421428,1400,1400,1400,1400,2000,2000,2000,2000,600,91,84,95,95,75,0,1,0,0,99,98,100,100,90
1466091209,1.233750,0.173728,0.213309,1.162500,3.621184,4.207602,0.995000,0.154736,0.153230,1.220000,0.283465,0.345260,1400,1400,1400,1400,2000,2000,2000,2000,600,90,83,94,93,75,0,0,0,0,99,98,99,100,90
1466091210,1.235000,0.176229,0.217360,1.197500,3.738456,4.474386,0.995000,0.154432,0.153230,1.218750,0.355264,0.432390,1400,1400,1400,1400,2000,2000,2000,2000,600,89,83,93,93,75,0,0,0,0,98,96,100,100,90
1466091211,1.233750,0.175253,0.215775,1.185000,3.757910,4.452045,0.995000,0.154432,0.153230,1.218750,0.342251,0.416556,1400,1400,1400,1400,2000,2000,2000,2000,600,91,84,95,95,75,0,0,0,0,100,99,100,99,90
1466091212,1.233750,0.175497,0.215775,1.173750,4.027252,4.723671,0.995000,0.154280,0.153230,1.220000,0.254709,0.309880,1400,1400,1400,1400,2000,2000,2000,2000,600,89,83,93,93,75,0,0,0,0,99,98,100,100,90
1466091213,1.235000,0.176961,0.217360,1.185000,3.700644,4.384500,0.995000,0.154432,0.153230,1.218750,0.351442,0.427518,1400,1400,1400,1400,2000,2000,2000,2000,600,91,84,95,95,75,0,0,0,0,99,98,100,100,90
1466091214,1.235000,0.173972,0.213655,1.192500,3.796270,4.524832,0.995000,0.154432,0.153230,1.218750,0.341705,0.415338,1400,1400,1400,1400,2000,2000,2000,2000,600,90,84,95,93,75,0,0,0,0,97,95,100,99,90
1466091215,1.235000,0.177510,0.218595,1.191250,3.637076,4.331667,0.995000,0.155040,0.154225,1.217500,0.308490,0.374836,1400,1400,1400,1400,900,900,900,900,600,89,83,94,94,75,0,0,0,0,99,99,99,100,90
1466091216,1.235000,0.176961,0.217360,1.180000,3.829150,4.518220,0.995000,0.154736,0.153230,1.220000,0.336245,0.409920,1400,1400,1400,1400,2000,2000,2000,2000,600,90,83,94,93,75,0,0,0,0,99,98,100,99,90
1466091217,1.235000,0.175741,0.216125,1.181250,3.856550,4.553936,0.995000,0.154736,0.153230,1.220000,0.317954,0.386740,1400,1400,1400,1400,2000,2000,2000,2000,600,90,84,94,94,75,0,0,0,0,100,98,100,100,90
1466091218,1.233750,0.173240,0.213309,1.172500,3.720098,4.359840,0.995000,0.154736,0.153230,1.220000,0.355992,0.433100,1400,1400,1400,1400,2000,2000,2000,2000,600,89,83,93,92,75,0,0,0,0,98,97,100,100,90
1466091219,1.233750,0.175253,0.215775,1.195000,3.652146,4.364140,0.995000,0.155040,0.154225,1.218750,0.346983,0.421428,1400,1400,1400,1400,2000,2000,2000,2000,600,89,83,93,93,75,0,0,0,0,98,98,100,100,90
1466091220,1.233750,0.172752,0.212076,1.150000,3.689958,4.242350,0.995000,0.154736,0.153230,1.218750,0.262990,0.319116,1400,1400,1400,1400,2000,2000,2000,2000,600,89,83,93,93,75,0,0,0,0,99,98,99,100,90
1466091221,1.233750,0.176961,0.217008,1.172500,3.657900,4.286004,0.995000,0.154736,0.153230,1.218750,0.350259,0.426300,1400,1400,1400,1400,900,900,900,900,600,90,83,94,94,75,0,0,0,0,99,97,100,99,90
1466091222,1.235000,0.176961,0.217360,1.155000,3.689958,4.260795,0.995000,0.154736,0.153230,1.220000,0.336973,0.409920,1400,1400,1400,1400,2000,2000,2000,2000,600,90,83,94,94,75,0,0,0,0,99,99,100,100,90
1466091223,1.233750,0.170739,0.209610,1.141250,3.855728,4.398555,0.995000,0.154736,0.153230,1.221250,0.273455,0.333333,1400,1400,1400,1400,900,900,900,900,600,91,84,96,95,75,0,0,0,0,99,98,100,100,90
1466091224,1.233750,0.175009,0.215775,1.192500,3.755992,4.475960,0.995000,0.154280,0.153230,1.220000,0.339521,0.413580,1400,1400,1400,1400,2000,2000,2000,2000,600,88,82,92,92,75,0,0,0,0,99,98,100,100,90
1466091225,1.235000,0.175985,0.216125,1.177500,3.783940,4.452591,0.995000,0.154280,0.153230,1.218750,0.340704,0.414120,1400,1400,1400,1400,2000,2000,2000,2000,600,89,83,93,93,75,0,0,0,0,99,97,99,100,90
1466091226,1.233750,0.172508,0.212076,1.158750,3.668038,4.247544,0.995000,0.154736,0.153230,1.217500,0.325689,0.395525,1400,1400,1400,1400,900,900,900,900,600,90,84,95,95,75,0,0,0,0,99,98,100,99,90
1466091227,1.235000,0.177754,0.218595,1.208750,3.623924,4.376584,0.995000,0.154736,0.153230,1.218750,0.354991,0.431172,1400,1400,1400,1400,2000,2000,2000,2000,600,90,84,94,94,75,0,0,0,0,99,98,100,100,90
1466091228,1.235000,0.175253,0.216125,1.180000,3.761746,4.437980,0.995000,0.154280,0.153230,1.218750,0.344981,0.418992,1400,1400,1400,1400,2000,2000,2000,2000,600,89,82,93,93,75,0,0,0,1,99,99,100,100,90
1466091229,1.235000,0.177754,0.218595,1.197500,3.743936,4.480371,0.995000,0.154736,0.153230,1.220000,0.345254,0.420900,1400,1400,1400,1400,2000,2000,2000,2000,600,91,84,95,93,75,0,0,0,0,98,96,100,100,90
1466091230,1.235000,0.176473,0.217360,1.187500,3.817916,4.530779,0.995000,0.154432,0.153230,1.218750,0.344708,0.418992,1400,1400,1400,1400,2000,2000,2000,2000,600,89,83,93,93,75,0,0,0,0,99,99,99,100,90
1466091231,1.233750,0.172264,0.212076,1.155000,3.634610,4.197270,0.995000,0.154736,0.153230,1.222500,0.245518,0.299390,1400,1400,1400,1400,900,900,900,900,600,91,84,95,95,75,0,0,0,1,99,98,100,99,90
1466091232,1.235000,0.176473,0.217360,1.183750,3.692972,4.367636,0.995000,0.155192,0.154225,1.218750,0.349258,0.425082,1400,1400,1400,1400,900,900,900,900,600,92,85,96,95,75,0,0,0,0,98,97,100,100,90
1466091233,1.233750,0.176717,0.217008,1.172500,3.674340,4.305928,0.995000,0.154432,0.153230,1.218750,0.335517,0.408030,1400,1400,1400,1400,900,900,900,900,600,88,82,93,93,75,0,0,0,1,98,97,100,100,90
1466091234,1.233750,0.173240,0.213309,1.140000,3.866414,4.407240,0.995000,0.155040,0.154225,1.216250,0.300209,0.364800,1400,1400,1400,1400,2000,2000,2000,2000,600,91,84,95,95,75,0,0,0,0,99,98,100,100,90
1466091235,1.233750,0.176717,0.217008,1.172500,3.658996,4.287176,0.995000,0.154736,0.153230,1.218750,0.351260,0.427518,1400,1400,1400,1400,2000,2000,2000,2000,600,88,82,93,92,75,0,0,0,0,99,98,100,100,90
1466091236,1.233750,0.175741,0.215775,1.195000,3.851618,4.601945,0.995000,0.154736,0.153230,1.220000,0.334243,0.407480,1400,1400,1400,1400,2000,2000,2000,2000,600,88,82,93,92,75,0,0,0,0,98,97,99,99,90
1466091237,1.235000,0.175985,0.216125,1.200000,3.744758,4.492800,0.995000,0.155040,0.154225,1.218750,0.347256,0.422646,1400,1400,1400,1400,900,900,900,900,600,91,85,95,95,75,0,0,0,0,99,98,100,100,90
1466091238,1.233750,0.175009,0.215775,1.197500,3.857920,4.616829,0.995000,0.154736,0.153230,1.218750,0.344708,0.418992,1400,1400,1400,1400,2000,2000,2000,2000,600,91,84,95,94,75,0,0,0,0,99,99,100,100,90
1466091239,1.235000,0.176229,0.217360,1.158750,3.889430,4.503462,0.995000,0.154736,0.153230,1.220000,0.282464,0.344040,1400,1400,1400,1400,2000,2000,2000,2000,600,91,84,95,95,75,0,0,0,1,99,98,100,100,90
1466091240,1.233750,0.175741,0.215775,1.177500,3.641186,4.285457,0.995000,0.155040,0.154225,1.218750,0.353717,0.429954,1400,1400,1400,1400,900,900,900,900,600,91,84,95,95,75,0,0,0,0,98,96,100,99,90
1466091241,1.235000,0.175985,0.216125,1.193750,3.725852,4.443925,0.995000,0.155040,0.154225,1.218750,0.339976,0.412902,1400,1400,1400,1400,2000,2000,2000,2000,600,90,83,94,93,75,0,0,0,0,100,99,99,100,90
1466091242,1.233750,0.172264,0.212076,1.177500,3.769144,4.436113,0.995000,0.155040,0.154225,1.218750,0.247247,0.300846,1400,1400,1400,1400,900,900,900,900,600,89,83,94,94,75,1,0,0,0,98,98,100,100,90
1466091243,1.235000,0.176961,0.217360,1.177500,3.895184,4.584415,0.995000,0.154432,0.153230,1.218750,0.350987,0.426300,1400,1400,1400,1400,900,900,900,900,600,90,84,94,94,75,0,0,0,0,98,97,100,100,90
1466091244,1.233750,0.176717,0.217008,1.196250,3.788324,4.530448,0.995000,0.154432,0.153230,1.218750,0.340977,0.414120,1400,1400,1400,1400,2000,2000,2000,2000,600,90,83,94,93,75,0,0,0,0,99,98,100,100,90
1466091245,1.233750,0.175497,0.215775,1.158750,3.657078,4.234806,0.995000,0.155192,0.154225,1.218750,0.298207,0.362964,1400,1400,1400,1400,900,900,900,900,600,89,83,93,93,75,0,0,0,0,99,98,99,100,90
1466091246,1.235000,0.177266,0.218595,1.196250,3.631870,4.342676,0.995000,0.155040,0.154225,1.218750,0.356265,0.433608,1400,1400,1400,1400,2000,2000,2000,2000,600,90,84,94,94,75,0,0,0,0,100,99,100,99,90
1466091247,1.235000,0.176229,0.217360,1.173750,3.715714,4.357695,0.995000,0.154736,0.153230,1.218750,0.346437,0.421428,1400,1400,1400,1400,2000,2000,2000,2000,600,90,84,94,93,75,0,0,0,0,98,97,100,100,90
1466091248,1.233750,0.171227,0.210843,1.131250,3.590222,4.060290,0.995000,0.154432,0.153230,1.220000,0.251524,0.306220,1400,1400,1400,1400,900,900,900,900,600,89,83,93,93,75,0,0,0,0,99,98,100,100,90
1466091249,1.233750,0.175741,0.215775,1.202500,3.820108,4.591640,0.995000,0.154432,0.153230,1.218750,0.344981,0.418992,1400,1400,1400,1400,2000,2000,2000,2000,600,91,84,95,95,75,0,0,0,0,100,98,100,100,90
1466091250,1.233750,0.176473,0.217008,1.171250,3.852166,4.510692,0.995000,0.154736,0.153230,1.220000,0.283192,0.345260,1400,1400,1400,1400,900,900,900,900,600,88,83,93,93,75,0,0,0,1,99,99,100,100,90
1466091251,1.235000,0.180255,0.222300,1.191250,3.686944,4.390026,0.995000,0.155040,0.154225,1.218750,0.353262,0.429954,1400,1400,1400,1400,2000,2000,2000,2000,600,90,83,94,93,75,0,0,0,0,98,96,99,99,90
1466091252,1.235000,0.176473,0.217360,1.197500,3.717906,4.449249,0.995000,0.154280,0.153230,1.220000,0.332514,0.405040,1400,1400,1400,1400,2000,2000,2000,2000,600,91,84,95,94,75,0,0,0,0,99,98,100,100,90
1466091253,1.235000,0.174765,0.214890,1.177500,3.894636,4.583238,0.995000,0.154736,0.153230,1.218750,0.346437,0.421428,1400,1400,1400,1400,2000,2000,2000,2000,600,90,83,94,93,75,0,0,0,0,99,97,100,100,90
1466091254,1.235000,0.176717,0.217360,1.171250,3.834904,4.489614,0.995000,0.155040,0.154225,1.218750,0.350987,0.426300,1400,1400,1400,1400,2000,2000,2000,2000,600,90,84,94,93,75,0,0,0,0,98,97,100,100,90
1466091255,1.235000,0.176473,0.217360,1.180000,3.644200,4.299920,0.995000,0.154736,0.153230,1.218750,0.332969,0.404376,1400,1400,1400,1400,2000,2000,2000,2000,600,91,84,95,94,75,0,0,0,0,99,98,100,99,90
1466091256,1.233750,0.172020,0.212076,1.171250,3.881758,4.544651,0.995000,0.154736,0.153230,1.218750,0.296023,0.360528,1400,1400,1400,1400,2000,2000,2000,2000,600,90,84,94,94,75,0,0,0,0,99,98,99,100,90
1466091257,1.235000,0.178730,0.219830,1.186250,3.860386,4.577960,0.995000,0.154432,0.153230,1.218750,0.354263,0.431172,1400,1400,1400,1400,2000,2000,2000,2000,600,90,84,95,93,75,0,0,0,0,99,97,100,100,90
1466091258,1.235000,0.176961,0.217360,1.178750,3.792982,4.466976,0.995000,0.154736,0.153230,1.218750,0.346437,0.421428,1400,1400,1400,1400,2000,2000,2000,2000,600,91,84,95,95,75,0,0,0,0,99,98,100,100,90
1466091259,1.233750,0.175985,0.215775,1.180000,3.615156,4.265700,0.995000,0.154432,0.153230,1.218750,0.347711,0.422646,1400,1400,1400,1400,2000,2000,2000,2000,600,89,83,93,93,75,0,0,0,0,99,97,100,100,90
1466091260,1.233750,0.175497,0.215775,1.171250,3.629952,4.249559,0.995000,0.154432,0.153230,1.218750,0.346710,0.421428,1400,1400,1400,1400,2000,2000,2000,2000,600,91,85,95,95,75,0,0,0,0,100,98,100,99,90
1466091261,1.235000,0.178974,0.219830,1.183750,3.763664,4.451629,0.993750,0.154280,0.152922,1.218750,0.346437,0.421428,1400,1400,1400,1400,2000,2000,2000,2000,600,91,84,95,94,75,0,0,0,0,99,99,99,99,90
1466091262,1.235000,0.175253,0.216125,1.165000,3.555424,4.141575,0.995000,0.154432,0.153230,1.218750,0.351260,0.427518,1400,1400,1400,1400,2000,2000,2000,2000,600,90,84,95,93,75,0,0,0,0,98,96,100,100,90
1466091263,1.233750,0.175009,0.215775,1.187500,3.811066,4.523657,0.995000,0.154432,0.153230,1.220000,0.338975,0.412360,1400,1400,1400,1400,900,900,900,900,600,89,83,94,94,75,0,0,0,0,99,99,100,100,90
1466091264,1.235000,0.173240,0.213655,1.196250,3.908610,4.673968,0.993750,0.154432,0.152922,1.220000,0.251251,0.306220,1400,1400,1400,1400,2000,2000,2000,2000,600,91,84,95,94,75,0,0,0,0,99,98,100,100,90
1466091265,1.232500,0.184769,0.226688,1.195000,3.733524,4.460935,0.995000,0.155040,0.154225,1.218750,0.350714,0.426300,1400,1400,1400,1400,900,900,900,900,600,92,85,96,94,75,0,0,0,0,99,97,100,99,90
1466091266,1.235000,0.176717,0.217360,1.195000,3.669408,4.384455,0.995000,0.154280,0.153230,1.218750,0.335699,0.408030,1400,1400,1400,1400,900,900,900,900,600,92,85,96,95,75,0,0,0,0,99,98,99,100,90
1466091267,1.235000,0.173728,0.213655,1.160000,3.777090,4.381320,0.995000,0.154280,0.153230,1.221250,0.300482,0.366300,1400,1400,1400,1400,2000,2000,2000,2000,600,89,83,94,93,75,0,0,0,0,99,98,100,100,90
1466091268,1.235000,0.177754,0.218595,1.163750,3.731606,4.339153,0.995000,0.154736,0.153230,1.218750,0.354445,0.431172,1400,1400,1400,1400,2000,2000,2000,2000,600,90,84,95,94,75,0,0,0,0,99,97,100,100,90
1466091269,1.235000,0.176717,0.217360,1.167500,3.871894,4.517457,0.995000,0.153976,0.152235,1.220000,0.338975,0.412360,1400,1400,1400,1400,900,900,900,900,600,90,84,95,95,75,0,0,0,0,99,98,100,100,90
1466091270,1.235000,0.174216,0.214890,1.183750,3.891896,4.603053,0.993750,0.154280,0.152922,1.218750,0.345254,0.420210,1400,1400,1400,1400,2000,2000,2000,2000,600,91,84,94,94,75,0,0,0,0,99,99,100,99,90
1466091271,1.235000,0.175741,0.216125,1.188750,3.624472,4.305312,0.993750,0.154432,0.152922,1.220000,0.345709,0.420900,1400,1400,1400,1400,900,900,900,900,600,89,83,94,94,75,0,0,0,0,99,98,100,100,90
1466091272,1.235000,0.176961,0.217360,1.183750,3.846138,4.549818,0.995000,0.154280,0.153230,1.218750,0.346437,0.421428,1400,1400,1400,1400,900,900,900,900,600,88,82,93,93,75,0,0,0,0,100,99,99,100,90
1466091273,1.233750,0.175253,0.215775,1.170000,3.769144,4.409730,0.995000,0.154736,0.153230,1.222500,0.272272,0.332384,1400,1400,1400,1400,2000,2000,2000,2000,600,91,84,95,94,75,0,0,0,1,98,96,100,100,90
1466091274,1.233750,0.175497,0.215775,1.167500,3.617074,4.221039,0.995000,0.154280,0.153230,1.218750,0.342433,0.416556,1400,1400,1400,1400,2000,2000,2000,2000,600,89,83,93,93,75,0,0,0,0,99,99,100,100,90
1466091275,1.233750,0.175497,0.215775,1.142500,3.697904,4.221974,0.995000,0.154280,0.153230,1.223750,0.246246,0.300858,1400,1400,1400,1400,900,900,900,900,600,90,84,95,95,75,0,0,0,0,99,98,100,99,90
1466091276,1.235000,0.176961,0.217360,1.198750,3.752430,4.494896,0.995000,0.154736,0.153230,1.218750,0.350987,0.426300,1400,1400,1400,1400,2000,2000,2000,2000,600,88,83,93,92,75,0,0,0,0,99,96,100,100,90
1466091277,1.235000,0.175497,0.216125,1.198750,3.698178,4.430204,0.995000,0.154280,0.153230,1.220000,0.333970,0.406260,1400,1400,1400,1400,2000,2000,2000,2000,600,89,83,93,93,75,0,0,0,0,99,99,99,100,90
1466091278,1.235000,0.175253,0.216125,1.181250,3.726400,4.400406,0.993750,0.154736,0.152922,1.220000,0.301483,0.367220,1400,1400,1400,1400,900,900,900,900,600,90,84,95,95,75,0,0,0,0,99,98,100,100,90
1466091279,1.235000,0.177998,0.218595,1.167500,3.859564,4.503453,0.993750,0.154432,0.152922,1.218750,0.353717,0.429954,1400,1400,1400,1400,2000,2000,2000,2000,600,90,84,94,94,75,0,0,0,0,98,97,100,100,90
1466091280,1.233750,0.176473,0.217008,1.173750,3.700918,4.340100,0.995000,0.154736,0.153230,1.218750,0.346983,0.421428,1400,1400,1400,1400,2000,2000,2000,2000,600,88,82,93,92,75,0,0,0,0,99,98,100,99,90
1466091281,1.233750,0.174765,0.214542,1.166250,3.672970,4.281552,0.995000,0.154736,0.153230,1.220000,0.263991,0.320860,1400,1400,1400,1400,900,900,900,900,600,90,84,94,95,75,0,0,0,0,99,98,99,100,90
1466091282,1.235000,0.177266,0.218595,1.172500,3.726948,4.366872,0.995000,0.154736,0.153230,1.220000,0.345436,0.420900,1400,1400,1400,1400,2000,2000,2000,2000,600,91,84,95,95,75,0,1,0,0,100,98,100,100,90
1466091283,1.235000,0.177754,0.218595,1.181250,3.709686,4.380329,0.995000,0.154736,0.153230,1.218750,0.343434,0.417774,1400,1400,1400,1400,2000,2000,2000,2000,600,89,83,95,93,75,0,0,0,0,98,97,100,100,90
1466091284,1.235000,0.178486,0.219830,1.195000,3.679820,4.396405,0.995000,0.155040,0.154225,1.218750,0.352443,0.428736,1400,1400,1400,1400,2000,2000,2000,2000,600,91,84,95,94,75,0,0,0,0,99,98,100,100,90
1466091285,1.235000,0.176717,0.217360,1.200000,3.911076,4.693200,0.995000,0.154736,0.153230,1.220000,0.337519,0.411140,1400,1400,1400,1400,2000,2000,2000,2000,600,90,84,94,94,75,0,1,0,0,99,98,100,99,90
1466091286,1.235000,0.174521,0.214890,1.195000,3.591866,4.291245,0.995000,0.154432,0.153230,1.218750,0.342433,0.416556,1400,1400,1400,1400,2000,2000,2000,2000,600,89,82,93,92,75,0,0,0,0,100,99,100,100,90
1466091287,1.233750,0.178730,0.219474,1.181250,3.865866,4.564565,0.995000,0.155040,0.154225,1.218750,0.324233,0.394632,1400,1400,1400,1400,2000,2000,2000,2000,600,92,84,95,94,75,0,0,0,0,98,96,99,100,90
1466091288,1.235000,0.176473,0.217360,1.196250,3.589126,4.292444,0.995000,0.154432,0.153230,1.218750,0.336518,0.409248,1400,1400,1400,1400,2000,2000,2000,2000,600,91,84,95,94,75,0,0,0,0,99,98,100,100,90
1466091289,1.233750,0.174765,0.214542,1.152500,3.678450,4.237056,0.995000,0.154280,0.153230,1.217500,0.293475,0.356581,1400,1400,1400,1400,900,900,900,900,600,89,83,94,93,75,0,0,0,0,99,98,100,100,90
1466091290,1.233750,0.175985,0.215775,1.180000,3.617622,4.268060,0.995000,0.154432,0.153230,1.220000,0.351715,0.428220,1400,1400,1400,1400,900,900,900,900,600,90,84,94,94,75,0,0,0,0,99,97,100,99,90
1466091291,1.235000,0.178486,0.219830,1.190000,3.724208,4.431560,0.993750,0.154432,0.152922,1.218750,0.346255,0.421428,1400,1400,1400,1400,2000,2000,2000,2000,600,90,83,94,94,75,0,0,0,0,99,98,100,100,90
1466091292,1.233750,0.172508,0.212076,1.155000,3.828876,4.421340,0.995000,0.154736,0.153230,1.218750,0.262262,0.319116,1400,1400,1400,1400,900,900,900,900,600,89,83,93,93,75,0,0,0,0,99,98,99,100,90
1466091293,1.233750,0.175253,0.215775,1.177500,3.758458,4.423166,0.993750,0.154736,0.152922,1.218750,0.353262,0.429954,1400,1400,1400,1400,2000,2000,2000,2000,600,91,84,95,95,75,0,0,0,0,99,98,100,100,90
1466091294,1.235000,0.175497,0.216125,1.206250,3.981494,4.801086,0.995000,0.154432,0.153230,1.218750,0.344435,0.418992,1400,1400,1400,1400,2000,2000,2000,2000,600,90,84,94,93,75,0,0,0,0,98,97,100,99,90
1466091295,1.233750,0.176473,0.217008,1.190000,3.655160,4.349450,0.995000,0.154736,0.153230,1.218750,0.350987,0.426300,1400,1400,1400,1400,900,900,900,900,600,89,83,94,94,75,0,1,0,0,99,98,100,100,90
1466091296,1.235000,0.182268,0.224770,1.208750,3.595702,4.342760,0.995000,0.154736,0.153230,1.218750,0.339703,0.412902,1400,1400,1400,1400,2000,2000,2000,2000,600,91,84,95,95,75,0,0,0,0,100,99,100,100,90
1466091297,1.235000,0.177266,0.218595,1.181250,3.906692,4.612986,0.995000,0.154432,0.153230,1.218750,0.342979,0.416556,1400,1400,1400,1400,2000,2000,2000,2000,600,90,83,94,94,75,0,0,0,0,99,98,99,100,90
1466091298,1.235000,0.176961,0.217360,1.146250,3.385544,3.879210,0.995000,0.154432,0.153230,1.218750,0.328237,0.399504,1400,1400,1400,1400,2000,2000,2000,2000,600,91,85,96,94,75,0,0,0,0,98,96,100,100,90
1466091299,1.235000,0.178974,0.219830,1.208750,3.545286,4.282360,0.995000,0.154736,0.153230,1.218750,0.342251,0.416556,1400,1400,1400,1400,2000,2000,2000,2000,600,90,83,94,93,75,0,0,0,0,99,99,100,99,90
1466091300,1.233750,0.175009,0.215775,1.186250,3.735168,4.429710,0.995000,0.154432,0.153230,1.221250,0.283192,0.345543,1400,1400,1400,1400,900,900,900,900,600,89,83,93,93,75,0,0,0,0,99,98,100,100,90
1466091301,1.235000,0.175497,0.216125,1.187500,3.695164,4.385965,0.995000,0.155040,0.154225,1.218750,0.350441,0.426300,1400,1400,1400,1400,900,900,900,900,600,92,85,96,95,75,0,0,0,0,99,97,100,100,90
1466091302,1.233750,0.177998,0.218241,1.156250,3.560356,4.115360,0.995000,0.154736,0.153230,1.218750,0.336518,0.409248,1400,1400,1400,1400,2000,2000,2000,2000,600,89,83,93,93,75,0,0,0,0,98,98,100,100,90
1466091303,1.233750,0.174521,0.214542,1.143750,3.903130,4.461129,0.995000,0.154432,0.153230,1.218750,0.256711,0.311808,1400,1400,1400,1400,2000,2000,2000,2000,600,91,84,95,95,75,0,0,0,0,99,98,99,100,90
1466091304,1.233750,0.175253,0.215775,1.196250,3.657352,4.373772,0.995000,0.154736,0.153230,1.218750,0.339703,0.412902,1400,1400,1400,1400,900,900,900,900,600,88,82,93,93,75,0,0,0,0,99,99,100,99,90
1466091305,1.235000,0.177266,0.218595,1.156250,3.558164,4.113048,0.995000,0.154432,0.153230,1.218750,0.341432,0.415338,1400,1400,1400,1400,2000,2000,2000,2000,600,89,83,93,93,75,0,0,0,1,99,98,100,100,90
1466091306,1.235000,0.176717,0.217360,1.191250,3.821478,4.550811,0.995000,0.154736,0.153230,1.220000,0.313222,0.381860,1400,1400,1400,1400,2000,2000,2000,2000,600,91,84,95,95,75,0,0,0,0,98,97,100,100,90
1466091307,1.235000,0.177266,0.218595,1.166250,3.705028,4.320030,0.995000,0.154432,0.153230,1.220000,0.348985,0.424560,1400,1400,1400,1400,900,900,900,900,600,90,84,94,95,75,0,0,0,0,100,98,100,100,90
1466091308,1.233750,0.175253,0.215775,1.208750,3.878744,4.684624,0.995000,0.154432,0.153230,1.221250,0.311766,0.379731,1400,1400,1400,1400,900,900,900,900,600,89,83,94,94,75,0,0,0,0,99,98,99,100,90
1466091309,1.235000,0.176961,0.217360,1.208750,3.656256,4.416448,0.993750,0.154280,0.152922,1.218750,0.352443,0.428736,1400,1400,1400,1400,900,900,900,900,600,89,83,94,93,75,0,0,0,1,98,97,100,99,90
1466091310,1.233750,0.175741,0.215775,1.196250,3.782296,4.523272,0.995000,0.154432,0.153230,1.218750,0.343980,0.417774,1400,1400,1400,1400,900,900,900,900,600,89,83,94,94,75,0,0,0,0,99,98,100,100,90
1466091311,1.231250,0.183000,0.225273,1.135000,3.746676,4.251710,0.995000,0.154432,0.153230,1.220000,0.262717,0.319640,1400,1400,1400,1400,2000,2000,2000,2000,600,91,84,95,95,75,0,0,0,1,98,98,100,100,90
1466091312,1.235000,0.176961,0.217360,1.167500,3.688040,4.303896,0.995000,0.154432,0.153230,1.218750,0.350441,0.426300,1400,1400,1400,1400,2000,2000,2000,2000,600,91,84,95,95,75,0,0,0,0,99,96,100,100,90
1466091313,1.235000,0.177266,0.218595,1.178750,3.608580,4.250224,0.995000,0.154280,0.153230,1.220000,0.335244,0.408700,1400,1400,1400,1400,2000,2000,2000,2000,600,91,84,95,95,75,0,0,0,0,99,99,99,100,90
1466091314,1.233750,0.175985,0.215775,1.138750,3.641734,4.143458,0.995000,0.154432,0.153230,1.218750,0.351988,0.427518,1400,1400,1400,1400,2000,2000,2000,2000,600,91,84,95,94,75,0,0,0,0,99,98,100,99,90
1466091315,1.235000,0.177754,0.218595,1.180000,3.826684,4.514680,0.995000,0.154432,0.153230,1.218750,0.339703,0.412902,1400,1400,1400,1400,900,900,900,900,600,89,83,94,94,75,0,0,0,0,100,98,100,100,90
1466091316,1.235000,0.175253,0.216125,1.182500,3.740648,4.420680,0.995000,0.154280,0.153230,1.218750,0.335699,0.408030,1400,1400,1400,1400,2000,2000,2000,2000,600,91,84,95,95,75,0,0,0,0,99,98,100,100,90
1466091317,1.233750,0.178730,0.219474,1.212500,3.699274,4.483188,0.995000,0.154432,0.153230,1.218750,0.342433,0.416556,1400,1400,1400,1400,900,900,900,900,600,90,84,94,94,75,0,0,0,0,98,97,99,100,90
1466091318,1.235000,0.178486,0.219830,1.183750,3.810244,4.507230,0.995000,0.154280,0.153230,1.220000,0.345709,0.420900,1400,1400,1400,1400,2000,2000,2000,2000,600,91,84,95,95,75,0,0,0,0,99,98,100,100,90
1466091319,1.232500,0.172996,0.211904,1.152500,3.921762,4.516992,0.993750,0.154432,0.152922,1.220000,0.280189,0.341600,1400,1400,1400,1400,2000,2000,2000,2000,600,91,84,95,95,75,0,0,0,0,99,98,100,99,90
1466091320,1.233750,0.176473,0.217008,1.181250,3.875456,4.576375,0.995000,0.154280,0.153230,1.218750,0.351715,0.427518,1400,1400,1400,1400,2000,2000,2000,2000,600,90,84,95,93,75,0,0,0,0,99,97,100,100,90
1466091321,1.235000,0.177266,0.218595,1.196250,3.734346,4.465864,0.993750,0.154432,0.152922,1.218750,0.336700,0.409248,1400,1400,1400,1400,2000,2000,2000,2000,600,90,83,94,94,75,0,0,0,0,99,98,100,100,90
1466091322,1.233750,0.172508,0.212076,1.182500,3.899568,4.608618,0.993750,0.154280,0.152922,1.218750,0.256256,0.311808,1400,1400,1400,1400,2000,2000,2000,2000,600,90,83,94,93,75,0,0,0,0,99,98,99,100,90
1466091323,1.233750,0.175497,0.215775,1.183750,3.851618,4.555733,0.995000,0.154280,0.153230,1.218750,0.350259,0.426300,1400,1400,1400,1400,900,900,900,900,600,91,85,96,95,75,0,0,0,0,99,97,100,100,90
1466091324,1.235000,0.176229,0.217360,1.180000,3.882854,4.580760,0.995000,0.154432,0.153230,1.218750,0.341978,0.415338,1400,1400,1400,1400,2000,2000,2000,2000,600,90,84,95,94,75,0,0,0,0,99,97,100,99,90
1466091325,1.233750,0.176473,0.217008,1.205000,3.808600,4.588640,0.995000,0.154432,0.153230,1.217500,0.316225,0.384572,1400,1400,1400,1400,900,900,900,900,600,89,83,94,94,75,0,0,0,0,99,98,100,100,90
1466091326,1.233750,0.175009,0.215775,1.196250,3.840932,4.592640,0.995000,0.154432,0.153230,1.218750,0.351988,0.427518,1400,1400,1400,1400,2000,2000,2000,2000,600,91,84,95,94,75,0,0,0,0,99,98,100,100,90
1466091327,1.235000,0.176229,0.217360,1.168750,3.732154,4.358976,0.995000,0.154432,0.153230,1.220000,0.303212,0.369660,1400,1400,1400,1400,2000,2000,2000,2000,600,90,83,94,93,75,0,0,0,0,99,98,99,100,90
1466091328,1.235000,0.177510,0.218595,1.187500,3.697630,4.388339,0.995000,0.154736,0.153230,1.218750,0.343434,0.417774,1400,1400,1400,1400,900,900,900,900,600,90,84,94,94,75,0,0,0,0,98,97,100,99,90
1466091329,1.235000,0.178730,0.219830,1.183750,3.801750,4.496583,0.995000,0.153976,0.152235,1.218750,0.341705,0.415338,1400,1400,1400,1400,2000,2000,2000,2000,600,90,83,94,93,75,0,0,0,0,99,98,100,100,90
1466091330,1.233750,0.172996,0.212076,1.181250,3.945052,4.659045,0.995000,0.154280,0.153230,1.220000,0.249249,0.303780,1400,1400,1400,1400,900,900,900,900,600,90,84,94,95,75,0,0,0,0,100,99,100,100,90
1466091331,1.235000,0.176961,0.217360,1.192500,3.735168,4.452120,0.995000,0.155040,0.154225,1.218750,0.349258,0.425082,1400,1400,1400,1400,900,900,900,900,600,90,84,95,94,75,0,0,0,0,98,96,99,100,90
1466091332,1.233750,0.178242,0.219474,1.181250,3.885046,4.588185,0.995000,0.154280,0.153230,1.218750,0.332514,0.404376,1400,1400,1400,1400,2000,2000,2000,2000,600,89,83,93,92,75,0,0,0,0,98,97,99,100,90
1466091333,1.233750,0.172264,0.212076,1.178750,3.822026,4.502316,0.995000,0.153976,0.152235,1.218750,0.298207,0.362964,1400,1400,1400,1400,900,900,900,900,600,89,83,94,94,75,0,0,0,0,99,99,100,99,90
1466091334,1.232500,0.185745,0.227920,1.183750,3.781748,4.472923,0.995000,0.155040,0.154225,1.218750,0.335699,0.408030,1400,1400,1400,1400,2000,2000,2000,2000,600,88,82,93,92,75,0,0,0,0,99,98,100,100,90
1466091335,1.235000,0.176961,0.217360,1.181250,3.899842,4.604719,0.995000,0.154280,0.153230,1.220000,0.325507,0.396500,1400,1400,1400,1400,900,900,900,900,600,88,83,93,92,75,0,0,0,0,99,97,100,100,90
1466091336,1.235000,0.177754,0.218595,1.178750,3.840658,4.523520,0.995000,0.155496,0.154225,1.218750,0.351988,0.427518,1400,1400,1400,1400,2000,2000,2000,2000,600,91,85,96,95,75,0,0,0,0,99,97,100,100,90
1466091337,1.235000,0.175009,0.216125,1.200000,3.689410,4.426800,0.995000,0.154432,0.153230,1.220000,0.340249,0.414800,1400,1400,1400,1400,2000,2000,2000,2000,600,88,82,92,92,75,0,1,0,0,99,98,100,100,90
1466091338,1.235000,0.174765,0.214890,1.178750,3.788872,4.462264,0.995000,0.154432,0.153230,1.218750,0.340522,0.414120,1400,1400,1400,1400,900,900,900,900,600,89,83,94,94,75,0,0,0,0,99,98,99,100,90
1466091339,1.235000,0.177998,0.218595,1.182500,3.775720,4.462050,0.995000,0.154432,0.153230,1.218750,0.350987,0.426300,1400,1400,1400,1400,2000,2000,2000,2000,600,90,83,94,93,75,0,0,0,0,99,97,100,99,90
1466091340,1.233750,0.174521,0.214542,1.195000,3.655982,4.367725,0.995000,0.154432,0.153230,1.218750,0.341705,0.415338,1400,1400,1400,1400,2000,2000,2000,2000,600,92,84,95,95,75,0,0,0,0,98,98,100,100,90
1466091341,1.233750,0.173728,0.213309,1.157500,3.827506,4.427839,0.995000,0.155040,0.154225,1.218750,0.270452,0.328860,1400,1400,1400,1400,900,900,900,900,600,89,83,94,94,75,0,0,0,0,99,99,100,100,90
1466091342,1.235000,0.181963,0.223535,1.176250,3.634884,4.273584,0.995000,0.154736,0.153230,1.218750,0.350441,0.426300,1400,1400,1400,1400,2000,2000,2000,2000,600,89,83,93,93,75,0,0,0,0,99,96,100,100,90
1466091343,1.235000,0.175985,0.216125,1.183750,3.820382,4.519060,0.995000,0.154432,0.153230,1.218750,0.338975,0.411684,1400,1400,1400,1400,2000,2000,2000,2000,600,91,84,95,95,75,0,0,0,0,99,98,99,99,90
1466091344,1.235000,0.175741,0.216125,1.178750,3.862030,4.549436,0.995000,0.154432,0.153230,1.218750,0.325507,0.395850,1400,1400,1400,1400,2000,2000,2000,2000,600,91,84,95,94,75,0,0,0,0,99,99,100,100,90
1466091345,1.235000,0.176717,0.217360,1.198750,3.728592,4.466144,0.995000,0.154432,0.153230,1.218750,0.352261,0.428736,1400,1400,1400,1400,2000,2000,2000,2000,600,91,84,95,95,75,0,0,0,0,99,98,100,100,90
1466091346,1.235000,0.176473,0.217360,1.198750,3.683656,4.412234,0.995000,0.154280,0.153230,1.218750,0.338520,0.411684,1400,1400,1400,1400,900,900,900,900,600,91,84,95,95,75,0,0,0,0,99,98,100,100,90
1466091347,1.233750,0.176961,0.217008,1.190000,3.714344,4.419660,0.995000,0.154280,0.153230,1.218750,0.349440,0.425082,1400,1400,1400,1400,2000,2000,2000,2000,600,90,84,94,93,75,0,0,0,0,98,97,99,100,90
1466091348,1.233750,0.175497,0.215775,1.196250,3.962314,4.738552,0.995000,0.154432,0.153230,1.218750,0.337701,0.410466,1400,1400,1400,1400,2000,2000,2000,2000,600,91,84,95,95,75,0,0,0,0,100,99,100,99,90
1466091349,1.233750,0.173728,0.213309,1.156250,3.619814,4.183564,0.995000,0.154432,0.153230,1.221250,0.241241,0.294261,1400,1400,1400,1400,2000,2000,2000,2000,600,91,84,95,94,75,0,0,0,1,99,97,100,100,90
1466091350,1.235000,0.178486,0.219830,1.173750,3.776542,4.429248,0.993750,0.154432,0.152922,1.218750,0.350987,0.426300,1400,1400,1400,1400,2000,2000,2000,2000,600,91,84,95,93,75,0,0,0,0,98,97,100,100,90
1466091351,1.235000,0.176717,0.217360,1.157500,3.694068,4.273958,0.995000,0.154280,0.153230,1.218750,0.337701,0.410466,1400,1400,1400,1400,900,900,900,900,600,91,85,95,95,75,0,0,0,0,99,98,100,100,90
1466091352,1.233750,0.172752,0.212076,1.135000,3.446920,3.911210,0.995000,0.154736,0.153230,1.221250,0.296478,0.361416,1400,1400,1400,1400,2000,2000,2000,2000,600,90,84,94,94,75,0,0,0,0,99,98,99,100,90
1466091353,1.235000,0.176229,0.217360,1.185000,3.843398,4.553955,0.995000,0.154736,0.153230,1.218750,0.351442,0.427518,1400,1400,1400,1400,900,900,900,900,600,89,83,93,93,75,0,0,0,0,99,97,100,100,90
1466091354,1.235000,0.175741,0.216125,1.198750,3.759554,4.503282,0.995000,0.154432,0.153230,1.220000,0.317499,0.386740,1400,1400,1400,1400,2000,2000,2000,2000,600,91,84,95,94,75,0,0,0,0,98,98,100,99,90
1466091355,1.233750,0.176717,0.217008,1.152500,3.551314,4.090752,0.995000,0.154432,0.153230,1.220000,0.348712,0.424560,1400,1400,1400,1400,2000,2000,2000,2000,600,90,83,94,93,75,0,0,0,0,99,98,100,100,90
1466091356,1.235000,0.177510,0.218595,1.182500,3.636254,4.297752,0.995000,0.154280,0.153230,1.220000,0.341705,0.416020,1400,1400,1400,1400,900,900,900,900,600,91,85,96,95,75,0,0,0,0,99,99,100,100,90
1466091357,1.233750,0.188734,0.231804,1.201250,3.734346,4.484534,0.995000,0.154432,0.153230,1.218750,0.337701,0.410466,1400,1400,1400,1400,2000,2000,2000,2000,600,90,83,94,93,75,0,0,0,0,99,97,100,100,90
1466091358,1.235000,0.176717,0.217360,1.170000,3.828328,4.478760,0.995000,0.155040,0.154225,1.217500,0.317499,0.385789,1400,1400,1400,1400,900,900,900,900,600,92,85,96,94,75,0,0,0,0,99,97,99,99,90
1466091359,1.233750,0.176961,0.217008,1.196250,3.649132,4.364204,0.995000,0.154280,0.153230,1.218750,0.336518,0.409248,1400,1400,1400,1400,2000,2000,2000,2000,600,89,82,93,93,75,0,0,0,0,99,98,100,100,90
1466091360,1.233750,0.175497,0.215775,1.133750,3.682560,4.171706,0.993750,0.154432,0.152922,1.218750,0.284739,0.345912,1400,1400,1400,1400,900,900,900,900,600,88,82,93,93,75,0,0,0,0,99,99,100,100,90
1466091361,1.235000,0.175741,0.216125,1.182500,3.851344,4.551882,0.995000,0.154432,0.153230,1.218750,0.349440,0.425082,1400,1400,1400,1400,900,900,900,900,600,91,84,95,95,75,0,0,0,0,99,96,100,100,90
1466091362,1.233750,0.176717,0.217008,1.161250,3.655708,4.243455,0.995000,0.154432,0.153230,1.218750,0.341978,0.415338,1400,1400,1400,1400,2000,2000,2000,2000,600,90,84,94,94,75,0,0,0,0,99,99,100,100,90
1466091363,1.233750,0.174216,0.214542,1.181250,4.036020,4.766516,0.995000,0.154736,0.153230,1.220000,0.257985,0.313540,1400,1400,1400,1400,2000,2000,2000,2000,600,91,84,95,95,75,0,0,0,0,99,98,99,99,90
1466091364,1.235000,0.176961,0.217360,1.175000,3.755718,4.412125,0.995000,0.154280,0.153230,1.220000,0.341705,0.416020,1400,1400,1400,1400,2000,2000,2000,2000,600,88,82,92,92,75,0,0,0,0,99,98,100,100,90
1466091365,1.233750,0.178486,0.219474,1.192500,3.672970,4.377024,0.995000,0.154432,0.153230,1.218750,0.346983,0.421428,1400,1400,1400,1400,900,900,900,900,600,89,83,93,93,75,0,0,0,1,99,98,100,100,90
1466091366,1.235000,0.175253,0.216125,1.172500,3.655434,4.283660,0.995000,0.154736,0.153230,1.218750,0.350441,0.426300,1400,1400,1400,1400,2000,2000,2000,2000,600,90,83,94,94,75,0,0,0,0,98,97,100,100,90
1466091367,1.235000,0.176717,0.217360,1.162500,3.731058,4.335422,0.995000,0.154432,0.153230,1.220000,0.335972,0.408700,1400,1400,1400,1400,900,900,900,900,600,90,84,94,95,75,0,0,0,0,99,98,100,100,90
1466091368,1.235000,0.175985,0.216125,1.198750,3.733524,4.472134,0.995000,0.154432,0.153230,1.218750,0.332969,0.404376,1400,1400,1400,1400,900,900,900,900,600,89,83,93,93,75,0,0,0,0,99,98,99,99,90
1466091370,1.233750,0.177266,0.218241,1.161250,3.723934,4.322403,0.995000,0.154736,0.153230,1.218750,0.347984,0.422646,1400,1400,1400,1400,900,900,900,900,600,89,83,94,93,75,0,0,0,0,98,97,100,100,90
1466091371,1.233750,0.176717,0.217008,1.162500,3.556246,4.132072,0.993750,0.154432,0.152922,1.218750,0.342706,0.416556,1400,1400,1400,1400,2000,2000,2000,2000,600,88,82,93,92,75,0,0,0,0,99,98,100,100,90
1466091372,1.233750,0.174216,0.214542,1.143750,3.841480,4.390263,0.993750,0.154432,0.152922,1.221250,0.280007,0.341880,1400,1400,1400,1400,2000,2000,2000,2000,600,91,84,95,95,75,0,0,0,0,99,97,100,100,90
1466091373,1.233750,0.176229,0.217008,1.186250,3.838740,4.551868,0.995000,0.154432,0.153230,1.218750,0.351715,0.427518,1400,1400,1400,1400,2000,2000,2000,2000,600,89,83,93,93,75,0,0,0,0,98,97,100,99,90
1466091374,1.235000,0.177510,0.218595,1.156250,3.550492,4.103800,0.995000,0.154736,0.153230,1.218750,0.341432,0.415338,1400,1400,1400,1400,900,900,900,900,600,89,83,94,93,75,0,0,0,0,99,98,99,100,90
1466091375,1.235000,0.178974,0.219830,1.165000,3.692424,4.301180,0.995000,0.154432,0.153230,1.218750,0.345982,0.420210,1400,1400,1400,1400,2000,2000,2000,2000,600,89,83,93,92,75,0,0,0,0,99,98,100,100,90
1466091376,1.235000,0.177510,0.218595,1.156250,3.364720,3.888784,0.995000,0.154280,0.153230,1.220000,0.337701,0.411140,1400,1400,1400,1400,2000,2000,2000,2000,600,91,84,95,94,75,0,0,0,0,100,98,100,100,90
1466091377,1.235000,0.176473,0.217360,1.180000,3.770788,4.448600,0.995000,0.154432,0.153230,1.218750,0.337246,0.410466,1400,1400,1400,1400,2000,2000,2000,2000,600,91,84,95,94,75,0,0,0,0,98,98,100,100,90
1466091378,1.235000,0.177510,0.218595,1.170000,3.750512,4.387500,0.995000,0.154736,0.153230,1.217500,0.323960,0.393091,1400,1400,1400,1400,2000,2000,2000,2000,600,90,84,94,93,75,0,0,0,0,98,96,100,99,90
1466091379,1.235000,0.178242,0.219830,1.168750,3.883676,4.535344,0.995000,0.154432,0.153230,1.218750,0.350441,0.426300,1400,1400,1400,1400,2000,2000,2000,2000,600,91,84,95,95,75,0,0,0,0,99,98,99,100,90
1466091380,1.232500,0.173240,0.213136,1.196250,3.774076,4.513704,0.993750,0.154736,0.152922,1.220000,0.301938,0.367220,1400,1400,1400,1400,2000,2000,2000,2000,600,91,84,95,94,75,0,0,0,0,99,99,100,100,90
1466091381,1.233750,0.184769,0.226872,1.176250,3.624198,4.261824,0.995000,0.154736,0.153230,1.220000,0.350714,0.427000,1400,1400,1400,1400,2000,2000,2000,2000,600,90,83,94,92,75,0,0,0,0,99,97,100,100,90
1466091382,1.235000,0.176717,0.217360,1.177500,3.675162,4.325475,0.995000,0.154736,0.153230,1.218750,0.343252,0.417774,1400,1400,1400,1400,2000,2000,2000,2000,600,91,84,95,94,75,0,0,0,1,99,98,100,100,90
1466091383,1.233750,0.173728,0.213309,1.160000,3.891896,4.513560,0.995000,0.154736,0.153230,1.217500,0.247520,0.300599,1400,1400,1400,1400,2000,2000,2000,2000,600,90,83,94,93,75,0,0,0,0,99,98,100,100,90
1466091384,1.233750,0.176717,0.217008,1.166250,3.836822,4.472776,0.995000,0.154736,0.153230,1.218750,0.347711,0.422646,1400,1400,1400,1400,2000,2000,2000,2000,600,91,84,95,94,75,0,0,0,0,100,98,100,99,90
1466091385,1.235000,0.176717,0.217360,1.185000,3.866688,4.581210,0.995000,0.154736,0.153230,1.218750,0.338975,0.411684,1400,1400,1400,1400,2000,2000,2000,2000,600,90,83,94,93,75,0,0,0,0,98,96,99,99,90
1466091386,1.235000,0.176961,0.217360,1.186250,3.529942,4.185394,0.995000,0.154736,0.153230,1.221250,0.301210,0.367521,1400,1400,1400,1400,900,900,900,900,600,88,83,93,93,75,0,0,0,0,99,98,100,100,90
1466091387,1.233750,0.176229,0.217008,1.195000,3.626116,4.333070,0.995000,0.154736,0.153230,1.218750,0.335972,0.408030,1400,1400,1400,1400,2000,2000,2000,2000,600,90,84,95,94,75,0,0,0,0,99,99,100,100,90
1466091388,1.235000,0.176229,0.217360,1.188750,4.080134,4.847040,0.995000,0.154432,0.153230,1.220000,0.315952,0.384300,1400,1400,1400,1400,2000,2000,2000,2000,600,89,83,93,92,75,0,0,0,0,99,98,100,100,90
1466091389,1.233750,0.177754,0.218241,1.172500,3.650228,4.277800,0.995000,0.155040,0.154225,1.220000,0.354991,0.431880,1400,1400,1400,1400,2000,2000,2000,2000,600,92,85,95,94,75,0,0,0,0,99,97,100,99,90
1466091390,1.235000,0.178486,0.219830,1.181250,3.896006,4.601176,0.995000,0.154736,0.153230,1.218750,0.343252,0.417774,1400,1400,1400,1400,2000,2000,2000,2000,600,91,84,95,94,75,0,0,0,0,99,98,99,100,90
1466091391,1.233750,0.174765,0.214542,1.158750,3.734072,4.323972,0.995000,0.154432,0.153230,1.218750,0.259441,0.315462,1400,1400,1400,1400,900,900,900,900,600,90,84,94,94,75,0,0,0,0,99,97,100,100,90
1466091392,1.235000,0.178242,0.219830,1.162500,3.725304,4.328450,0.995000,0.154736,0.153230,1.218750,0.347984,0.422646,1400,1400,1400,1400,2000,2000,2000,2000,600,90,84,94,94,75,0,0,0,0,98,97,100,100,90
1466091393,1.235000,0.178486,0.219830,1.152500,3.585838,4.129920,0.995000,0.154736,0.153230,1.218750,0.345436,0.420210,1400,1400,1400,1400,2000,2000,2000,2000,600,89,83,93,92,75,0,0,0,0,100,98,100,99,90
1466091394,1.233750,0.173728,0.213309,1.140000,3.717358,4.237380,0.995000,0.154432,0.153230,1.220000,0.284011,0.346480,1400,1400,1400,1400,2000,2000,2000,2000,600,91,84,95,95,75,0,0,0,0,98,98,99,100,90
1466091395,1.233750,0.173728,0.213309,1.176250,3.741470,4.399416,0.995000,0.155040,0.154225,1.218750,0.339521,0.412902,1400,1400,1400,1400,900,900,900,900,600,89,83,94,94,75,0,0,0,0,100,99,100,100,90
1466091396,1.235000,0.176473,0.217360,1.180000,3.896280,4.597280,0.995000,0.155040,0.154225,1.218750,0.334516,0.406812,1400,1400,1400,1400,900,900,900,900,600,90,84,94,94,75,0,0,0,0,99,97,100,100,90
1466091397,1.235000,0.177998,0.218595,1.168750,3.581454,4.182608,0.995000,0.154736,0.153230,1.218750,0.342706,0.416556,1400,1400,1400,1400,2000,2000,2000,2000,600,90,84,95,94,75,0,0,0,0,98,97,100,100,90
1466091398,1.235000,0.177266,0.218595,1.170000,3.820656,4.469400,0.995000,0.154432,0.153230,1.220000,0.344981,0.419680,1400,1400,1400,1400,2000,2000,2000,2000,600,91,84,95,95,75,0,0,0,0,99,98,100,99,90
1466091399,1.235000,0.176473,0.217360,1.177500,3.778186,4.446706,0.995000,0.154432,0.153230,1.218750,0.338520,0.411684,1400,1400,1400,1400,2000,2000,2000,2000,600,91,84,95,95,75,0,0,0,1,100,97,100,100,90
1466091400,1.235000,0.178974,0.219830,1.173750,3.787228,4.442151,0.995000,0.155040,0.154225,1.218750,0.348712,0.423864,1400,1400,1400,1400,900,900,900,900,600,91,84,95,95,75,0,0,0,0,98,96,99,100,90
1466091401,1.233750,0.173972,0.213309,1.191250,3.674066,4.375734,0.995000,0.154432,0.153230,1.218750,0.341250,0.415338,1400,1400,1400,1400,2000,2000,2000,2000,600,91,84,95,95,75,0,0,0,0,99,98,100,100,90
1466091402,1.233750,0.172020,0.212076,1.156250,3.694342,4.270264,0.995000,0.155040,0.154225,1.220000,0.260988,0.317200,1400,1400,1400,1400,2000,2000,2000,2000,600,90,84,95,94,75,0,0,0,0,99,98,100,100,90
1466091403,1.235000,0.178486,0.219830,1.195000,3.623102,4.329485,0.995000,0.155040,0.154225,1.218750,0.349713,0.425082,1400,1400,1400,1400,900,900,900,900,600,89,83,94,93,75,0,0,0,0,98,96,100,99,90
1466091404,1.233750,0.189710,0.233037,1.176250,3.687492,4.335912,0.995000,0.154736,0.153230,1.218750,0.339703,0.412902,1400,1400,1400,1400,2000,2000,2000,2000,600,90,84,95,94,75,0,0,0,0,99,98,100,100,90
1466091405,1.235000,0.177998,0.218595,1.190000,3.581180,4.261390,0.995000,0.155040,0.154225,1.217500,0.320502,0.389440,1400,1400,1400,1400,900,900,900,2000,600,88,82,92,92,75,0,0,0,1,100,98,99,100,90
1466091406,1.235000,0.176717,0.217360,1.178750,3.692150,4.349176,0.995000,0.154736,0.153230,1.220000,0.331695,0.403820,1400,1400,1400,1400,2000,2000,2000,2000,600,91,84,95,94,75,0,0,0,0,99,99,100,100,90
1466091407,1.233750,0.176229,0.217008,1.188750,3.837096,4.558356,0.993750,0.153976,0.151929,1.220000,0.289198,0.352580,1400,1400,1400,1400,2000,2000,2000,2000,600,89,83,93,93,75,0,0,0,0,99,98,100,100,90
1466091408,1.235000,0.180743,0.222300,1.155000,3.398970,3.924690,0.995000,0.155040,0.154225,1.218750,0.350987,0.426300,1400,1400,1400,1400,900,900,900,900,600,89,83,94,93,75,0,0,0,0,98,96,100,99,90
1466091409,1.233750,0.175985,0.215775,1.180000,3.717906,4.386060,0.995000,0.154736,0.153230,1.220000,0.343707,0.418460,1400,1400,1400,1400,2000,2000,2000,2000,600,91,85,95,95,75,0,0,0,0,100,99,100,100,90
1466091410,1.233750,0.172752,0.212076,1.125000,3.608032,4.059000,0.995000,0.154432,0.153230,1.222500,0.242697,0.295724,1400,1400,1400,1400,2000,2000,2000,2000,600,89,83,93,92,75,0,1,0,0,99,98,99,100,90
1466091411,1.233750,0.176473,0.217008,1.192500,3.646940,4.346032,0.995000,0.155040,0.154225,1.218750,0.349440,0.425082,1400,1400,1400,1400,900,900,900,900,600,89,83,94,93,75,0,0,0,0,99,97,100,100,90
1466091412,1.235000,0.181231,0.223535,1.166250,3.650776,4.255900,0.993750,0.154736,0.152922,1.218750,0.339248,0.412902,1400,1400,1400,1400,2000,2000,2000,2000,600,90,84,94,94,75,0,0,0,0,99,98,100,100,90
1466091413,1.233750,0.173240,0.213309,1.148750,3.840110,4.408320,0.995000,0.155192,0.154225,1.218750,0.303940,0.369054,1400,1400,1400,1400,900,900,900,900,600,88,83,93,93,75,0,0,0,0,99,98,100,99,90
1466091414,1.233750,0.175497,0.215775,1.196250,3.688862,4.410848,0.995000,0.154736,0.153230,1.218750,0.352716,0.428736,1400,1400,1400,1400,2000,2000,2000,2000,600,91,84,95,95,75,0,0,0,0,99,98,100,100,90
1466091415,1.235000,0.177266,0.218595,1.181250,3.859564,4.557479,0.995000,0.154432,0.153230,1.220000,0.319228,0.389180,1400,1400,1400,1400,2000,2000,2000,2000,600,88,82,93,92,75,0,0,0,0,99,97,99,100,90
1466091416,1.235000,0.175985,0.216125,1.190000,3.998482,4.757620,0.993750,0.155496,0.153915,1.218750,0.351715,0.427518,1400,1400,1400,1400,2000,2000,2000,2000,600,91,85,95,95,75,0,0,0,0,98,96,100,100,90
1466091417,1.233750,0.175497,0.215775,1.183750,3.810518,4.507230,0.993750,0.155040,0.153915,1.218750,0.340977,0.414120,1400,1400,1400,1400,2000,2000,2000,2000,600,91,84,95,95,75,0,0,0,0,99,99,100,100,90
1466091418,1.235000,0.177998,0.218595,1.158750,3.834630,4.439772,0.995000,0.154736,0.153230,1.218750,0.338975,0.411684,1400,1400,1400,1400,900,900,900,900,600,88,83,93,93,75,0,0,0,0,99,98,100,99,90
1466091419,1.235000,0.177266,0.218595,1.190000,3.902856,4.643380,0.995000,0.155040,0.154225,1.218750,0.347256,0.422646,1400,1400,1400,1400,900,900,900,900,600,89,83,93,92,75,0,0,0,0,99,97,100,100,90
1466091420,1.235000,0.176717,0.217360,1.162500,3.660640,4.252920,0.995000,0.155040,0.154225,1.218750,0.343707,0.417774,1400,1400,1400,1400,900,900,900,900,600,91,85,95,95,75,0,0,0,0,99,98,99,100,90
1466091421,1.233750,0.174216,0.214542,1.148750,3.658722,4.199384,0.995000,0.155192,0.154225,1.218750,0.282191,0.343476,1400,1400,1400,1400,900,900,900,900,600,90,84,95,95,75,0,0,0,0,99,98,100,100,90
1466091422,1.235000,0.178486,0.219830,1.175000,3.641186,4.278175,0.995000,0.155040,0.154225,1.218750,0.350441,0.426300,1400,1400,1400,1400,2000,2000,2000,2000,600,89,83,93,92,75,0,0,0,0,98,97,100,99,90
1466091423,1.233750,0.176961,0.217008,1.193750,3.787776,4.517891,0.995000,0.155040,0.154225,1.220000,0.343980,0.418460,1400,1400,1400,1400,2000,2000,2000,2000,600,88,82,93,92,75,0,0,0,0,100,98,100,100,90
1466091424,1.232500,0.175009,0.215600,1.161250,3.669408,4.259709,0.995000,0.154736,0.153230,1.218750,0.212485,0.258216,1400,140