Timestamp,A7_Volt,A7_Amp,A7_Watt,A15_Volt,A15_Amp,A15_Watt,GPU_Volt,GPU_Amp,GPU_Watt,Mem_Volt,Mem_Amp,Mem_Watt,CPU0_Freq,CPU1_Freq,CPU2_Freq,CPU3_Freq,CPU4_Freq,CPU5_Freq,CPU6_Freq,CPU7_Freq,GPU_Freq,CPU4_Temp,CPU5_Temp,CPU6_Temp,CPU7_Temp,GPU_Temp,CPU0_USG,CPU1_USG,CPU2_USG,CPU3_USG,CPU4_USG,CPU5_USG,CPU6_USG,CPU7_USG,Fan_Speed_%
1466090509,1.237500,0.105469,0.129885,1.283750,0.810492,1.039230,0.993750,0.094696,0.093342,1.216250,0.014742,0.017024,1400,1400,1400,1400,2000,2000,2000,2000,600,56,51,57,54,50,6,7,7,6,26,27,17,18,0
1466090510,1.237500,0.106750,0.131122,1.283750,0.808848,1.036664,0.993750,0.094696,0.093342,1.216250,0.014742,0.017024,1400,1400,1400,1400,2000,2000,2000,2000,600,55,51,57,54,50,0,0,0,0,0,0,0,0,0
1466090511,1.237500,0.104737,0.128648,1.283750,0.807752,1.035381,0.993750,0.094696,0.093342,1.216250,0.014742,0.017024,1400,1400,1400,1400,2000,2000,2000,2000,600,55,51,57,54,50,0,0,0,0,0,0,0,0,0
1466090512,1.237500,0.104249,0.128648,1.283750,0.806108,1.034098,0.993750,0.094696,0.093342,1.216250,0.014469,0.017024,1400,1400,1400,1400,2000,2000,2000,2000,600,55,51,57,54,50,0,0,0,0,0,0,0,0,0
1466090513,1.237500,0.103517,0.127411,1.283750,0.866662,1.111078,0.993750,0.094544,0.093342,1.216250,0.016016,0.019456,1400,1400,1400,1400,2000,2000,2000,2000,600,55,51,57,54,50,0,0,0,0,0,0,0,0,0
1466090514,1.237500,0.104493,0.128648,1.283750,0.807204,1.035381,0.993750,0.094544,0.093342,1.216250,0.014469,0.017024,1400,1400,1400,1400,2000,2000,2000,2000,600,55,51,57,54,50,0,0,0,0,0,0,0,0,0
1466090515,1.237500,0.103273,0.127411,1.283750,0.806108,1.034098,0.993750,0.094240,0.093342,1.216250,0.015015,0.018240,1400,1400,1400,1400,2000,2000,2000,2000,600,55,51,56,54,50,0,0,0,0,0,0,0,0,0
1466090516,1.237500,0.104249,0.128648,1.283750,0.807752,1.035381,0.993750,0.094696,0.093342,1.215000,0.014742,0.017010,1400,1400,1400,1400,2000,2000,2000,2000,600,55,51,57,54,50,0,0,0,0,0,0,0,0,0
1466090517,1.237500,0.105469,0.129885,1.283750,0.807752,1.035381,0.993750,0.094696,0.093342,1.216250,0.015015,0.018240,1400,1400,1400,1400,2000,2000,2000,2000,600,55,51,57,54,50,0,0,0,0,0,0,0,0,0
1466090518,1.237500,0.104737,0.128648,1.283750,0.806382,1.034098,0.993750,0.094696,0.093342,1.216250,0.015015,0.018240,1400,1400,1400,1400,2000,2000,2000,2000,600,58,53,57,54,50,0,0,0,0,0,0,0,1,0
1466090519,1.237500,0.114253,0.141018,1.293750,2.724108,3.522132,0.993750,0.098192,0.097314,1.222500,0.102466,0.124644,1400,1400,1400,1400,2000,2000,2000,2000,600,70,63,64,62,54,0,0,0,0,78,0,0,77,0
1466090520,1.236250,0.126270,0.155736,1.295000,2.928786,3.791760,0.993750,0.103664,0.102279,1.217500,0.261261,0.317637,1400,1400,1400,1400,2000,2000,2000,2000,600,72,66,67,66,57,0,0,0,0,100,0,0,100,50
1466090521,1.236250,0.131516,0.161916,1.296250,3.034550,3.932064,0.993750,0.107008,0.106251,1.217500,0.286741,0.348062,1400,1400,1400,1400,2000,2000,2000,2000,600,76,69,70,69,59,0,0,0,0,100,0,0,99,50
1466090522,1.236250,0.128771,0.158208,1.297500,3.332662,4.321604,0.993750,0.111264,0.110223,1.217500,0.145782,0.176465,1400,1400,1400,1400,2000,2000,2000,2000,600,75,70,72,71,60,0,0,0,0,100,0,0,99,50
1466090523,1.236250,0.134993,0.165624,1.296250,3.007972,3.897072,0.995000,0.113544,0.112435,1.218750,0.256256,0.311808,1400,1400,1400,1400,2000,2000,2000,2000,600,77,70,72,72,61,0,0,0,0,100,0,0,100,50
1466090524,1.236250,0.133468,0.164388,1.297500,3.097570,4.016809,0.993750,0.115216,0.114195,1.216250,0.266994,0.323456,1400,1400,1400,1400,2000,2000,2000,2000,600,78,71,73,73,62,0,0,0,0,100,0,0,98,50
1466090525,1.236250,0.137006,0.169332,1.296250,3.024138,3.919104,0.993750,0.116736,0.115188,1.218750,0.256256,0.311808,1400,1400,1400,1400,2000,2000,2000,2000,600,78,72,76,74,63,0,0,0,0,100,0,1,99,50
1466090526,1.236250,0.137006,0.169332,1.297500,3.277314,4.250269,0.995000,0.118712,0.117410,1.223750,0.149695,0.182227,1400,1400,1400,1400,2000,2000,2000,2000,600,79,72,74,74,63,0,0,0,0,100,0,0,100,50
1466090527,1.236250,0.142496,0.175512,1.297500,3.126888,4.054422,0.995000,0.119776,0.118405,1.217500,0.287742,0.349279,1400,1400,1400,1400,2000,2000,2000,2000,600,79,73,75,75,64,0,0,0,0,100,0,0,99,50
1466090528,1.236250,0.137738,0.169332,1.297500,3.319236,4.304743,0.993750,0.120992,0.119160,1.222500,0.149968,0.182078,1400,1400,1400,1400,2000,2000,2000,2000,600,80,73,78,75,64,0,0,0,0,100,0,0,99,50
1466090529,1.236250,0.140727,0.173040,1.297500,3.068800,3.979196,0.993750,0.120992,0.119160,1.218750,0.252252,0.306936,1400,1400,1400,1400,2000,2000,2000,2000,600,74,73,77,81,63,0,0,0,0,36,64,0,100,50
1466090530,1.236250,0.137250,0.169332,1.298750,3.357870,4.357386,0.993750,0.119928,0.118167,1.222500,0.152243,0.185744,1400,1400,1400,1400,2000,2000,2000,2000,600,74,73,77,81,63,0,0,0,0,0,100,0,99,70
1466090531,1.236250,0.142496,0.175512,1.297500,3.157028,4.094629,0.993750,0.120688,0.119160,1.217500,0.284466,0.345628,1400,1400,1400,1400,2000,2000,2000,2000,600,75,74,78,82,64,0,0,0,0,0,100,0,100,70
1466090532,1.236250,0.137982,0.169332,1.297500,3.117024,4.042749,0.993750,0.120688,0.119160,1.220000,0.245518,0.298900,1400,1400,1400,1400,2000,2000,2000,2000,600,75,74,78,82,64,0,0,0,0,0,99,1,99,70
1466090533,1.236250,0.143472,0.176748,1.298750,3.200320,4.153600,0.993750,0.121448,0.120153,1.217500,0.287014,0.349279,1400,1400,1400,1400,2000,2000,2000,2000,600,75,74,78,83,64,0,0,0,0,0,100,0,99,70
1466090534,1.236250,0.137006,0.169332,1.297500,3.132642,4.062204,0.993750,0.121752,0.120153,1.222500,0.153517,0.186966,1400,1400,1400,1400,2000,2000,2000,2000,600,75,74,78,83,64,0,0,0,0,0,100,0,100,70
1466090535,1.236250,0.143716,0.176748,1.298750,3.213198,4.170474,0.993750,0.122208,0.121146,1.217500,0.282191,0.343194,1400,1400,1400,1400,2000,2000,2000,2000,600,75,74,79,83,64,0,0,0,0,0,100,0,99,70
1466090536,1.236250,0.143716,0.176748,1.297500,3.150178,4.085550,0.995000,0.122512,0.121390,1.220000,0.247247,0.301340,1400,1400,1400,1400,2000,2000,2000,2000,600,75,74,79,83,64,0,0,0,0,0,100,0,100,70
1466090537,1.236250,0.144997,0.177984,1.298750,3.217856,4.175666,0.993750,0.123272,0.122139,1.217500,0.288470,0.350496,1400,1400,1400,1400,2000,2000,2000,2000,600,76,74,79,83,65,0,0,0,0,0,100,0,99,70
1466090538,1.236250,0.143228,0.176748,1.297500,3.124422,4.051828,0.993750,0.122968,0.121146,1.218750,0.257712,0.313026,1400,1400,1400,1400,2000,2000,2000,2000,600,76,74,79,83,64,0,0,0,0,0,100,0,99,70
1466090539,1.236250,0.145485,0.179220,1.297500,3.226350,4.184122,0.993750,0.123272,0.122139,1.217500,0.290017,0.352930,1400,1400,1400,1400,2000,2000,2000,2000,600,76,76,79,84,65,0,0,0,0,0,100,0,99,70
1466090540,1.236250,0.143472,0.176748,1.297500,3.124696,4.051828,0.993750,0.123728,0.122139,1.218750,0.257985,0.313026,1400,1400,1400,1400,2000,2000,2000,2000,600,76,75,79,83,65,0,0,0,0,0,100,0,100,70
1466090541,1.236250,0.145729,0.179220,1.297500,3.189634,4.136133,0.993750,0.124184,0.123132,1.217500,0.289471,0.351713,1400,1400,1400,1400,2000,2000,2000,2000,600,76,76,80,84,65,0,0,0,0,0,100,0,99,70
1466090542,1.236250,0.143716,0.176748,1.297500,3.130998,4.059610,0.993750,0.124184,0.123132,1.220000,0.258986,0.314760,1400,1400,1400,1400,2000,2000,2000,2000,600,76,75,79,83,65,0,0,0,0,0,100,0,100,70
1466090543,1.236250,0.146522,0.180456,1.298750,3.221418,4.180858,0.993750,0.124488,0.123132,1.217500,0.297752,0.361449,1400,1400,1400,1400,2000,2000,2000,2000,600,76,76,79,84,65,0,0,0,0,0,100,0,99,70
1466090544,1.236250,0.143228,0.176748,1.297500,3.140588,4.072580,0.993750,0.124792,0.123132,1.218750,0.259441,0.315462,1400,1400,1400,1400,2000,2000,2000,2000,600,76,75,79,84,65,0,0,0,0,0,100,0,99,70
1466090545,1.236250,0.146522,0.180456,1.298750,3.229364,4.191242,0.993750,0.124792,0.123132,1.218750,0.293748,0.356874,1400,1400,1400,1400,2000,2000,2000,2000,600,76,76,80,85,65,0,0,0,0,0,100,0,100,70
1466090546,1.236250,0.146217,0.180456,1.297500,3.141410,4.073877,0.993750,0.124792,0.123132,1.218750,0.256984,0.311808,1400,1400,1400,1400,2000,2000,2000,2000,600,76,75,79,84,65,0,0,0,0,0,100,0,99,70
1466090547,1.236250,0.146217,0.180456,1.298750,3.260052,4.231480,0.993750,0.125248,0.124125,1.217500,0.294021,0.357798,1400,1400,1400,1400,2000,2000,2000,2000,600,76,76,80,84,65,0,0,0,0,0,100,0,99,70
1466090548,1.236250,0.144509,0.177984,1.297500,3.164700,4.103708,0.993750,0.125552,0.124125,1.218750,0.258440,0.314244,1400,1400,1400,1400,2000,2000,2000,2000,600,76,75,80,84,65,0,0,0,0,0,100,0,100,70
1466090549,1.236250,0.148474,0.182928,1.298750,3.264436,4.236672,0.993750,0.125704,0.124125,1.217500,0.294021,0.357798,1400,1400,1400,1400,2000,2000,2000,2000,600,76,76,80,84,65,0,0,0,0,0,100,0,99,70
1466090550,1.236250,0.144753,0.177984,1.297500,3.149082,4.084253,0.993750,0.125704,0.124125,1.218750,0.258713,0.314244,1400,1400,1400,1400,2000,2000,2000,2000,600,77,76,80,85,65,0,0,0,0,0,100,1,100,70
1466090551,1.236250,0.141764,0.174276,1.298750,3.261970,4.232778,0.993750,0.125704,0.124125,1.220000,0.171262,0.208620,1400,1400,1400,1400,2000,2000,2000,2000,600,77,76,80,84,66,0,0,0,0,0,100,0,99,70
1466090552,1.236250,0.146522,0.180456,1.297500,3.140588,4.072580,0.993750,0.126008,0.125118,1.218750,0.276003,0.336168,1400,1400,1400,1400,2000,2000,2000,2000,600,77,76,80,85,66,0,0,0,0,0,100,0,99,70
1466090553,1.236250,0.143716,0.176748,1.298750,3.240598,4.205520,0.993750,0.126008,0.125118,1.222500,0.226499,0.276172,1400,1400,1400,1400,2000,2000,2000,2000,600,77,76,80,84,66,0,0,0,0,0,100,0,100,70
1466090554,1.236250,0.145729,0.179220,1.297500,3.160590,4.098520,0.993750,0.126160,0.125118,1.218750,0.260260,0.316680,1400,1400,1400,1400,2000,2000,2000,2000,600,77,76,80,85,66,0,0,0,0,0,100,0,99,70
1466090555,1.236250,0.145241,0.179220,1.298750,3.269368,4.243162,0.993750,0.126464,0.125118,1.220000,0.177268,0.215940,1400,1400,1400,1400,2000,2000,2000,2000,600,77,76,80,85,66,0,0,0,0,0,100,0,100,70
1466090556,1.236250,0.147254,0.181692,1.298750,3.244160,4.210712,0.993750,0.126768,0.125118,1.218750,0.277277,0.337386,1400,1400,1400,1400,2000,2000,2000,2000,600,77,76,80,85,66,0,0,0,0,0,100,0,99,70
1466090557,1.236250,0.142984,0.175512,1.298750,3.278410,4.254844,0.993750,0.126768,0.125118,1.222500,0.214942,0.261508,1400,1400,1400,1400,2000,2000,2000,2000,600,77,76,80,85,66,0,0,0,0,0,100,0,100,70
1466090558,1.236250,0.147010,0.181692,1.298750,3.255394,4.224990,0.993750,0.126920,0.125118,1.217500,0.289471,0.351713,1400,1400,1400,1400,2000,2000,2000,2000,600,77,76,81,85,66,0,0,0,0,0,100,0,99,70
1466090559,1.236250,0.143716,0.176748,1.298750,3.275670,4.250950,0.993750,0.127224,0.126111,1.222500,0.215943,0.262730,1400,1400,1400,1400,2000,2000,2000,2000,600,77,76,80,85,66,0,0,0,0,0,100,0,99,70
1466090560,1.236250,0.147254,0.181692,1.298750,3.250188,4.218500,0.993750,0.127224,0.126111,1.217500,0.289198,0.351713,1400,1400,1400,1400,2000,2000,2000,2000,600,77,76,81,85,66,0,0,0,0,0,100,0,100,90
1466090561,1.236250,0.147010,0.181692,1.298750,3.153466,4.092594,0.993750,0.127224,0.126111,1.222500,0.215215,0.262730,1400,1400,1400,1400,2000,2000,2000,2000,600,77,76,80,85,66,0,0,0,0,0,100,0,99,90
1466090562,1.236250,0.148230,0.182928,1.298750,3.254298,4.223692,0.993750,0.127528,0.126111,1.217500,0.289198,0.351713,1400,1400,1400,1400,2000,2000,2000,2000,600,78,75,81,85,66,0,0,0,0,1,100,0,99,90
1466090563,1.236250,0.147498,0.181692,1.297500,3.166344,4.106302,0.993750,0.127680,0.126111,1.220000,0.258986,0.314760,1400,1400,1400,1400,2000,2000,2000,2000,600,77,76,81,85,66,0,0,0,0,0,100,0,100,90
1466090564,1.236250,0.149511,0.184164,1.298750,3.256216,4.226288,0.993750,0.127680,0.126111,1.217500,0.288197,0.350496,1400,1400,1400,1400,2000,2000,2000,2000,600,77,78,81,86,66,0,0,0,0,0,100,0,99,90
1466090565,1.236250,0.148474,0.182928,1.297500,3.137026,4.068689,0.995000,0.127680,0.126365,1.220000,0.258713,0.314760,1400,1400,1400,1400,2000,2000,2000,2000,600,77,76,81,85,66,0,0,0,0,0,100,0,100,90
1466090566,1.236250,0.148718,0.182928,1.298750,3.261422,4.232778,0.993750,0.128288,0.127104,1.218750,0.288743,0.350784,1400,1400,1400,1400,2000,2000,2000,2000,600,78,78,81,86,66,0,0,0,0,0,100,0,99,90
1466090567,1.236250,0.146217,0.180456,1.297500,3.163330,4.102411,0.993750,0.127984,0.126111,1.218750,0.258440,0.314244,1400,1400,1400,1400,2000,2000,2000,2000,600,77,76,81,85,66,0,0,0,0,0,100,0,100,90
1466090568,1.236250,0.147742,0.181692,1.297500,3.189086,4.136133,0.993750,0.128288,0.127104,1.217500,0.289744,0.351713,1400,1400,1400,1400,2000,2000,2000,2000,600,78,78,81,86,66,0,0,0,0,0,100,0,99,90
1466090569,1.236250,0.146522,0.180456,1.297500,3.168262,4.108896,0.993750,0.128440,0.127104,1.220000,0.258986,0.314760,1400,1400,1400,1400,2000,2000,2000,2000,600,77,76,81,85,66,0,0,0,0,0,100,0,99,90
1466090570,1.236250,0.150731,0.185400,1.298750,3.175660,4.121150,0.993750,0.128440,0.127104,1.217500,0.286013,0.348062,1400,1400,1400,1400,2000,2000,2000,2000,600,78,77,81,86,66,0,0,0,0,0,100,0,99,90
1466090571,1.236250,0.148474,0.182928,1.297500,3.174838,4.116678,0.993750,0.128440,0.127104,1.220000,0.257712,0.313540,1400,1400,1400,1400,2000,2000,2000,2000,600,78,77,81,86,66,0,0,0,0,0,100,0,100,90
1466090572,1.236250,0.149755,0.184164,1.297500,3.157576,4.094629,0.993750,0.129048,0.128097,1.220000,0.202020,0.246440,1400,1400,1400,1400,2000,2000,2000,2000,600,78,77,81,86,66,0,0,0,0,0,100,0,99,90
1466090573,1.236250,0.147986,0.181692,1.298750,3.166344,4.109468,0.993750,0.128288,0.127104,1.220000,0.271726,0.330620,1400,1400,1400,1400,2000,2000,2000,2000,600,78,77,81,86,66,0,0,0,0,0,100,0,100,90
1466090574,1.236250,0.150487,0.185400,1.298750,3.263888,4.235374,0.993750,0.128744,0.127104,1.217500,0.288470,0.350496,1400,1400,1400,1400,2000,2000,2000,2000,600,78,77,81,86,66,0,0,0,0,0,100,0,99,90
1466090575,1.236250,0.147986,0.181692,1.298750,3.169358,4.113362,0.993750,0.128744,0.127104,1.220000,0.258258,0.314760,1400,1400,1400,1400,2000,2000,2000,2000,600,78,77,81,86,66,0,0,0,0,0,100,0,99,90
1466090576,1.236250,0.142740,0.175512,1.298750,3.414588,4.431372,0.993750,0.128744,0.127104,1.222500,0.206024,0.251732,1400,1400,1400,1400,2000,2000,2000,2000,600,78,77,81,86,66,0,0,0,0,0,100,0,100,90
1466090577,1.236250,0.148718,0.182928,1.297500,3.223610,4.180231,0.993750,0.128440,0.127104,1.218750,0.272272,0.331296,1400,1400,1400,1400,2000,2000,2000,2000,600,78,77,81,86,67,0,0,0,0,1,100,0,99,90
1466090578,1.236250,0.144021,0.177984,1.297500,3.210458,4.163370,0.993750,0.128744,0.127104,1.223750,0.195741,0.238485,1400,1400,1400,1400,2000,2000,2000,2000,600,78,77,81,86,67,0,0,0,0,0,100,0,100,90
1466090579,1.236250,0.147010,0.181692,1.297500,3.169084,4.110193,0.993750,0.128744,0.127104,1.218750,0.269269,0.327642,1400,1400,1400,1400,2000,2000,2000,2000,600,78,77,81,86,67,0,0,0,0,0,100,0,99,90
1466090580,1.236250,0.144997,0.177984,1.298750,3.416232,4.433968,0.993750,0.129048,0.128097,1.218750,0.215215,0.261870,1400,1400,1400,1400,2000,2000,2000,2000,600,78,77,81,86,67,0,0,0,0,0,100,0,99,90
1466090581,1.236250,0.149999,0.184164,1.298750,3.203334,4.157494,0.993750,0.129048,0.128097,1.218750,0.269269,0.327642,1400,1400,1400,1400,2000,2000,2000,2000,600,78,77,81,86,67,0,0,0,0,0,100,0,100,90
1466090582,1.236250,0.147498,0.181692,1.297500,3.227994,4.185419,0.993750,0.129200,0.128097,1.222500,0.197743,0.240734,1400,1400,1400,1400,2000,2000,2000,2000,600,78,77,81,86,67,0,0,0,0,0,100,0,99,90
1466090583,1.236250,0.148718,0.182928,1.298750,3.273204,4.248354,0.993750,0.128744,0.127104,1.217500,0.289016,0.351713,1400,1400,1400,1400,2000,2000,2000,2000,600,78,77,81,86,67,0,0,0,0,1,100,0,100,90
1466090584,1.236250,0.146766,0.180456,1.298750,3.238406,4.202924,0.993750,0.129048,0.128097,1.223750,0.188461,0.229924,1400,1400,1400,1400,2000,2000,2000,2000,600,78,77,81,86,67,0,0,0,0,0,100,0,99,90
1466090585,1.236250,0.149755,0.184164,1.298750,3.268546,4.241864,0.993750,0.129200,0.128097,1.217500,0.287742,0.349279,1400,1400,1400,1400,2000,2000,2000,2000,600,78,77,81,86,67,0,0,0,0,0,100,0,99,90
1466090586,1.235000,0.145485,0.179075,1.298750,3.300056,4.283400,0.993750,0.129504,0.128097,1.220000,0.261443,0.318420,1400,1400,1400,1400,2000,2000,2000,2000,600,78,77,81,86,67,0,0,0,0,0,100,0,100,90
1466090587,1.236250,0.150487,0.185400,1.298750,3.277314,4.253546,0.993750,0.129200,0.128097,1.217500,0.289744,0.351713,1400,1400,1400,1400,2000,2000,2000,2000,600,78,76,82,86,67,0,0,0,0,0,100,0,99,90
1466090588,1.236250,0.149267,0.184164,1.298750,3.177578,4.123746,0.995000,0.129504,0.128355,1.220000,0.257712,0.313540,1400,1400,1400,1400,2000,2000,2000,2000,600,78,77,81,86,67,0,0,0,0,0,100,0,100,90
1466090589,1.236250,0.152012,0.187872,1.300000,3.350472,4.355000,0.995000,0.129960,0.128355,1.217500,0.289744,0.351713,1400,1400,1400,1400,2000,2000,2000,2000,600,78,77,81,86,67,0,0,0,0,0,99,0,99,90
1466090590,1.236250,0.149511,0.184164,1.298750,3.185250,4.134130,0.993750,0.129808,0.128097,1.220000,0.258258,0.314760,1400,1400,1400,1400,2000,2000,2000,2000,600,78,77,81,86,67,0,0,0,0,0,100,0,99,90
1466090591,1.236250,0.150731,0.185400,1.298750,3.263066,4.235374,0.993750,0.129504,0.128097,1.217500,0.285194,0.346845,1400,1400,1400,1400,2000,2000,2000,2000,600,78,78,81,87,67,0,0,0,0,0,100,0,99,90
1466090592,1.236250,0.147986,0.181692,1.297500,3.191004,4.138727,0.995000,0.129808,0.128355,1.220000,0.261261,0.318420,1400,1400,1400,1400,2000,2000,2000,2000,600,78,77,81,86,67,0,0,0,0,1,100,0,100,90
1466090593,1.236250,0.149999,0.184164,1.298750,3.276218,4.252248,0.993750,0.129960,0.128097,1.217500,0.288743,0.350496,1400,1400,1400,1400,2000,2000,2000,2000,600,78,78,82,87,67,0,0,0,0,0,100,0,99,90
1466090594,1.236250,0.147254,0.181692,1.297500,3.178948,4.121866,0.993750,0.129504,0.128097,1.220000,0.259714,0.315980,1400,1400,1400,1400,2000,2000,2000,2000,600,78,77,81,86,67,0,0,0,0,0,100,0,99,90
1466090595,1.235000,0.152012,0.187720,1.298750,3.361706,4.362578,0.993750,0.130264,0.129090,1.217500,0.289471,0.351713,1400,1400,1400,1400,2000,2000,2000,2000,600,78,78,82,87,67,1,0,0,0,0,100,0,100,90
1466090596,1.236250,0.148718,0.182928,1.298750,3.186346,4.135428,0.993750,0.129808,0.128097,1.220000,0.258986,0.314760,1400,1400,1400,1400,2000,2000,2000,2000,600,78,77,81,86,67,0,0,0,0,0,100,0,99,90
1466090597,1.236250,0.149267,0.184164,1.298750,3.291836,4.271718,0.993750,0.129960,0.128097,1.222500,0.233233,0.284726,1400,1400,1400,1400,2000,2000,2000,2000,600,78,78,82,87,67,0,0,0,0,0,100,0,100,90
1466090598,1.236250,0.148718,0.182928,1.297500,3.189360,4.136133,0.993750,0.129960,0.128097,1.220000,0.264264,0.322080,1400,1400,1400,1400,2000,2000,2000,2000,600,78,77,82,86,67,0,0,0,0,0,100,0,99,90
1466090599,1.236250,0.148962,0.182928,1.298750,3.280876,4.257440,0.993750,0.130264,0.129090,1.218750,0.244699,0.297192,1400,1400,1400,1400,2000,2000,2000,2000,600,78,77,82,86,67,0,0,0,0,0,100,0,100,90
1466090600,1.236250,0.148230,0.182928,1.297500,3.174564,4.116678,0.993750,0.129808,0.128097,1.220000,0.258258,0.314760,1400,1400,1400,1400,2000,2000,2000,2000,600,78,77,82,86,67,0,0,0,0,0,100,0,99,90
1466090601,1.236250,0.148718,0.182928,1.298750,3.369104,4.372962,0.993750,0.130264,0.129090,1.217500,0.241696,0.293297,1400,1400,1400,1400,2000,2000,2000,2000,600,78,77,82,86,67,0,0,0,0,0,100,0,99,90
1466090602,1.236250,0.148230,0.182928,1.297500,3.164974,4.103708,0.993750,0.129960,0.128097,1.220000,0.265265,0.323300,1400,1400,1400,1400,2000,2000,2000,2000,600,78,77,82,87,67,0,0,0,0,0,100,0,100,90
1466090603,1.236250,0.144509,0.177984,1.298750,3.335128,4.328830,0.993750,0.130416,0.129090,1.223750,0.170989,0.207910,1400,1400,1400,1400,2000,2000,2000,2000,600,78,77,82,86,67,0,0,0,0,0,100,0,99,90
1466090604,1.236250,0.150487,0.185400,1.298750,3.261970,4.232778,0.993750,0.130264,0.129090,1.218750,0.261989,0.317898,1400,1400,1400,1400,2000,2000,2000,2000,600,78,77,82,86,67,0,0,0,0,0,100,0,100,90
1466090605,1.236250,0.144021,0.177984,1.298750,3.381434,4.388538,0.993750,0.130264,0.129090,1.223750,0.167713,0.204241,1400,1400,1400,1400,2000,2000,2000,2000,600,78,77,82,86,67,0,0,0,0,0,100,0,99,90
1466090606,1.236250,0.150975,0.185400,1.298750,3.276492,4.252248,0.993750,0.130264,0.129090,1.218750,0.261261,0.317898,1400,1400,1400,1400,2000,2000,2000,2000,600,78,77,82,87,67,0,0,0,0,0,100,0,99,90
1466090607,1.236250,0.149267,0.184164,1.297500,3.160590,4.098520,0.993750,0.129960,0.128097,1.223750,0.170989,0.207910,1400,1400,1400,1400,2000,2000,2000,2000,600,78,77,82,86,67,0,0,0,0,0,100,0,100,90
1466090608,1.235000,0.150487,0.185250,1.298750,3.271012,4.245758,0.995000,0.130416,0.129350,1.217500,0.288470,0.350496,1400,1400,1400,1400,2000,2000,2000,2000,600,78,77,82,87,67,0,0,0,0,0,100,0,99,90
1466090609,1.236250,0.145485,0.179220,1.298750,3.411300,4.427478,0.995000,0.130416,0.129350,1.223750,0.163709,0.199349,1400,1400,1400,1400,2000,2000,2000,2000,600,78,77,82,86,67,0,0,0,0,0,100,0,99,90
1466090610,1.235000,0.150243,0.185250,1.298750,3.321976,4.310658,0.995000,0.130416,0.129350,1.217500,0.289744,0.351713,1400,1400,1400,1400,2000,2000,2000,2000,600,79,78,82,87,67,0,0,0,0,0,100,0,100,90
1466090611,1.236250,0.146766,0.180456,1.297500,3.176756,4.119272,0.995000,0.130416,0.129350,1.220000,0.258986,0.314760,1400,1400,1400,1400,2000,2000,2000,2000,600,78,77,82,86,67,0,0,0,0,0,100,0,99,90
1466090612,1.236250,0.151219,0.186636,1.298750,3.283342,4.261334,0.995000,0.130416,0.129350,1.217500,0.287196,0.349279,1400,1400,1400,1400,2000,2000,2000,2000,600,79,77,82,87,67,0,0,0,0,0,100,0,99,90
1466090613,1.236250,0.152012,0.187872,1.298750,3.248818,4.215904,0.995000,0.130416,0.129350,1.220000,0.259259,0.315980,1400,1400,1400,1400,2000,2000,2000,2000,600,79,77,82,86,67,0,0,0,0,0,100,0,100,90
1466090614,1.236250,0.151463,0.186636,1.298750,3.292384,4.273016,0.995000,0.131024,0.130345,1.217500,0.288197,0.350496,1400,1400,1400,1400,2000,2000,2000,2000,600,79,77,82,86,67,0,0,0,0,0,100,0,99,90
1466090615,1.236250,0.147498,0.181692,1.298750,3.213746,4.170474,0.995000,0.130720,0.129350,1.220000,0.258440,0.314760,1400,1400,1400,1400,2000,2000,2000,2000,600,78,77,82,86,67,0,0,0,0,0,100,0,100,90
1466090616,1.236250,0.151219,0.186636,1.298750,3.282520,4.260036,0.995000,0.130416,0.129350,1.217500,0.287196,0.349279,1400,1400,1400,1400,2000,2000,2000,2000,600,79,79,82,87,67,0,0,0,0,0,100,0,99,90
1466090617,1.236250,0.148962,0.182928,1.298750,3.194840,4.145812,0.995000,0.130720,0.129350,1.218750,0.258713,0.314244,1400,1400,1400,1400,2000,2000,2000,2000,600,78,77,82,86,67,0,0,0,0,0,100,0,100,90
1466090618,1.236250,0.149999,0.184164,1.298750,3.203608,4.157494,0.993750,0.131024,0.130083,1.216250,0.265447,0.322240,1400,1400,1400,1400,2000,2000,2000,2000,600,79,78,82,87,67,0,0,0,0,0,99,0,99,90
1466090619,1.236250,0.149511,0.184164,1.298750,3.198128,4.151004,0.993750,0.130416,0.129090,1.220000,0.259441,0.315980,1400,1400,1400,1400,2000,2000,2000,2000,600,78,77,82,86,67,0,0,0,0,0,100,0,99,90
1466090620,1.236250,0.150243,0.185400,1.298750,3.224158,4.184752,0.995000,0.131176,0.130345,1.217500,0.289016,0.351713,1400,1400,1400,1400,2000,2000,2000,2000,600,79,78,82,87,67,0,0,0,0,0,100,0,99,90
1466090621,1.236250,0.150975,0.185400,1.298750,3.191826,4.141918,0.993750,0.130720,0.129090,1.220000,0.260442,0.317200,1400,1400,1400,1400,2000,2000,2000,2000,600,78,77,82,86,67,0,0,0,0,0,100,0,100,90
1466090622,1.236250,0.149267,0.184164,1.298750,3.261148,4.232778,0.995000,0.131024,0.130345,1.220000,0.276458,0.336720,1400,1400,1400,1400,2000,2000,2000,2000,600,79,78,82,87,67,0,0,0,0,0,100,0,99,90
1466090623,1.236250,0.149999,0.184164,1.298750,3.194840,4.145812,0.993750,0.131024,0.130083,1.220000,0.255710,0.311100,1400,1400,1400,1400,2000,2000,2000,2000,600,79,77,82,86,67,0,0,0,0,0,100,0,99,90
1466090624,1.236250,0.152012,0.187872,1.298750,3.272108,4.247056,0.993750,0.131024,0.130083,1.217500,0.272727,0.331024,1400,1400,1400,1400,2000,2000,2000,2000,600,79,77,82,86,67,0,0,0,0,0,100,0,100,90
1466090625,1.236250,0.150487,0.185400,1.298750,3.194840,4.145812,0.995000,0.130720,0.129350,1.220000,0.256438,0.312320,1400,1400,1400,1400,2000,2000,2000,2000,600,79,78,82,87,67,0,0,0,0,0,100,0,99,90
1466090626,1.236250,0.148230,0.182928,1.298750,3.327182,4.318446,0.995000,0.131024,0.130345,1.217500,0.281463,0.341977,1400,1400,1400,1400,2000,2000,2000,2000,600,79,78,82,87,67,0,0,0,0,0,100,0,100,90
1466090627,1.236250,0.148474,0.182928,1.297500,3.195936,4.143915,0.993750,0.131024,0.130083,1.220000,0.255710,0.311100,1400,1400,1400,1400,2000,2000,2000,2000,600,79,78,82,87,67,0,0,0,0,0,100,0,99,90
1466090628,1.236250,0.147498,0.181692,1.298750,3.344444,4.340512,0.993750,0.131176,0.130083,1.222500,0.152971,0.185744,1400,1400,1400,1400,2000,2000,2000,2000,600,79,78,82,87,67,0,0,0,0,0,100,0,99,90
1466090629,1.236250,0.149511,0.184164,1.298750,3.191826,4.141918,0.993750,0.131176,0.130083,1.220000,0.257985,0.313540,1400,1400,1400,1400,2000,2000,2000,2000,600,79,78,82,87,67,0,0,0,0,0,100,0,100,90
1466090630,1.236250,0.144753,0.177984,1.298750,3.319784,4.308062,0.993750,0.131024,0.130083,1.222500,0.152243,0.185744,1400,1400,1400,1400,2000,2000,2000,2000,600,79,78,82,86,67,0,0,0,0,0,100,0,99,90
1466090631,1.236250,0.151219,0.186636,1.297500,3.215938,4.169855,0.993750,0.131024,0.130083,1.218750,0.284011,0.345912,1400,1400,1400,1400,2000,2000,2000,2000,600,79,78,82,87,67,0,0,0,0,0,100,0,100,90
1466090632,1.236250,0.145241,0.179220,1.298750,3.288274,4.267824,0.995000,0.131176,0.130345,1.222500,0.242970,0.295724,1400,1400,1400,1400,2000,2000,2000,2000,600,79,78,82,87,67,0,0,0,0,0,100,0,99,90
1466090633,1.236250,0.151463,0.186636,1.298750,3.282794,4.260036,0.995000,0.131176,0.130345,1.218750,0.282191,0.343476,1400,1400,1400,1400,2000,2000,2000,2000,600,79,78,82,87,67,0,0,0,0,0,100,0,99,90
1466090634,1.236250,0.145485,0.179220,1.298750,3.272930,4.247056,0.993750,0.131176,0.130083,1.222500,0.154518,0.188188,1400,1400,1400,1400,2000,2000,2000,2000,600,79,78,82,86,67,0,0,0,0,0,100,0,100,90
1466090635,1.236250,0.151219,0.186636,1.298750,3.287452,4.266526,0.993750,0.131480,0.130083,1.217500,0.282737,0.343194,1400,1400,1400,1400,2000,2000,2000,2000,600,79,78,82,87,67,0,0,0,0,0,100,0,99,90
1466090636,1.236250,0.148230,0.182928,1.298750,3.200320,4.153600,0.995000,0.131024,0.130345,1.221250,0.244972,0.297924,1400,1400,1400,1400,2000,2000,2000,2000,600,78,77,82,86,67,0,0,0,0,0,100,0,100,90
1466090637,1.236250,0.152500,0.187872,1.298750,3.288000,4.267824,0.995000,0.131176,0.130345,1.217500,0.287469,0.349279,1400,1400,1400,1400,2000,2000,2000,2000,600,79,78,82,87,68,0,0,0,0,0,100,0,99,90
1466090638,1.236250,0.150731,0.185400,1.298750,3.200320,4.153600,0.995000,0.131480,0.130345,1.220000,0.259259,0.315980,1400,1400,1400,1400,2000,2000,2000,2000,600,79,78,82,86,67,0,0,0,0,0,100,0,99,90
1466090639,1.236250,0.150243,0.185400,1.298750,3.292932,4.273016,0.995000,0.131784,0.130345,1.218750,0.281463,0.342258,1400,1400,1400,1400,2000,2000,2000,2000,600,79,77,82,86,68,0,0,0,0,0,100,0,99,90
1466090640,1.236250,0.150487,0.185400,1.298750,3.203334,4.157494,0.995000,0.131480,0.130345,1.221250,0.239694,0.291819,1400,1400,1400,1400,2000,2000,2000,2000,600,79,78,82,87,68,0,0,0,0,0,100,0,100,90
1466090641,1.236250,0.152012,0.187872,1.298750,3.298686,4.280804,0.995000,0.131936,0.130345,1.217500,0.290017,0.352930,1400,1400,1400,1400,2000,2000,2000,2000,600,79,79,82,87,68,0,0,0,0,0,99,0,99,90
1466090642,1.236250,0.149755,0.184164,1.298750,3.198128,4.151004,0.995000,0.131784,0.130345,1.220000,0.259987,0.315980,1400,1400,1400,1400,2000,2000,2000,2000,600,79,78,82,86,67,0,0,0,0,0,100,0,100,90
1466090643,1.235000,0.150975,0.185250,1.298750,3.376776,4.382048,0.995000,0.131936,0.130345,1.217500,0.294021,0.357798,1400,1400,1400,1400,2000,2000,2000,2000,600,79,79,82,88,68,0,0,0,0,0,100,0,99,90
1466090644,1.236250,0.150487,0.185400,1.298750,3.193470,4.144514,0.995000,0.131784,0.130345,1.220000,0.259714,0.315980,1400,1400,1400,1400,2000,2000,2000,2000,600,79,78,82,87,67,0,0,0,0,0,100,0,100,90
1466090645,1.236250,0.151219,0.186636,1.298750,3.294302,4.275612,0.995000,0.132240,0.131340,1.218750,0.293020,0.356874,1400,1400,1400,1400,2000,2000,2000,2000,600,79,79,82,87,68,0,0,0,0,0,100,0,99,90
1466090646,1.236250,0.150243,0.185400,1.298750,3.200046,4.153600,0.995000,0.131936,0.130345,1.220000,0.261261,0.318420,1400,1400,1400,1400,2000,2000,2000,2000,600,79,78,82,87,68,0,0,0,0,0,100,0,99,90
1466090647,1.236250,0.152744,0.187872,1.298750,3.267450,4.240566,0.995000,0.132240,0.131340,1.218750,0.295750,0.359310,1400,1400,1400,1400,2000,2000,2000,2000,600,79,79,82,87,68,0,0,0,0,0,100,0,100,90
1466090648,1.236250,0.150487,0.185400,1.298750,3.155658,4.095190,0.995000,0.131936,0.130345,1.220000,0.257985,0.313540,1400,1400,1400,1400,2000,2000,2000,2000,600,79,78,82,87,68,0,0,0,0,0,100,0,99,90
1466090649,1.236250,0.152256,0.187872,1.298750,3.246900,4.213308,0.995000,0.132240,0.131340,1.218750,0.297024,0.361746,1400,1400,1400,1400,2000,2000,2000,2000,600,80,78,83,87,68,0,0,0,0,0,100,0,99,90
1466090650,1.236250,0.151463,0.186636,1.298750,3.205252,4.160090,0.995000,0.131936,0.130345,1.220000,0.260260,0.317200,1400,1400,1400,1400,2000,2000,2000,2000,600,79,78,82,87,68,0,0,0,0,0,100,0,100,90
1466090651,1.236250,0.146766,0.180456,1.298750,3.229638,4.191242,0.995000,0.131936,0.130345,1.221250,0.166530,0.202686,1400,1400,1400,1400,2000,2000,2000,2000,600,79,78,82,87,68,0,0,0,0,0,100,0,99,90
1466090652,1.236250,0.149755,0.184164,1.298750,3.201690,4.154898,0.995000,0.131936,0.130345,1.220000,0.259987,0.315980,1400,1400,1400,1400,2000,2000,2000,2000,600,80,78,82,87,68,0,0,0,0,0,100,0,100,90
1466090653,1.236250,0.148474,0.182928,1.300000,3.447194,4.481100,0.995000,0.132544,0.131340,1.220000,0.169260,0.206180,1400,1400,1400,1400,2000,2000,2000,2000,600,79,78,82,87,68,0,0,0,0,0,100,0,99,90
1466090654,1.235000,0.149267,0.184015,1.298750,3.206622,4.161388,0.995000,0.132544,0.131340,1.220000,0.260260,0.317200,1400,1400,1400,1400,2000,2000,2000,2000,600,79,78,82,87,68,0,0,0,0,0,100,0,100,90
1466090655,1.236250,0.147742,0.181692,1.300000,3.480074,4.524000,0.995000,0.132240,0.131340,1.220000,0.172445,0.209840,1400,1400,1400,1400,2000,2000,2000,2000,600,81,78,82,87,68,0,0,0,0,0,100,0,99,90
1466090656,1.236250,0.152500,0.187872,1.298750,3.263888,4.235374,0.995000,0.131936,0.130345,1.218750,0.278460,0.338604,1400,1400,1400,1400,2000,2000,2000,2000,600,79,78,82,87,68,0,0,0,0,0,100,0,99,90
1466090657,1.236250,0.147498,0.181692,1.298750,3.220322,4.179560,0.995000,0.131936,0.130345,1.222500,0.226499,0.276172,1400,1400,1400,1400,2000,2000,2000,2000,600,79,78,82,87,68,0,0,0,0,0,100,0,100,90
1466090658,1.236250,0.151463,0.186636,1.298750,3.255668,4.224990,0.995000,0.132240,0.131340,1.217500,0.290017,0.352930,1400,1400,1400,1400,2000,2000,2000,2000,600,81,78,83,87,68,0,0,0,0,0,100,0,99,90
1466090659,1.236250,0.148230,0.182928,1.300000,3.453496,4.488900,0.995000,0.132544,0.131340,1.220000,0.177723,0.215940,1400,1400,1400,1400,2000,2000,2000,2000,600,79,78,82,87,68,0,0,0,0,0,100,0,100,90
1466090660,1.236250,0.152256,0.187872,1.298750,3.239228,4.204222,0.995000,0.132240,0.131340,1.218750,0.276003,0.336168,1400,1400,1400,1400,2000,2000,2000,2000,600,79,78,82,87,68,0,0,0,0,0,100,0,99,90
1466090661,1.236250,0.146217,0.180456,1.298750,3.236762,4.200328,0.995000,0.131936,0.130345,1.222500,0.216489,0.263952,1400,1400,1400,1400,2000,2000,2000,2000,600,79,78,82,87,68,0,0,0,0,0,100,0,99,90
1466090662,1.236250,0.152500,0.187872,1.298750,3.300604,4.283400,0.995000,0.132544,0.131340,1.217500,0.289744,0.351713,1400,1400,1400,1400,2000,2000,2000,2000,600,79,78,82,87,68,0,0,0,0,1,100,0,100,90
1466090663,1.236250,0.151768,0.186636,1.298750,3.204430,4.158792,0.993750,0.132240,0.131076,1.220000,0.258258,0.314760,1400,1400,1400,1400,2000,2000,2000,2000,600,79,78,82,87,68,0,0,0,0,0,100,0,99,90
1466090664,1.236250,0.151463,0.186636,1.298750,3.293480,4.274314,0.993750,0.132240,0.131076,1.217500,0.288197,0.350496,1400,1400,1400,1400,2000,2000,2000,2000,600,79,77,82,87,68,0,0,0,0,0,100,0,99,90
1466090665,1.236250,0.151768,0.186636,1.298750,3.211828,4.167878,0.993750,0.132696,0.131076,1.222500,0.258258,0.315276,1400,1400,1400,1400,2000,2000,2000,2000,600,79,78,82,87,68,0,0,0,0,0,100,0,100,90
1466090666,1.236250,0.152988,0.187872,1.298750,3.295124,4.276910,0.995000,0.132696,0.131340,1.217500,0.289198,0.351713,1400,1400,1400,1400,2000,2000,2000,2000,600,79,79,82,87,68,0,0,0,0,0,100,0,99,90
1466090667,1.236250,0.149755,0.184164,1.298750,3.207992,4.162686,0.995000,0.132696,0.131340,1.218750,0.259987,0.315462,1400,1400,1400,1400,2000,2000,2000,2000,600,79,78,82,87,68,0,0,0,0,0,100,0,100,90
1466090669,1.236250,0.153476,0.189108,1.298750,3.305810,4.289890,0.993750,0.133000,0.132069,1.217500,0.291200,0.354147,1400,1400,1400,1400,2000,2000,2000,2000,600,79,79,83,88,68,0,0,0,0,0,100,0,98,90
1466090670,1.236250,0.151219,0.186636,1.298750,3.211006,4.167878,0.995000,0.132240,0.131340,1.218750,0.258986,0.314244,1400,1400,1400,1400,2000,2000,2000,2000,600,79,78,82,87,68,0,0,0,0,0,100,0,100,90
1466090671,1.236250,0.151219,0.186636,1.298750,3.311290,4.297678,0.995000,0.132696,0.131340,1.217500,0.287196,0.349279,1400,1400,1400,1400,2000,2000,2000,2000,600,79,79,83,88,68,0,0,0,0,0,100,0,99,90
1466090672,1.236250,0.150975,0.185400,1.298750,3.205800,4.160090,0.993750,0.132544,0.131076,1.220000,0.259441,0.315980,1400,1400,1400,1400,2000,2000,2000,2000,600,79,78,82,87,68,0,0,0,0,0,100,0,99,90
1466090673,1.236250,0.152500,0.187872,1.298750,3.314030,4.301572,0.993750,0.132696,0.131076,1.218750,0.284466,0.345912,1400,1400,1400,1400,2000,2000,2000,2000,600,79,79,83,88,68,0,0,0,0,0,100,0,99,90
1466090674,1.236250,0.150487,0.185400,1.298750,3.200868,4.153600,0.993750,0.132240,0.131076,1.220000,0.260260,0.317200,1400,1400,1400,1400,2000,2000,2000,2000,600,79,78,82,87,68,0,0,0,0,0,100,0,100,90
1466090675,1.236250,0.152500,0.187872,1.298750,3.300056,4.283400,0.993750,0.133000,0.132069,1.217500,0.288743,0.350496,1400,1400,1400,1400,2000,2000,2000,2000,600,79,79,83,88,68,0,0,0,0,1,100,0,99,90
1466090676,1.236250,0.152012,0.187872,1.298750,3.206074,4.161388,0.993750,0.132696,0.131076,1.220000,0.260442,0.317200,1400,1400,1400,1400,2000,2000,2000,2000,600,79,78,82,87,68,0,0,0,0,0,100,0,100,90
1466090677,1.236250,0.152256,0.187872,1.298750,3.333758,4.326234,0.995000,0.133000,0.132335,1.220000,0.209209,0.254980,1400,1400,1400,1400,2000,2000,2000,2000,600,79,78,83,87,68,0,0,0,0,0,100,0,99,90
1466090678,1.236250,0.150243,0.185400,1.298750,3.207170,4.162686,0.993750,0.132696,0.131076,1.220000,0.272272,0.331840,1400,1400,1400,1400,2000,2000,2000,2000,600,79,78,82,87,68,0,0,0,0,0,100,0,99,90
1466090679,1.236250,0.146217,0.180456,1.298750,3.311838,4.297678,0.993750,0.132696,0.131076,1.220000,0.206024,0.251320,1400,1400,1400,1400,2000,2000,2000,2000,600,79,78,82,87,68,0,0,0,0,0,100,0,100,90
1466090680,1.236250,0.150731,0.185400,1.298750,3.208814,4.163984,0.993750,0.132696,0.131076,1.220000,0.260442,0.317200,1400,1400,1400,1400,2000,2000,2000,2000,600,79,78,82,87,68,0,0,0,0,0,100,0,99,90
1466090681,1.236250,0.145973,0.179220,1.298750,3.326086,4.317148,0.993750,0.133000,0.132069,1.220000,0.208208,0.253760,1400,1400,1400,1400,2000,2000,2000,2000,600,79,78,83,87,68,0,0,0,0,0,100,0,100,90
1466090682,1.236250,0.152744,0.187872,1.297500,3.186620,4.132242,0.993750,0.132544,0.131076,1.218750,0.270270,0.328860,1400,1400,1400,1400,2000,2000,2000,2000,600,79,78,83,87,68,0,0,0,0,0,100,0,99,90
1466090683,1.236250,0.149755,0.184164,1.298750,3.307454,4.292486,0.993750,0.133000,0.132069,1.223750,0.195741,0.238485,1400,1400,1400,1400,2000,2000,2000,2000,600,79,78,83,87,68,0,0,0,0,0,100,0,99,90
1466090684,1.236250,0.152500,0.187872,1.298750,3.303344,4.287294,0.995000,0.133000,0.132335,1.217500,0.290017,0.352930,1400,1400,1400,1400,2000,2000,2000,2000,600,79,78,83,87,68,0,0,0,0,0,100,0,100,90
1466090685,1.236250,0.149511,0.184164,1.298750,3.320606,4.309360,0.995000,0.132696,0.131340,1.222500,0.195741,0.238290,1400,1400,1400,1400,2000,2000,2000,2000,600,79,78,83,87,68,0,0,0,0,0,100,0,99,90
1466090686,1.236250,0.151463,0.186636,1.298750,3.306632,4.291188,0.993750,0.132696,0.131076,1.220000,0.269724,0.328180,1400,1400,1400,1400,2000,2000,2000,2000,600,79,78,83,87,68,0,0,0,0,0,100,0,100,90
1466090687,1.235000,0.148474,0.182780,1.298750,3.207718,4.162686,0.993750,0.133000,0.132069,1.223750,0.189280,0.231147,1400,1400,1400,1400,2000,2000,2000,2000,600,79,78,83,87,68,0,0,0,0,0,100,0,99,90
1466090688,1.236250,0.153232,0.189108,1.298750,3.301974,4.284698,0.995000,0.133304,0.132335,1.217500,0.289744,0.351713,1400,1400,1400,1400,2000,2000,2000,2000,600,79,78,83,88,68,0,0,0,0,0,100,0,99,90
1466090689,1.236250,0.151768,0.186636,1.298750,3.177578,4.123746,0.995000,0.133000,0.132335,1.220000,0.258258,0.314760,1400,1400,1400,1400,2000,2000,2000,2000,600,79,78,83,87,68,0,0,0,0,0,100,0,100,90
1466090690,1.236250,0.152500,0.187872,1.298750,3.307728,4.292486,0.995000,0.133304,0.132335,1.218750,0.289198,0.352002,1400,1400,1400,1400,2000,2000,2000,2000,600,79,78,83,87,68,0,0,0,0,1,100,0,99,90
1466090691,1.236250,0.152012,0.187872,1.298750,3.176208,4.122448,0.993750,0.132696,0.131076,1.220000,0.259259,0.315980,1400,1400,1400,1400,2000,2000,2000,2000,600,79,78,83,87,68,0,0,0,0,0,100,0,100,90
1466090692,1.236250,0.152500,0.187872,1.298750,3.297864,4.279506,0.995000,0.133000,0.132335,1.217500,0.286195,0.348062,1400,1400,1400,1400,2000,2000,2000,2000,600,79,79,83,88,68,0,0,0,0,0,100,0,99,90
1466090693,1.236250,0.151463,0.186636,1.298750,3.217034,4.175666,0.993750,0.133000,0.132069,1.220000,0.259441,0.315980,1400,1400,1400,1400,2000,2000,2000,2000,600,79,78,83,87,68,0,0,0,0,0,100,0,99,90
1466090694,1.236250,0.153232,0.189108,1.298750,3.229912,4.191242,0.995000,0.133304,0.132335,1.217500,0.287742,0.349279,1400,1400,1400,1400,2000,2000,2000,2000,600,79,80,83,88,68,0,0,0,0,0,100,0,99,90
1466090695,1.236250,0.152988,0.187872,1.298750,3.213746,4.170474,0.995000,0.133304,0.132335,1.218750,0.257985,0.313026,1400,1400,1400,1400,2000,2000,2000,2000,600,79,78,83,87,68,0,0,0,0,0,100,0,100,90
1466090696,1.235000,0.151768,0.186485,1.298750,3.317044,4.305466,0.995000,0.133304,0.132335,1.217500,0.289744,0.351713,1400,1400,1400,1400,2000,2000,2000,2000,600,80,79,83,88,68,0,0,0,0,1,100,0,99,90
1466090697,1.236250,0.151768,0.186636,1.298750,3.215390,4.173070,0.995000,0.133304,0.132335,1.220000,0.261716,0.318420,1400,1400,1400,1400,2000,2000,2000,2000,600,79,78,83,87,68,0,0,0,0,0,100,0,99,90
1466090698,1.236250,0.152012,0.187872,1.298750,3.208814,4.163984,0.995000,0.133456,0.132335,1.218750,0.233779,0.283794,1400,1400,1400,1400,2000,2000,2000,2000,600,79,79,83,88,68,0,0,0,0,0,99,0,100,90
1466090699,1.236250,0.152012,0.187872,1.298750,3.215664,4.173070,0.993750,0.133456,0.132069,1.220000,0.257985,0.313540,1400,1400,1400,1400,2000,2000,2000,2000,600,79,78,83,87,68,0,0,0,0,0,100,0,99,90
1466090700,1.236250,0.154269,0.190344,1.298750,3.189086,4.139322,0.995000,0.133456,0.132335,1.217500,0.288470,0.350496,1400,1400,1400,1400,2000,2000,2000,2000,600,79,79,83,88,68,0,0,0,0,0,100,0,100,90
1466090701,1.236250,0.152256,0.187872,1.298750,3.215938,4.173070,0.993750,0.133304,0.132069,1.220000,0.260988,0.317200,1400,1400,1400,1400,2000,2000,2000,2000,600,79,78,83,87,68,0,0,0,0,0,100,0,99,90
1466090702,1.236250,0.151463,0.186636,1.300000,3.459250,4.496700,0.995000,0.133760,0.132335,1.218750,0.234962,0.285012,1400,1400,1400,1400,2000,2000,2000,2000,600,79,79,83,87,68,0,0,0,0,0,100,0,99,90
1466090703,1.236250,0.151219,0.186636,1.298750,3.214020,4.171772,0.995000,0.133304,0.132335,1.218750,0.263718,0.320334,1400,1400,1400,1400,2000,2000,2000,2000,600,79,79,83,88,68,0,0,0,0,0,100,0,100,90
1466090704,1.236250,0.147010,0.181692,1.300000,3.419520,4.444700,0.993750,0.133304,0.132069,1.225000,0.177996,0.216825,1400,1400,1400,1400,2000,2000,2000,2000,600,79,78,83,87,68,0,0,0,0,0,100,0,99,90
1466090705,1.236250,0.150731,0.185400,1.298750,3.271560,4.245758,0.995000,0.133304,0.132335,1.220000,0.263263,0.320860,1400,1400,1400,1400,2000,2000,2000,2000,600,80,79,83,88,68,0,0,0,0,0,100,0,100,90
1466090706,1.236250,0.145973,0.179220,1.300000,3.420068,4.446000,0.995000,0.133760,0.132335,1.218750,0.239967,0.291102,1400,1400,1400,1400,2000,2000,2000,2000,600,79,79,83,87,68,0,0,0,0,0,100,0,99,90
1466090707,1.236250,0.154269,0.190344,1.298750,3.260874,4.231480,0.995000,0.133456,0.132335,1.220000,0.264719,0.322080,1400,1400,1400,1400,2000,2000,2000,2000,600,80,79,83,88,68,0,0,0,0,0,100,0,100,90
1466090708,1.236250,0.147498,0.181692,1.298750,3.269094,4.243162,0.995000,0.133912,0.132335,1.225000,0.168987,0.205800,1400,1400,1400,1400,2000,2000,2000,2000,600,79,79,83,87,68,0,0,0,0,0,100,0,99,90
1466090709,1.236250,0.152988,0.187872,1.298750,3.314852,4.301572,0.995000,0.133760,0.132335,1.217500,0.290017,0.352930,1400,1400,1400,1400,2000,2000,2000,2000,600,80,79,83,88,68,0,0,0,0,0,100,0,99,90
1466090710,1.236250,0.149267,0.184164,1.300000,3.389928,4.405700,0.995000,0.133760,0.132335,1.225000,0.170534,0.208250,1400,1400,1400,1400,2000,2000,2000,2000,600,79,78,83,87,68,0,0,0,0,0,100,0,100,90
1466090711,1.236250,0.153232,0.189108,1.298750,3.313482,4.300274,0.995000,0.133760,0.132335,1.217500,0.289016,0.351713,1400,1400,1400,1400,2000,2000,2000,2000,600,80,79,83,88,68,0,0,0,0,0,100,0,99,90
1466090712,1.236250,0.149999,0.184164,1.298750,3.285260,4.263930,0.995000,0.133912,0.132335,1.225000,0.170261,0.208250,1400,1400,1400,1400,2000,2000,2000,2000,600,79,78,83,87,68,0,0,0,0,0,100,0,100,90
1466090713,1.236250,0.154513,0.190344,1.300000,3.314030,4.308200,0.995000,0.133760,0.132335,1.217500,0.290472,0.352930,1400,1400,1400,1400,2000,2000,2000,2000,600,80,79,83,88,68,0,0,0,0,0,100,0,99,90
1466090714,1.236250,0.150731,0.185400,1.298750,3.224432,4.184752,0.995000,0.133760,0.132335,1.220000,0.258986,0.314760,1400,1400,1400,1400,2000,2000,2000,2000,600,79,79,83,87,68,0,0,0,0,0,100,0,99,90
1466090715,1.236250,0.152256,0.187872,1.298750,3.309920,4.295082,0.995000,0.133912,0.132335,1.217500,0.290745,0.352930,1400,1400,1400,1400,2000,2000,2000,2000,600,80,78,83,87,68,0,0,0,0,0,100,0,100,90
1466090716,1.236250,0.152744,0.187872,1.298750,3.220322,4.179560,0.995000,0.133760,0.132335,1.220000,0.259441,0.315980,1400,1400,1400,1400,2000,2000,2000,2000,600,79,78,83,87,68,0,0,0,0,0,100,0,99,90
1466090717,1.236250,0.155733,0.191580,1.300000,3.378420,4.391400,0.995000,0.134216,0.133330,1.218750,0.289471,0.352002,1400,1400,1400,1400,2000,2000,2000,2000,600,80,79,83,87,68,0,0,0,0,0,100,0,99,90
1466090718,1.236250,0.151219,0.186636,1.298750,3.215664,4.173070,0.995000,0.133760,0.132335,1.220000,0.258713,0.314760,1400,1400,1400,1400,2000,2000,2000,2000,600,79,79,83,87,68,0,0,0,0,0,100,0,100,90
1466090719,1.236250,0.153476,0.189108,1.300000,3.309920,4.301700,0.995000,0.134216,0.133330,1.217500,0.288470,0.350496,1400,1400,1400,1400,2000,2000,2000,2000,600,80,80,83,89,68,0,0,0,0,0,100,0,99,90
1466090720,1.236250,0.152256,0.187872,1.298750,3.303892,4.287294,0.995000,0.133912,0.132335,1.218750,0.259714,0.315462,1400,1400,1400,1400,2000,2000,2000,2000,600,79,78,83,87,68,0,0,0,0,0,100,0,100,90
1466090721,1.236250,0.152744,0.187872,1.298750,3.309646,4.295082,0.995000,0.134216,0.133330,1.218750,0.289198,0.352002,1400,1400,1400,1400,2000,2000,2000,2000,600,80,80,83,88,68,0,0,0,0,0,100,0,99,90
1466090722,1.236250,0.154269,0.190344,1.298750,3.220870,4.179560,0.995000,0.133760,0.132335,1.220000,0.258440,0.314760,1400,1400,1400,1400,2000,2000,2000,2000,600,79,78,83,87,68,0,0,0,0,0,100,0,99,90
1466090723,1.236250,0.156221,0.192816,1.298750,3.343622,4.339214,0.995000,0.134520,0.133330,1.218750,0.257712,0.313026,1400,1400,1400,1400,2000,2000,2000,2000,600,80,79,83,88,68,0,0,0,0,1,100,0,99,90
1466090724,1.236250,0.151768,0.186636,1.298750,3.214568,4.171772,0.995000,0.134216,0.133330,1.220000,0.258986,0.314760,1400,1400,1400,1400,2000,2000,2000,2000,600,79,78,83,87,68,0,0,0,0,0,100,0,100,90
1466090725,1.235000,0.158478,0.195130,1.298750,3.318962,4.306764,0.995000,0.134520,0.133330,1.217500,0.258258,0.313986,1400,1400,1400,1400,2000,2000,2000,2000,600,80,80,83,88,68,0,0,0,0,0,100,0,99,90
1466090726,1.236250,0.152744,0.187872,1.298750,3.300604,4.283400,0.995000,0.134216,0.133330,1.220000,0.260715,0.317200,1400,1400,1400,1400,2000,2000,2000,2000,600,80,79,83,88,68,0,0,0,0,0,100,0,100,90
1466090727,1.236250,0.148230,0.182928,1.300000,3.332114,4.331600,0.995000,0.133912,0.132335,1.217500,0.269997,0.327373,1400,1400,1400,1400,2000,2000,2000,2000,600,79,79,83,87,68,0,0,0,0,0,100,0,99,90
1466090728,1.236250,0.151463,0.186636,1.298750,3.204156,4.158792,0.995000,0.133912,0.132335,1.220000,0.257985,0.313540,1400,1400,1400,1400,2000,2000,2000,2000,600,80,79,83,88,68,0,0,0,0,0,100,0,100,90
1466090729,1.236250,0.150487,0.185400,1.298750,3.345266,4.341810,0.995000,0.134520,0.133330,1.223750,0.155246,0.189565,1400,1400,1400,1400,2000,2000,2000,2000,600,80,79,83,88,68,0,0,0,0,0,100,0,99,90
1466090730,1.236250,0.152256,0.187872,1.298750,3.224158,4.184752,0.995000,0.134520,0.133330,1.220000,0.259714,0.315980,1400,1400,1400,1400,2000,2000,2000,2000,600,80,79,83,88,68,0,0,0,0,0,100,0,99,90
1466090731,1.236250,0.150975,0.185400,1.300000,3.371296,4.382300,0.995000,0.134216,0.133330,1.225000,0.152698,0.186200,1400,1400,1400,1400,2000,2000,2000,2000,600,80,79,83,88,68,0,0,0,0,0,100,0,99,90
1466090732,1.236250,0.155245,0.191580,1.298750,3.294302,4.275612,0.995000,0.134216,0.133330,1.220000,0.255710,0.311100,1400,1400,1400,1400,2000,2000,2000,2000,600,80,79,83,88,68,0,0,0,0,1,100,0,100,90
1466090733,1.236250,0.148230,0.182928,1.300000,3.387736,4.403100,0.995000,0.134216,0.133330,1.223750,0.151515,0.184673,1400,1400,1400,1400,2000,2000,2000,2000,600,80,79,83,88,68,0,0,0,0,0,100,0,99,90
1466090734,1.236250,0.152500,0.187872,1.298750,3.311564,4.297678,0.995000,0.134216,0.133330,1.218750,0.289471,0.352002,1400,1400,1400,1400,2000,2000,2000,2000,600,80,79,83,88,68,0,0,0,0,0,100,0,100,90
1466090735,1.236250,0.149511,0.184164,1.300000,3.496240,4.544800,0.995000,0.134216,0.133330,1.223750,0.151697,0.184673,1400,1400,1400,1400,2000,2000,2000,2000,600,80,79,83,88,68,0,0,0,0,0,100,0,99,90
1466090736,1.236250,0.153964,0.189108,1.298750,3.309646,4.295082,0.995000,0.134216,0.133330,1.217500,0.288743,0.350496,1400,1400,1400,1400,2000,2000,2000,2000,600,80,79,83,88,68,0,0,0,0,0,100,0,100,90
1466090737,1.236250,0.149755,0.184164,1.298750,3.201142,4.154898,0.995000,0.134520,0.133330,1.221250,0.253526,0.308913,1400,1400,1400,1400,2000,2000,2000,2000,600,79,79,83,88,68,0,0,0,0,0,100,0,99,90
1466090738,1.236250,0.155001,0.191580,1.300000,3.332388,4.331600,0.995000,0.134216,0.133330,1.217500,0.289744,0.351713,1400,1400,1400,1400,2000,2000,2000,2000,600,80,79,83,88,68,0,0,0,0,1,100,0,99,90
1466090739,1.236250,0.153720,0.189108,1.298750,3.214020,4.171772,0.995000,0.134520,0.133330,1.221250,0.249977,0.304029,1400,1400,1400,1400,2000,2000,2000,2000,600,80,79,83,88,68,0,0,0,0,0,100,0,100,90
1466090740,1.235000,0.166225,0.205010,1.300000,3.283342,4.267900,0.995000,0.134520,0.133330,1.217500,0.290472,0.352930,1400,1400,1400,1400,2000,2000,2000,2000,600,80,78,83,88,68,0,0,0,0,0,100,0,99,90
1466090741,1.236250,0.155733,0.191580,1.298750,3.274300,4.249652,0.995000,0.134216,0.133330,1.222500,0.250978,0.305500,1400,1400,1400,1400,2000,2000,2000,2000,600,80,79,83,88,68,0,0,0,0,0,100,0,100,90
1466090742,1.236250,0.153964,0.189108,1.300000,3.325812,4.322500,0.995000,0.134520,0.133330,1.218750,0.290017,0.353220,1400,1400,1400,1400,2000,2000,2000,2000,600,80,78,83,87,68,0,0,0,0,0,100,0,99,90
1466090743,1.236250,0.152500,0.187872,1.298750,3.223062,4.183454,0.995000,0.133912,0.132335,1.220000,0.258986,0.314760,1400,1400,1400,1400,2000,2000,2000,2000,600,80,78,83,88,68,0,0,0,0,0,100,0,99,90
1466090744,1.236250,0.153476,0.189108,1.300000,3.291288,4.278300,0.995000,0.135280,0.134325,1.217500,0.279734,0.339543,1400,1400,1400,1400,2000,2000,2000,2000,600,80,80,83,89,69,0,0,0,0,0,100,0,100,90
1466090745,1.236250,0.152988,0.187872,1.298750,3.223884,4.183454,0.995000,0.134520,0.133330,1.221250,0.248976,0.302808,1400,1400,1400,1400,2000,2000,2000,2000,600,80,79,83,88,68,0,0,0,0,0,100,0,99,90
1466090746,1.236250,0.153720,0.189108,1.298750,3.318962,4.306764,0.995000,0.134976,0.133330,1.218750,0.289744,0.352002,1400,1400,1400,1400,2000,2000,2000,2000,600,80,80,83,88,68,0,0,0,0,0,100,0,100,90
1466090747,1.236250,0.154513,0.190344,1.298750,3.222514,4.182156,0.995000,0.134520,0.133330,1.220000,0.258440,0.314760,1400,1400,1400,1400,2000,2000,2000,2000,600,80,78,83,88,68,0,0,0,0,0,100,0,99,90
1466090748,1.236250,0.155489,0.191580,1.298750,3.257312,4.227586,0.995000,0.134672,0.133330,1.217500,0.287196,0.349279,1400,1400,1400,1400,2000,2000,2000,2000,600,80,80,83,89,68,0,0,0,0,0,100,0,99,90
1466090749,1.236250,0.152988,0.187872,1.298750,3.229912,4.191242,0.995000,0.134672,0.133330,1.220000,0.260715,0.317200,1400,1400,1400,1400,2000,2000,2000,2000,600,80,79,83,88,68,0,0,0,0,0,100,0,100,90
1466090750,1.236250,0.155245,0.191580,1.300000,3.244708,4.217200,0.995000,0.134976,0.133330,1.218750,0.287196,0.349566,1400,1400,1400,1400,2000,2000,2000,2000,600,80,80,83,89,69,0,0,0,0,0,100,0,99,90
1466090751,1.236250,0.153476,0.189108,1.298750,3.221966,4.180858,0.995000,0.134520,0.133330,1.220000,0.257985,0.313540,1400,1400,1400,1400,2000,2000,2000,2000,600,80,79,83,88,68,0,0,0,0,0,100,0,99,90
1466090752,1.235000,0.156770,0.192660,1.300000,3.406916,4.427800,0.995000,0.134672,0.133330,1.217500,0.290472,0.352930,1400,1400,1400,1400,2000,2000,2000,2000,600,80,79,83,88,68,0,0,0,0,0,100,0,100,90
1466090753,1.236250,0.153232,0.189108,1.298750,3.220870,4.179560,0.995000,0.134520,0.133330,1.220000,0.258440,0.314760,1400,1400,1400,1400,2000,2000,2000,2000,600,80,79,83,88,69,0,0,0,0,1,100,0,99,90
1466090754,1.236250,0.148962,0.182928,1.300000,3.402258,4.422600,0.995000,0.135280,0.134325,1.221250,0.153699,0.186813,1400,1400,1400,1400,2000,2000,2000,2000,600,80,79,83,88,68,0,0,0,0,0,100,0,100,90
1466090755,1.235000,0.153720,0.188955,1.298750,3.229364,4.191242,0.995000,0.134672,0.133330,1.220000,0.258440,0.314760,1400,1400,1400,1400,2000,2000,2000,2000,600,80,79,83,88,69,0,0,0,0,0,100,0,99,90
1466090756,1.236250,0.150243,0.185400,1.300000,3.401162,4.421300,0.995000,0.134976,0.133330,1.223750,0.155519,0.189565,1400,1400,1400,1400,2000,2000,2000,2000,600,80,79,83,88,69,0,0,0,0,0,100,0,99,90
1466090757,1.236250,0.154757,0.190344,1.298750,3.237310,4.201626,0.995000,0.134976,0.133330,1.218750,0.282009,0.343476,1400,1400,1400,1400,2000,2000,2000,2000,600,80,79,83,88,69,0,0,0,0,0,100,0,100,90
1466090758,1.236250,0.150731,0.185400,1.298750,3.275670,4.250950,0.995000,0.134672,0.133330,1.221250,0.155974,0.189255,1400,1400,1400,1400,2000,2000,2000,2000,600,80,79,83,88,68,0,0,0,0,0,100,0,99,90
1466090759,1.235000,0.154757,0.190190,1.300000,3.407738,4.429100,0.995000,0.135280,0.134325,1.217500,0.282191,0.343194,1400,1400,1400,1400,2000,2000,2000,2000,600,80,79,83,88,69,0,0,0,0,0,100,0,100,90
1466090760,1.236250,0.149999,0.184164,1.298750,3.304440,4.288592,0.995000,0.135280,0.134325,1.221250,0.155701,0.189255,1400,1400,1400,1400,2000,2000,2000,2000,600,80,79,83,88,69,0,0,0,0,0,100,0,99,90
1466090761,1.235000,0.152012,0.187720,1.298750,3.251010,4.219798,0.995000,0.134672,0.133330,1.218750,0.282191,0.343476,1400,1400,1400,1400,2000,2000,2000,2000,600,80,79,84,88,69,0,0,0,0,0,100,0,100,90
1466090762,1.236250,0.150975,0.185400,1.298750,3.294028,4.275612,0.995000,0.134976,0.133330,1.222500,0.241241,0.294502,1400,1400,1400,1400,2000,2000,2000,2000,600,80,79,83,88,69,0,0,0,0,0,100,0,99,90
1466090763,1.236250,0.154269,0.190344,1.300000,3.321976,4.317300,0.995000,0.134976,0.133330,1.217500,0.287469,0.349279,1400,1400,1400,1400,2000,2000,2000,2000,600,80,79,84,88,69,0,0,0,0,0,100,0,99,90
1466090764,1.236250,0.153964,0.189108,1.298750,3.226076,4.187348,0.995000,0.134976,0.133330,1.222500,0.259714,0.316498,1400,1400,1400,1400,2000,2000,2000,2000,600,80,79,83,88,68,0,0,0,0,0,99,0,99,90
1466090765,1.235000,0.154513,0.190190,1.300000,3.326360,4.323800,0.995000,0.134976,0.133330,1.218750,0.282737,0.343476,1400,1400,1400,1400,2000,2000,2000,2000,600,80,79,84,88,69,0,0,0,0,1,100,0,99,90
1466090766,1.236250,0.154269,0.190344,1.298750,3.232378,4.195136,0.995000,0.135432,0.134325,1.222500,0.229775,0.279838,1400,1400,1400,1400,2000,2000,2000,2000,600,80,79,83,88,69,0,0,0,0,0,100,0,100,90
1466090767,1.235000,0.155245,0.191425,1.300000,3.329922,4.327700,0.995000,0.134976,0.133330,1.217500,0.289744,0.351713,1400,1400,1400,1400,2000,2000,2000,2000,600,80,78,84,88,69,0,0,0,0,0,100,0,99,90
1466090768,1.236250,0.152500,0.187872,1.298750,3.233748,4.196434,0.995000,0.135280,0.134325,1.220000,0.260442,0.317200,1400,1400,1400,1400,2000,2000,2000,2000,600,80,79,83,88,69,0,0,0,0,0,100,0,100,90
1466090769,1.236250,0.154269,0.190344,1.298750,3.336224,4.330128,0.995000,0.135280,0.134325,1.218750,0.297206,0.361746,1400,1400,1400,1400,2000,2000,2000,2000,600,80,80,84,89,69,0,0,0,0,0,100,0,99,90
1466090770,1.236250,0.154269,0.190344,1.298750,3.239776,4.204222,0.995000,0.135280,0.134325,1.220000,0.260988,0.317200,1400,1400,1400,1400,2000,2000,2000,2000,600,80,79,83,88,69,0,0,0,0,0,100,0,99,90
1466090771,1.236250,0.160247,0.197760,1.298750,3.325538,4.315850,0.995000,0.135736,0.134325,1.218750,0.291018,0.354438,1400,1400,1400,1400,2000,2000,2000,2000,600,81,80,84,89,69,0,0,0,0,0,100,0,99,90
1466090772,1.236250,0.154513,0.190344,1.298750,3.232104,4.195136,0.995000,0.135280,0.134325,1.220000,0.261989,0.318420,1400,1400,1400,1400,2000,2000,2000,2000,600,80,79,83,88,69,0,0,0,0,0,100,0,100,90
1466090773,1.236250,0.153476,0.189108,1.300000,3.348280,4.352400,0.995000,0.135736,0.134325,1.218750,0.294749,0.358092,1400,1400,1400,1400,2000,2000,2000,2000,600,80,80,84,89,69,0,0,0,0,0,100,0,99,90
1466090774,1.236250,0.152744,0.187872,1.300000,3.298686,4.287400,0.995000,0.135736,0.134325,1.220000,0.260988,0.317200,1400,1400,1400,1400,2000,2000,2000,2000,600,80,79,83,88,69,0,0,0,0,0,100,0,99,90
1466090775,1.236250,0.157746,0.194052,1.300000,3.322524,4.318600,0.995000,0.135432,0.134325,1.218750,0.290472,0.353220,1400,1400,1400,1400,2000,2000,2000,2000,600,80,80,84,89,69,0,0,0,0,0,100,0,100,90
1466090776,1.236250,0.152500,0.187872,1.298750,3.235666,4.199030,0.995000,0.135432,0.134325,1.220000,0.259987,0.315980,1400,1400,1400,1400,2000,2000,2000,2000,600,80,79,83,88,69,0,0,0,0,0,100,0,99,90
1466090777,1.235000,0.152988,0.187720,1.300000,3.343074,4.345900,0.995000,0.135736,0.134325,1.220000,0.168714,0.204960,1400,1400,1400,1400,2000,2000,2000,2000,600,81,79,84,88,69,0,0,0,0,0,100,0,100,90
1466090778,1.236250,0.153720,0.189108,1.298750,3.201964,4.154898,0.995000,0.135736,0.134325,1.220000,0.258986,0.314760,1400,1400,1400,1400,2000,2000,2000,2000,600,80,79,84,88,69,0,0,0,0,0,100,0,99,90
1466090779,1.236250,0.148718,0.182928,1.300000,3.384722,4.399200,0.995000,0.135736,0.134325,1.220000,0.177268,0.215940,1400,1400,1400,1400,2000,2000,2000,2000,600,80,79,84,88,69,0,0,0,0,0,100,0,99,90
1466090780,1.235000,0.152744,0.187720,1.298750,3.229912,4.191242,0.995000,0.135736,0.134325,1.220000,0.259714,0.315980,1400,1400,1400,1400,2000,2000,2000,2000,600,81,79,84,88,69,0,0,0,0,0,100,0,100,90
1466090781,1.236250,0.148718,0.182928,1.300000,3.432398,4.461600,0.995000,0.135432,0.134325,1.222500,0.177723,0.216294,1400,1400,1400,1400,2000,2000,2000,2000,600,80,79,84,88,69,0,0,0,0,0,100,0,99,90
1466090782,1.236250,0.153476,0.189108,1.298750,3.216486,4.174368,0.995000,0.135432,0.134325,1.218750,0.280007,0.341040,1400,1400,1400,1400,2000,2000,2000,2000,600,80,79,84,88,69,0,0,0,0,0,100,0,100,90
1466090783,1.236250,0.148230,0.182928,1.300000,3.432672,4.461600,0.995000,0.135736,0.134325,1.222500,0.221494,0.270062,1400,1400,1400,1400,2000,2000,2000,2000,600,81,79,84,88,69,0,0,0,0,0,100,0,99,90
1466090784,1.236250,0.153720,0.189108,1.298750,3.324990,4.314552,0.993750,0.135432,0.134055,1.218750,0.277004,0.337386,1400,1400,1400,1400,2000,2000,2000,2000,600,80,79,84,88,69,0,0,0,0,0,100,0,99,90
1466090785,1.236250,0.149999,0.184164,1.300000,3.456236,4.492800,0.993750,0.135432,0.134055,1.220000,0.183456,0.223260,1400,1400,1400,1400,2000,2000,2000,2000,600,80,79,84,88,69,0,0,0,0,0,100,0,100,90
1466090786,1.233750,0.166713,0.204678,1.298750,3.298412,4.280804,0.993750,0.135280,0.134055,1.218750,0.275730,0.334950,1400,1400,1400,1400,2000,2000,2000,2000,600,83,79,84,88,69,0,0,0,0,1,100,0,99,90
1466090787,1.236250,0.154513,0.190344,1.298750,3.224706,4.184752,0.995000,0.135736,0.134325,1.222500,0.220948,0.268840,1400,1400,1400,1400,2000,2000,2000,2000,600,80,79,84,88,69,0,0,0,0,0,100,0,100,90
1466090788,1.236250,0.155733,0.191580,1.300000,3.331566,4.330300,0.995000,0.135432,0.134325,1.217500,0.290745,0.352930,1400,1400,1400,1400,2000,2000,2000,2000,600,80,79,84,88,69,0,0,0,0,0,100,0,99,90
1466090789,1.236250,0.153720,0.189108,1.298750,3.237584,4.201626,0.995000,0.135432,0.134325,1.220000,0.259441,0.315980,1400,1400,1400,1400,2000,2000,2000,2000,600,82,79,84,88,69,0,0,0,0,0,100,0,99,90
1466090790,1.236250,0.156221,0.192816,1.300000,3.294576,4.282200,0.995000,0.136040,0.135320,1.217500,0.288470,0.350496,1400,1400,1400,1400,2000,2000,2000,2000,600,80,79,84,89,69,0,0,0,0,0,100,0,99,90
1466090791,1.236250,0.152256,0.187872,1.298750,3.246352,4.213308,0.995000,0.136040,0.135320,1.223750,0.208754,0.254384,1400,1400,1400,1400,2000,2000,2000,2000,600,80,79,83,88,69,0,0,0,0,0,100,0,100,90
1466090792,1.235000,0.155001,0.191425,1.300000,3.324442,4.321200,0.995000,0.135736,0.134325,1.218750,0.288743,0.350784,1400,1400,1400,1400,2000,2000,2000,2000,600,80,78,84,88,69,0,0,0,0,0,100,0,99,90
1466090793,1.236250,0.155001,0.191580,1.298750,3.240872,4.205520,0.995000,0.136040,0.135320,1.220000,0.259259,0.315980,1400,1400,1400,1400,2000,2000,2000,2000,600,80,79,84,88,69,0,0,0,0,0,100,0,100,90
1466090794,1.236250,0.155733,0.191580,1.298750,3.235392,4.199030,0.995000,0.136192,0.135320,1.218750,0.289471,0.352002,1400,1400,1400,1400,2000,2000,2000,2000,600,80,81,84,89,69,0,0,0,0,0,100,0,99,90
1466090795,1.236250,0.153476,0.189108,1.298750,3.231008,4.193838,0.995000,0.136040,0.135320,1.221250,0.257712,0.313797,1400,1400,1400,1400,2000,2000,2000,2000,600,80,79,83,88,69,0,0,0,0,0,100,0,100,90
1466090796,1.236250,0.155001,0.191580,1.298750,3.248270,4.215904,0.995000,0.136040,0.135320,1.218750,0.285467,0.347130,1400,1400,1400,1400,2000,2000,2000,2000,600,80,80,84,89,69,0,0,0,0,0,100,0,99,90
1466090797,1.236250,0.154513,0.190344,1.298750,3.234844,4.197732,0.995000,0.135432,0.134325,1.220000,0.258986,0.314760,1400,1400,1400,1400,2000,2000,2000,2000,600,80,79,83,88,69,0,0,0,0,0,100,0,99,90
1466090798,1.236250,0.156465,0.192816,1.298750,3.281150,4.258738,0.995000,0.136040,0.135320,1.218750,0.285740,0.347130,1400,1400,1400,1400,2000,2000,2000,2000,600,80,80,84,89,69,0,0,0,0,0,100,0,100,90
1466090799,1.235000,0.152988,0.187720,1.298750,3.234022,4.197732,0.995000,0.135736,0.134325,1.221250,0.259714,0.316239,1400,1400,1400,1400,2000,2000,2000,2000,600,80,79,84,88,69,0,0,0,0,0,100,0,99,90
1466090800,1.236250,0.156465,0.192816,1.298750,3.294850,4.275612,0.995000,0.136040,0.135320,1.218750,0.287742,0.349566,1400,1400,1400,1400,2000,2000,2000,2000,600,80,80,84,89,69,0,0,0,0,0,100,0,99,90
1466090801,1.236250,0.154269,0.190344,1.298750,3.223062,4.183454,0.995000,0.135736,0.134325,1.220000,0.257439,0.313540,1400,1400,1400,1400,2000,2000,2000,2000,600,80,79,84,88,69,0,0,0,0,0,100,0,100,90
1466090802,1.236250,0.151768,0.186636,1.300000,3.380338,4.394000,0.995000,0.136192,0.135320,1.220000,0.204750,0.248880,1400,1400,1400,1400,2000,2000,2000,2000,600,80,79,84,88,69,0,0,0,0,0,100,0,99,90
1466090803,1.236250,0.154757,0.190344,1.298750,3.267998,4.240566,0.995000,0.135736,0.134325,1.218750,0.270452,0.328860,1400,1400,1400,1400,2000,2000,2000,2000,600,80,79,84,88,69,0,0,0,0,0,100,0,99,90
1466090804,1.236250,0.149511,0.184164,1.298750,3.369652,4.372962,0.995000,0.135432,0.134325,1.221250,0.209482,0.255189,1400,1400,1400,1400,2000,2000,2000,2000,600,80,79,84,88,69,0,0,0,0,0,100,0,100,90
1466090805,1.236250,0.154269,0.190344,1.298750,3.237310,4.201626,0.995000,0.136040,0.135320,1.220000,0.259441,0.315980,1400,1400,1400,1400,2000,2000,2000,2000,600,80,79,84,88,69,0,0,0,0,0,100,0,99,90
1466090806,1.236250,0.154513,0.190344,1.300000,3.368008,4.378400,0.995000,0.136192,0.135320,1.220000,0.213031,0.259860,1400,1400,1400,1400,2000,2000,2000,2000,600,80,79,84,88,69,0,0,0,0,0,100,0,100,90
1466090807,1.236250,0.154269,0.190344,1.298750,3.260052,4.231480,0.995000,0.135736,0.134325,1.218750,0.269997,0.327642,1400,1400,1400,1400,2000,2000,2000,2000,600,80,79,84,88,69,0,0,0,0,0,100,0,99,90
1466090808,1.236250,0.148962,0.182928,1.298750,3.328004,4.319744,0.993750,0.135432,0.134055,1.222500,0.199199,0.243178,1400,1400,1400,1400,2000,2000,2000,2000,600,80,79,84,88,69,0,0,0,0,2,100,0,100,90
1466090809,1.236250,0.155001,0.191580,1.298750,3.320058,4.309360,0.993750,0.135736,0.134055,1.217500,0.289198,0.351713,1400,1400,1400,1400,2000,2000,2000,2000,600,80,79,84,89,69,0,0,0,0,0,100,0,99,90
1466090810,1.236250,0.148962,0.182928,1.298750,3.310194,4.296380,0.995000,0.136040,0.135320,1.222500,0.196742,0.239512,1400,1400,1400,1400,2000,2000,2000,2000,600,80,79,84,88,69,0,0,0,0,0,100,0,99,90
1466090811,1.235000,0.154269,0.190190,1.298750,3.238680,4.202924,0.993750,0.135736,0.134055,1.218750,0.268723,0.326424,1400,1400,1400,1400,2000,2000,2000,2000,600,80,79,84,89,69,0,0,0,0,0,100,0,100,90
1466090812,1.236250,0.153232,0.189108,1.298750,3.317318,4.305466,0.995000,0.135736,0.134325,1.223750,0.189280,0.231147,1400,1400,1400,1400,2000,2000,2000,2000,600,80,79,84,88,69,0,0,0,0,0,100,0,99,90
1466090813,1.236250,0.155977,0.191580,1.298750,3.323072,4.313254,0.995000,0.135432,0.134325,1.217500,0.289198,0.351713,1400,1400,1400,1400,2000,2000,2000,2000,600,80,79,84,88,69,0,0,0,0,0,100,0,100,90
1466090814,1.236250,0.153476,0.189108,1.298750,3.237858,4.201626,0.995000,0.135736,0.134325,1.220000,0.260988,0.317200,1400,1400,1400,1400,2000,2000,2000,2000,600,80,79,84,88,69,0,0,0,0,0,100,0,99,90
1466090815,1.236250,0.156465,0.192816,1.298750,3.326908,4.317148,0.995000,0.135736,0.134325,1.217500,0.290017,0.352930,1400,1400,1400,1400,2000,2000,2000,2000,600,80,79,84,88,69,0,0,0,0,0,100,0,100,90
1466090816,1.236250,0.155245,0.191580,1.298750,3.244982,4.210712,0.995000,0.136040,0.135320,1.218750,0.259987,0.315462,1400,1400,1400,1400,2000,2000,2000,2000,600,80,79,84,88,69,0,0,0,0,0,100,0,99,90
1466090817,1.235000,0.157258,0.193895,1.300000,3.336772,4.336800,0.995000,0.136192,0.135320,1.217500,0.291473,0.354147,1400,1400,1400,1400,2000,2000,2000,2000,600,80,78,84,88,69,0,0,0,0,0,100,0,99,90
1466090818,1.236250,0.152744,0.187872,1.298750,3.240324,4.205520,0.995000,0.135736,0.134325,1.220000,0.259987,0.315980,1400,1400,1400,1400,2000,2000,2000,2000,600,80,79,84,88,69,0,0,0,0,0,100,0,100,90
1466090819,1.236250,0.155489,0.191580,1.298750,3.322798,4.311956,0.995000,0.136040,0.135320,1.217500,0.289016,0.351713,1400,1400,1400,1400,2000,2000,2000,2000,600,80,81,84,89,69,0,0,0,0,0,100,0,99,90
1466090820,1.235000,0.153964,0.188955,1.298750,3.242242,4.208116,0.995000,0.136192,0.135320,1.220000,0.258713,0.314760,1400,1400,1400,1400,2000,2000,2000,2000,600,80,79,84,88,69,0,0,0,0,1,100,0,100,90
1466090821,1.236250,0.156221,0.192816,1.298750,3.326908,4.317148,0.995000,0.136040,0.135320,1.218750,0.290017,0.353220,1400,1400,1400,1400,2000,2000,2000,2000,600,80,80,84,89,69,0,0,0,0,0,100,0,99,90
1466090822,1.236250,0.154513,0.190344,1.298750,3.223610,4.183454,0.995000,0.135736,0.134325,1.220000,0.259714,0.315980,1400,1400,1400,1400,2000,2000,2000,2000,600,80,78,84,88,69,0,0,0,0,0,100,0,99,90
1466090823,1.236250,0.156221,0.192816,1.298750,3.322798,4.311956,0.995000,0.136192,0.135320,1.217500,0.230503,0.279910,1400,1400,1400,1400,2000,2000,2000,2000,600,80,80,84,89,69,0,0,0,0,0,100,0,99,90
1466090824,1.236250,0.152744,0.187872,1.298750,3.207444,4.162686,0.995000,0.136040,0.135320,1.220000,0.259714,0.315980,1400,1400,1400,1400,2000,2000,2000,2000,600,80,79,84,88,69,0,0,0,0,0,100,0,100,90
1466090825,1.236250,0.156465,0.192816,1.298750,3.325812,4.315850,0.995000,0.136040,0.135320,1.218750,0.290199,0.353220,1400,1400,1400,1400,2000,2000,2000,2000,600,80,80,84,89,69,0,0,0,0,0,100,0,99,90
1466090826,1.236250,0.153964,0.189108,1.298750,3.239776,4.204222,0.993750,0.136040,0.135048,1.220000,0.260260,0.317200,1400,1400,1400,1400,2000,2000,2000,2000,600,80,79,84,88,69,0,0,0,0,0,100,0,99,90
1466090827,1.236250,0.150243,0.185400,1.298750,3.295398,4.276910,0.993750,0.136040,0.135048,1.218750,0.234234,0.285012,1400,1400,1400,1400,2000,2000,2000,2000,600,80,79,84,88,69,0,0,0,0,0,100,0,100,90
1466090828,1.236250,0.153232,0.189108,1.298750,3.203060,4.157494,0.995000,0.136192,0.135320,1.220000,0.264446,0.322080,1400,1400,1400,1400,2000,2000,2000,2000,600,80,79,84,88,69,0,0,0,0,0,100,0,99,90
1466090829,1.236250,0.152256,0.187872,1.300000,3.463908,4.501900,0.995000,0.136496,0.135320,1.223750,0.177996,0.216471,1400,1400,1400,1400,2000,2000,2000,2000,600,80,79,84,88,69,0,0,0,0,0,99,0,100,90
1466090830,1.236250,0.154513,0.190344,1.298750,3.230734,4.192540,0.995000,0.135736,0.134325,1.220000,0.259714,0.315980,1400,1400,1400,1400,2000,2000,2000,2000,600,80,79,84,89,69,0,0,0,0,0,100,0,99,90
1466090831,1.236250,0.152500,0.187872,1.300000,3.492130,4.539600,0.995000,0.136040,0.135320,1.218750,0.244244,0.297192,1400,1400,1400,1400,2000,2000,2000,2000,600,80,79,84,88,69,0,0,0,0,0,100,0,100,90
1466090832,1.233750,0.164517,0.202212,1.298750,3.302522,4.285996,0.995000,0.136192,0.135320,1.220000,0.265447,0.323300,1400,1400,1400,1400,2000,2000,2000,2000,600,80,79,84,89,69,0,0,0,0,0,100,0,99,90
1466090833,1.236250,0.149267,0.184164,1.300000,3.503090,4.553900,0.995000,0.136192,0.135320,1.223750,0.175994,0.214025,1400,1400,1400,1400,2000,2000,2000,2000,600,80,79,84,88,69,0,0,0,0,0,100,0,99,90
1466090834,1.236250,0.155245,0.191580,1.300000,3.275944,4.257500,0.995000,0.136192,0.135320,1.217500,0.290472,0.352930,1400,1400,1400,1400,2000,2000,2000,2000,600,80,80,84,89,69,0,0,0,0,0,100,0,100,90
1466090835,1.236250,0.153964,0.189108,1.301250,3.570494,4.644570,0.995000,0.136496,0.135320,1.223750,0.173992,0.211579,1400,1400,1400,1400,2000,2000,2000,2000,600,80,79,84,88,69,0,0,0,0,0,100,0,99,90
1466090836,1.235000,0.153232,0.188955,1.298750,3.300604,4.283400,0.995000,0.136040,0.135320,1.217500,0.291746,0.354147,1400,1400,1400,1400,2000,2000,2000,2000,600,80,80,84,89,69,0,0,0,0,0,100,0,100,90
1466090837,1.236250,0.151463,0.186636,1.298750,3.247448,4.214606,0.995000,0.136040,0.135320,1.223750,0.173719,0.211579,1400,1400,1400,1400,2000,2000,2000,2000,600,80,79,84,88,69,0,0,0,0,0,100,0,99,90
1466090838,1.236250,0.157258,0.194052,1.300000,3.334580,4.334200,0.995000,0.136192,0.135320,1.218750,0.291200,0.354438,1400,1400,1400,1400,2000,2000,2000,2000,600,81,80,84,89,69,0,0,0,0,1,100,0,100,90
1466090839,1.236250,0.153964,0.189108,1.298750,3.233748,4.196434,0.995000,0.136040,0.135320,1.220000,0.261261,0.318420,1400,1400,1400,1400,2000,2000,2000,2000,600,80,79,84,88,69,0,0,0,0,0,100,0,99,90
1466090840,1.235000,0.157746,0.193895,1.298750,3.267176,4.240566,0.995000,0.135736,0.134325,1.217500,0.289016,0.351713,1400,1400,1400,1400,2000,2000,2000,2000,600,80,79,84,89,69,0,0,0,0,0,100,0,99,90
1466090841,1.236250,0.154269,0.190344,1.298750,3.345540,4.341810,0.993750,0.135736,0.134055,1.220000,0.259714,0.315980,1400,1400,1400,1400,2000,2000,2000,2000,600,80,79,84,88,69,0,0,0,0,0,100,0,100,90
1466090842,1.235000,0.154757,0.190190,1.300000,3.331292,4.330300,0.995000,0.135736,0.134325,1.218750,0.290199,0.353220,1400,1400,1400,1400,2000,2000,2000,2000,600,80,79,84,88,69,0,0,0,0,0,100,0,99,90
1466090843,1.236250,0.155245,0.191580,1.298750,3.229912,4.191242,0.995000,0.136040,0.135320,1.220000,0.260988,0.317200,1400,1400,1400,1400,2000,2000,2000,2000,600,80,79,84,88,69,0,0,0,0,0,100,0,100,90
1466090844,1.236250,0.155733,0.191580,1.298750,3.271560,4.245758,0.995000,0.136192,0.135320,1.218750,0.290472,0.353220,1400,1400,1400,1400,2000,2000,2000,2000,600,80,81,84,89,69,0,0,0,0,1,100,0,99,90
1466090845,1.236250,0.152988,0.187872,1.298750,3.241146,4.206818,0.995000,0.135736,0.134325,1.220000,0.261261,0.318420,1400,1400,1400,1400,2000,2000,2000,2000,600,80,79,84,88,69,0,0,0,0,0,100,0,99,90
1466090846,1.236250,0.157258,0.194052,1.298750,3.302522,4.285996,0.995000,0.136040,0.135320,1.217500,0.288743,0.350496,1400,1400,1400,1400,2000,2000,2000,2000,600,80,80,84,89,69,0,0,0,0,0,100,0,99,90
1466090847,1.236250,0.154757,0.190344,1.298750,3.301426,4.284698,0.995000,0.135736,0.134325,1.220000,0.261261,0.318420,1400,1400,1400,1400,2000,2000,2000,2000,600,80,78,84,88,69,0,0,0,0,1,100,0,100,90
1466090848,1.235000,0.152744,0.187720,1.298750,3.312112,4.298976,0.993750,0.136040,0.135048,1.220000,0.260260,0.317200,1400,1400,1400,1400,2000,2000,2000,2000,600,80,80,84,89,69,0,0,0,0,0,100,0,99,90
1466090849,1.236250,0.153476,0.189108,1.298750,3.241146,4.206818,0.993750,0.136040,0.135048,1.218750,0.260260,0.316680,1400,1400,1400,1400,2000,2000,2000,2000,600,80,79,84,88,69,0,0,0,0,0,100,0,100,90
1466090850,1.235000,0.158234,0.195130,1.298750,3.409108,4.424882,0.995000,0.136192,0.135320,1.217500,0.289471,0.351713,1400,1400,1400,1400,2000,2000,2000,2000,600,81,80,84,89,69,0,0,0,0,0,100,0,99,90
1466090851,1.236250,0.152500,0.187872,1.298750,3.231556,4.193838,0.995000,0.136040,0.135320,1.220000,0.259987,0.315980,1400,1400,1400,1400,2000,2000,2000,2000,600,80,79,84,88,69,0,0,0,0,0,100,0,99,90
1466090852,1.236250,0.156221,0.192816,1.298750,3.375954,4.380750,0.995000,0.136040,0.135320,1.217500,0.255983,0.310335,1400,1400,1400,1400,2000,2000,2000,2000,600,80,79,84,88,69,0,0,0,0,0,100,0,100,90
1466090853,1.236250,0.155977,0.191580,1.298750,3.243612,4.209414,0.993750,0.136040,0.135048,1.220000,0.259259,0.315980,1400,1400,1400,1400,2000,2000,2000,2000,600,80,79,84,88,69,0,0,0,0,0,100,0,99,90
1466090854,1.236250,0.147742,0.181692,1.300000,3.360610,4.368000,0.995000,0.136192,0.135320,1.225000,0.156702,0.191100,1400,1400,1400,1400,2000,2000,2000,2000,600,80,79,84,88,69,0,0,0,0,0,100,0,100,90
1466090855,1.233750,0.163236,0.200979,1.298750,3.237310,4.201626,0.995000,0.136040,0.135320,1.220000,0.258986,0.314760,1400,1400,1400,1400,2000,2000,2000,2000,600,80,79,84,88,69,0,0,0,0,0,100,0,99,90
1466090856,1.235000,0.149755,0.184015,1.300000,3.446098,4.479800,0.993750,0.136192,0.135048,1.217500,0.268996,0.326156,1400,1400,1400,1400,2000,2000,2000,2000,600,80,79,84,88,69,0,0,0,0,0,100,0,99,90
1466090857,1.236250,0.155977,0.191580,1.298750,3.227720,4.188646,0.995000,0.136192,0.135320,1.220000,0.258440,0.314760,1400,1400,1400,1400,2000,2000,2000,2000,600,80,79,84,89,69,0,0,0,0,0,100,0,100,90
1466090858,1.236250,0.150243,0.185400,1.300000,3.324442,4.321200,0.993750,0.135736,0.134055,1.223750,0.155519,0.189565,1400,1400,1400,1400,2000,2000,2000,2000,600,80,79,84,88,69,0,0,0,0,0,100,0,99,90
1466090859,1.235000,0.157502,0.193895,1.298750,3.326908,4.317148,0.995000,0.136040,0.135320,1.218750,0.289016,0.352002,1400,1400,1400,1400,2000,2000,2000,2000,600,81,79,84,89,69,0,0,0,0,1,100,0,100,90
1466090860,1.236250,0.148230,0.182928,1.298750,3.344718,4.340512,0.993750,0.136040,0.135048,1.225000,0.152516,0.186200,1400,1400,1400,1400,2000,2000,2000,2000,600,80,79,84,88,69,0,0,0,0,0,100,0,99,90
1466090861,1.236250,0.157258,0.194052,1.298750,3.328826,4.319744,0.993750,0.135736,0.134055,1.217500,0.290017,0.352930,1400,1400,1400,1400,2000,2000,2000,2000,600,81,79,84,89,69,0,0,0,0,0,100,0,100,90
1466090862,1.236250,0.155245,0.191580,1.300000,3.420342,4.446000,0.995000,0.135736,0.134325,1.221250,0.257439,0.313797,1400,1400,1400,1400,2000,2000,2000,2000,600,80,79,84,88,69,0,0,0,0,0,100,0,99,90
1466090863,1.235000,0.156221,0.192660,1.300000,3.332662,4.331600,0.995000,0.136040,0.135320,1.217500,0.290472,0.352930,1400,1400,1400,1400,2000,2000,2000,2000,600,80,80,84,89,69,0,0,0,0,0,100,0,99,90
1466090864,1.236250,0.152012,0.187872,1.298750,3.239228,4.204222,0.993750,0.135736,0.134055,1.221250,0.258713,0.315018,1400,1400,1400,1400,2000,2000,2000,2000,600,80,79,84,88,69,0,0,0,0,0,100,0,100,90
1466090865,1.236250,0.154513,0.190344,1.300000,3.417602,4.442100,0.995000,0.136192,0.135320,1.217500,0.289016,0.351713,1400,1400,1400,1400,2000,2000,2000,2000,600,81,79,84,89,69,0,0,0,0,2,100,0,99,90
1466090866,1.236250,0.150487,0.185400,1.298750,3.247722,4.214606,0.995000,0.136192,0.135320,1.221250,0.260260,0.317460,1400,1400,1400,1400,2000,2000,2000,2000,600,80,79,84,88,69,0,0,0,0,0,100,0,99,90
1466090867,1.235000,0.155977,0.191425,1.298750,3.325812,4.315850,0.995000,0.136496,0.135320,1.217500,0.288743,0.350496,1400,1400,1400,1400,2000,2000,2000,2000,600,81,79,84,88,69,0,0,0,0,0,100,0,100,90
1466090868,1.235000,0.164212,0.202540,1.298750,3.295398,4.276910,0.995000,0.136192,0.135320,1.220000,0.260715,0.317200,1400,1400,1400,1400,2000,2000,2000,2000,600,80,79,84,88,69,0,0,1,0,0,100,0,99,90
1466090869,1.236250,0.157746,0.194052,1.300000,3.332114,4.331600,0.995000,0.136496,0.135320,1.217500,0.289198,0.351713,1400,1400,1400,1400,2000,2000,2000,2000,600,80,81,84,89,69,0,0,0,0,0,100,0,99,90
1466090870,1.236250,0.154269,0.190344,1.298750,3.197580,4.149706,0.995000,0.136192,0.135320,1.221250,0.254527,0.310134,1400,1400,1400,1400,2000,2000,2000,2000,600,80,79,84,88,69,0,0,0,0,0,100,0,100,90
1466090871,1.235000,0.156465,0.192660,1.300000,3.411574,4.434300,0.995000,0.136192,0.135320,1.217500,0.289198,0.351713,1400,1400,1400,1400,2000,2000,2000,2000,600,81,80,84,89,69,0,0,0,0,0,100,0,99,90
1466090872,1.235000,0.162504,0.200070,1.298750,3.236762,4.200328,0.995000,0.136192,0.135320,1.220000,0.258713,0.314760,1400,1400,1400,1400,2000,2000,2000,2000,600,80,79,84,88,69,0,0,0,0,0,100,0,100,90
1466090873,1.235000,0.155489,0.191425,1.298750,3.280328,4.257440,0.995000,0.136192,0.135320,1.218750,0.282464,0.343476,1400,1400,1400,1400,2000,2000,2000,2000,600,81,80,84,89,69,0,0,0,0,0,99,0,99,90
1466090874,1.235000,0.155977,0.191425,1.298750,3.264710,4.236672,0.993750,0.136496,0.135048,1.220000,0.260260,0.317200,1400,1400,1400,1400,2000,2000,2000,2000,600,80,79,84,88,69,0,0,0,0,1,100,0,99,90
1466090875,1.236250,0.155733,0.191580,1.298750,3.246078,4.213308,0.995000,0.136192,0.135320,1.217500,0.290199,0.352930,1400,1400,1400,1400,2000,2000,2000,2000,600,81,80,84,89,69,0,0,0,0,0,100,0,99,90
1466090876,1.236250,0.154269,0.190344,1.298750,3.237036,4.201626,0.993750,0.136192,0.135048,1.220000,0.258986,0.314760,1400,1400,1400,1400,2000,2000,2000,2000,600,81,79,84,88,69,0,0,1,0,0,100,0,100,90
1466090877,1.235000,0.155733,0.191425,1.298750,3.231008,4.193838,0.995000,0.136496,0.135320,1.218750,0.289744,0.352002,1400,1400,1400,1400,2000,2000,2000,2000,600,81,80,84,89,69,0,0,0,0,0,100,0,99,90
1466090878,1.233750,0.162748,0.199746,1.298750,3.240050,4.205520,0.993750,0.136040,0.135048,1.220000,0.260442,0.317200,1400,1400,1400,1400,2000,2000,2000,2000,600,80,79,84,88,69,0,0,0,0,0,100,0,100,90
1466090879,1.236250,0.148230,0.182928,1.300000,3.505830,4.556500,0.993750,0.136496,0.135048,1.221250,0.156520,0.190476,1400,1400,1400,1400,2000,2000,2000,2000,600,80,79,84,88,69,0,0,0,0,0,100,0,99,90
1466090880,1.236250,0.152744,0.187872,1.298750,3.235666,4.199030,0.993750,0.136192,0.135048,1.220000,0.258986,0.314760,1400,1400,1400,1400,2000,2000,2000,2000,600,80,79,84,89,69,0,0,0,0,0,100,0,100,90
1466090881,1.236250,0.155001,0.191580,1.300000,3.485828,4.530500,0.995000,0.136040,0.135320,1.221250,0.155519,0.189255,1400,1400,1400,1400,2000,2000,2000,2000,600,80,80,84,88,69,0,0,0,0,0,100,0,99,90
1466090882,1.235000,0.152988,0.187720,1.298750,3.283342,4.261334,0.995000,0.136192,0.135320,1.220000,0.258258,0.314760,1400,1400,1400,1400,2000,2000,2000,2000,600,81,79,84,89,69,0,0,0,0,0,100,0,99,90
1466090883,1.236250,0.150487,0.185400,1.300000,3.454318,4.490200,0.995000,0.136800,0.135320,1.221250,0.158522,0.192918,1400,1400,1400,1400,2000,2000,2000,2000,600,80,79,84,88,69,0,0,0,0,0,100,0,100,90
1466090884,1.236250,0.160735,0.197760,1.298750,3.299508,4.282102,0.995000,0.136800,0.135320,1.218750,0.279734,0.339822,1400,1400,1400,1400,2000,2000,2000,2000,600,81,80,84,89,69,0,0,1,0,0,100,0,99,90
1466090885,1.235000,0.148230,0.182780,1.300000,3.430754,4.459000,0.995000,0.136800,0.135320,1.223750,0.167531,0.204241,1400,1400,1400,1400,2000,2000,2000,2000,600,80,79,84,88,69,0,0,0,0,0,100,0,100,90
1466090886,1.235000,0.155977,0.191425,1.298750,3.284986,4.262632,0.995000,0.136496,0.135320,1.218750,0.280462,0.341040,1400,1400,1400,1400,2000,2000,2000,2000,600,81,80,84,89,69,0,0,0,0,0,100,0,99,90
1466090887,1.236250,0.154757,0.190344,1.298750,3.298960,4.280804,0.995000,0.136496,0.135320,1.222500,0.232505,0.283504,1400,1400,1400,1400,2000,2000,2000,2000,600,80,79,84,88,69,0,0,0,0,0,100,0,99,90
1466090888,1.236250,0.153964,0.189108,1.298750,3.334032,4.327532,0.995000,0.136800,0.135320,1.217500,0.288743,0.350496,1400,1400,1400,1400,2000,2000,2000,2000,600,81,80,84,89,69,0,0,0,0,0,100,0,100,90
1466090889,1.235000,0.153720,0.188955,1.298750,3.363898,4.365174,0.995000,0.136496,0.135320,1.222500,0.223223,0.272506,1400,1400,1400,1400,2000,2000,2000,2000,600,81,79,84,88,69,0,0,0,0,0,100,0,99,90
1466090890,1.236250,0.156770,0.192816,1.298750,3.274574,4.249652,0.995000,0.136496,0.135320,1.218750,0.278005,0.338604,1400,1400,1400,1400,2000,2000,2000,2000,600,81,80,84,89,69,0,0,0,0,0,100,0,100,90
1466090891,1.235000,0.156221,0.192660,1.300000,3.347732,4.351100,0.995000,0.136800,0.135320,1.221250,0.229229,0.279609,1400,1400,1400,1400,2000,2000,2000,2000,600,80,79,84,88,69,0,0,0,0,0,100,0,99,90
1466090892,1.236250,0.155977,0.191580,1.300000,3.330744,4.329000,0.995000,0.136192,0.135320,1.217500,0.287742,0.349279,1400,1400,1400,1400,2000,2000,2000,2000,600,81,79,84,89,69,0,0,0,0,1,100,0,99,90
1466090893,1.236250,0.155001,0.191580,1.298750,3.243064,4.209414,0.995000,0.136952,0.135320,1.220000,0.258713,0.314760,1400,1400,1400,1400,2000,2000,2000,2000,600,81,79,84,89,69,0,0,0,0,0,100,0,100,90
1466090894,1.236250,0.156770,0.192816,1.300000,3.335128,4.335500,0.995000,0.136800,0.135320,1.218750,0.289198,0.352002,1400,1400,1400,1400,2000,2000,2000,2000,600,81,80,84,89,69,0,0,0,0,0,100,0,99,90
1466090895,1.236250,0.151463,0.186636,1.298750,3.241420,4.206818,0.995000,0.136496,0.135320,1.220000,0.259441,0.315980,1400,1400,1400,1400,2000,2000,2000,2000,600,81,80,84,89,69,0,0,0,0,0,100,0,100,90
1466090896,1.236250,0.156770,0.192816,1.298750,3.334854,4.327532,0.995000,0.136800,0.135320,1.217500,0.290199,0.352930,1400,1400,1400,1400,2000,2000,2000,2000,600,81,81,84,90,69,0,0,0,0,0,100,0,99,90
1466090897,1.236250,0.153964,0.189108,1.298750,3.234022,4.197732,0.995000,0.136952,0.135320,1.220000,0.258986,0.314760,1400,1400,1400,1400,2000,2000,2000,2000,600,80,79,84,88,69,0,0,0,0,0,100,0,100,90
1466090898,1.235000,0.156465,0.192660,1.298750,3.339238,4.334022,0.995000,0.136800,0.135320,1.218750,0.286013,0.348348,1400,1400,1400,1400,2000,2000,2000,2000,600,81,81,84,89,69,0,0,0,0,0,100,0,99,90
1466090899,1.236250,0.155733,0.191580,1.298750,3.242790,4.208116,0.995000,0.136800,0.135320,1.220000,0.259714,0.315980,1400,1400,1400,1400,2000,2000,2000,2000,600,80,79,84,88,69,0,0,0,0,0,100,0,99,90
1466090900,1.236250,0.155245,0.191580,1.300000,3.337594,4.338100,0.995000,0.136952,0.135320,1.218750,0.288743,0.350784,1400,1400,1400,1400,2000,2000,2000,2000,600,81,80,84,89,69,0,0,0,0,0,100,0,99,90
1466090901,1.233750,0.164517,0.202212,1.298750,3.240598,4.205520,0.995000,0.136800,0.135320,1.220000,0.259259,0.315980,1400,1400,1400,1400,2000,2000,2000,2000,600,81,80,84,89,69,0,0,0,2,0,100,0,100,90
1466090902,1.236250,0.155245,0.191580,1.300000,3.344718,4.347200,0.995000,0.136952,0.135320,1.218750,0.286013,0.348348,1400,1400,1400,1400,2000,2000,2000,2000,600,81,80,84,89,69,0,0,0,0,0,99,0,99,90
1466090903,1.236250,0.153720,0.189108,1.298750,3.221418,4.180858,0.995000,0.136952,0.135320,1.220000,0.258440,0.314760,1400,1400,1400,1400,2000,2000,2000,2000,600,81,80,84,89,69,0,0,0,0,0,100,0,99,90
1466090904,1.236250,0.152500,0.187872,1.300000,3.434316,4.464200,0.995000,0.136952,0.135320,1.220000,0.207753,0.252540,1400,1400,1400,1400,2000,2000,2000,2000,600,81,80,84,89,69,0,0,0,1,0,100,0,100,90
1466090905,1.235000,0.158234,0.195130,1.298750,3.247722,4.214606,0.995000,0.136952,0.135320,1.220000,0.260442,0.317200,1400,1400,1400,1400,2000,2000,2000,2000,600,81,80,84,89,69,0,0,0,2,0,100,0,99,90
1466090906,1.236250,0.153720,0.189108,1.298750,3.334032,4.327532,0.995000,0.137256,0.136315,1.221250,0.204477,0.249084,1400,1400,1400,1400,2000,2000,2000,2000,600,81,80,84,89,69,0,0,0,0,0,100,0,99,90
1466090907,1.235000,0.154757,0.190190,1.298750,3.213472,4.170474,0.995000,0.136952,0.135320,1.220000,0.272454,0.331840,1400,1400,1400,1400,2000,2000,2000,2000,600,81,80,84,89,69,0,0,0,0,0,100,0,100,90
1466090908,1.236250,0.150243,0.185400,1.300000,3.448290,4.482400,0.995000,0.136800,0.135320,1.220000,0.196469,0.239120,1400,1400,1400,1400,2000,2000,2000,2000,600,81,80,84,89,69,0,0,0,0,0,100,0,99,90
1466090909,1.235000,0.158234,0.195130,1.300000,3.336224,4.336800,0.995000,0.136800,0.135320,1.218750,0.271999,0.330078,1400,1400,1400,1400,2000,2000,2000,2000,600,81,80,84,89,69,0,0,0,0,0,100,0,100,90
1466090910,1.236250,0.150731,0.185400,1.300000,3.469936,4.509700,0.995000,0.137408,0.136315,1.221250,0.217490,0.264957,1400,1400,1400,1400,2000,2000,2000,2000,600,81,80,84,89,69,0,0,0,0,0,100,0,99,90
1466090911,1.236250,0.155489,0.191580,1.300000,3.325538,4.322500,0.995000,0.136952,0.135320,1.220000,0.272272,0.331840,1400,1400,1400,1400,2000,2000,2000,2000,600,81,80,84,89,69,0,0,0,0,0,100,0,99,90
1466090912,1.233750,0.161467,0.198513,1.300000,3.524462,4.581200,0.995000,0.137256,0.136315,1.223750,0.194194,0.237262,1400,1400,1400,1400,2000,2000,2000,2000,600,81,80,84,89,69,1,0,0,0,0,100,0,100,90
1466090913,1.235000,0.155001,0.191425,1.298750,3.307728,4.292486,0.995000,0.137256,0.136315,1.217500,0.290745,0.352930,1400,1400,1400,1400,2000,2000,2000,2000,600,81,80,84,89,69,0,0,0,0,0,100,0,99,90
1466090914,1.236250,0.155489,0.191580,1.298750,3.234296,4.197732,0.995000,0.136952,0.135320,1.220000,0.257985,0.313540,1400,1400,1400,1400,2000,2000,2000,2000,600,80,80,84,89,69,0,0,0,0,0,100,0,100,90
1466090915,1.236250,0.155489,0.191580,1.298750,3.285808,4.263930,0.995000,0.136952,0.135320,1.220000,0.267995,0.325740,1400,1400,1400,1400,2000,2000,2000,2000,600,81,80,84,89,69,0,0,0,0,0,100,0,99,90
1466090916,1.235000,0.153720,0.188955,1.298750,3.251010,4.219798,0.995000,0.136496,0.135320,1.223750,0.189735,0.231147,1400,1400,1400,1400,2000,2000,2000,2000,600,81,80,84,89,69,0,0,0,0,0,100,0,99,90
1466090917,1.236250,0.160247,0.197760,1.300000,3.340334,4.342000,0.995000,0.137256,0.136315,1.218750,0.290199,0.353220,1400,1400,1400,1400,2000,2000,2000,2000,600,81,80,84,89,69,0,0,0,0,0,100,0,100,90
1466090918,1.236250,0.154269,0.190344,1.298750,3.246352,4.213308,0.995000,0.136800,0.135320,1.220000,0.258986,0.314760,1400,1400,1400,1400,2000,2000,2000,2000,600,81,80,84,88,69,0,0,0,0,0,100,0,99,90
1466090919,1.235000,0.155001,0.191425,1.300000,3.342800,4.344600,0.995000,0.137256,0.136315,1.217500,0.289198,0.351713,1400,1400,1400,1400,2000,2000,2000,2000,600,81,79,84,88,69,0,0,0,0,0,100,0,99,90
1466090920,1.236250,0.154269,0.190344,1.298750,3.266902,4.239268,0.995000,0.136952,0.135320,1.220000,0.260988,0.317200,1400,1400,1400,1400,2000,2000,2000,2000,600,80,79,84,88,69,0,0,0,0,0,100,0,100,90
1466090921,1.236250,0.156221,0.192816,1.298750,3.343348,4.339214,0.995000,0.137256,0.136315,1.217500,0.291018,0.354147,1400,1400,1400,1400,2000,2000,2000,2000,600,81,82,84,90,69,0,0,0,0,0,100,0,99,90
1466090922,1.235000,0.153720,0.188955,1.298750,3.247448,4.214606,0.995000,0.136952,0.135320,1.220000,0.259987,0.315980,1400,1400,1400,1400,2000,2000,2000,2000,600,81,80,84,88,69,0,0,0,0,0,100,0,100,90
1466090923,1.236250,0.156221,0.192816,1.298750,3.267176,4.240566,0.995000,0.137256,0.136315,1.218750,0.290199,0.353220,1400,1400,1400,1400,2000,2000,2000,2000,600,81,81,84,90,69,0,0,0,0,0,100,0,99,90
1466090924,1.235000,0.166469,0.205010,1.298750,3.247174,4.214606,0.995000,0.136952,0.135320,1.220000,0.260988,0.317200,1400,1400,1400,1400,2000,2000,2000,2000,600,81,79,84,88,69,0,0,0,0,0,100,0,99,90
1466090925,1.236250,0.157014,0.194052,1.298750,3.297042,4.279506,0.995000,0.137408,0.136315,1.218750,0.289471,0.352002,1400,1400,1400,1400,2000,2000,2000,2000,600,81,80,84,89,69,0,0,0,0,0,100,0,99,90
1466090926,1.236250,0.154757,0.190344,1.298750,3.243612,4.209414,0.995000,0.137256,0.136315,1.220000,0.259987,0.315980,1400,1400,1400,1400,2000,2000,2000,2000,600,81,80,84,89,69,0,0,0,0,0,100,0,100,90
1466090927,1.236250,0.157258,0.194052,1.298750,3.280602,4.257440,0.995000,0.137408,0.136315,1.218750,0.229957,0.278922,1400,1400,1400,1400,2000,2000,2000,2000,600,81,80,84,89,69,0,0,0,0,0,100,0,99,90
1466090928,1.236250,0.154513,0.190344,1.298750,3.247174,4.214606,0.993750,0.136952,0.135048,1.220000,0.257712,0.313540,1400,1400,1400,1400,2000,2000,2000,2000,600,81,80,84,89,69,0,0,0,0,0,100,0,100,90
1466090929,1.236250,0.151463,0.186636,1.300000,3.414588,4.438200,0.995000,0.136952,0.135320,1.221250,0.233506,0.284493,1400,1400,1400,1400,2000,2000,2000,2000,600,81,80,84,89,69,0,0,0,0,0,100,0,99,90
1466090930,1.236250,0.154513,0.190344,1.298750,3.245256,4.212010,0.995000,0.136952,0.135320,1.220000,0.259714,0.315980,1400,1400,1400,1400,2000,2000,2000,2000,600,81,80,84,89,69,0,0,0,0,0,100,0,99,90
1466090931,1.235000,0.150243,0.185250,1.300000,3.404450,4.425200,0.995000,0.137256,0.136315,1.218750,0.235235,0.286230,1400,1400,1400,1400,2000,2000,2000,2000,600,81,80,84,89,69,0,0,0,0,0,100,0,100,90
1466090932,1.236250,0.157990,0.194052,1.300000,3.261696,4.239300,0.995000,0.137408,0.136315,1.220000,0.265993,0.323300,1400,1400,1400,1400,2000,2000,2000,2000,600,81,80,84,89,69,0,0,0,0,0,100,0,99,90
1466090933,1.236250,0.153964,0.189108,1.300000,3.301700,4.291300,0.993750,0.137256,0.136041,1.223750,0.185003,0.226255,1400,1400,1400,1400,2000,2000,2000,2000,600,81,80,84,89,69,0,0,0,0,0,100,0,100,90
1466090934,1.236250,0.155489,0.191580,1.298750,3.266354,4.239268,0.995000,0.137256,0.136315,1.218750,0.290199,0.353220,1400,1400,1400,1400,2000,2000,2000,2000,600,81,80,84,89,69,0,0,0,0,0,100,0,99,90
1466090935,1.236250,0.152744,0.187872,1.300000,3.370200,4.381000,0.995000,0.137256,0.136315,1.218750,0.230958,0.280140,1400,1400,1400,1400,2000,2000,2000,2000,600,81,80,84,89,69,0,0,0,0,0,100,0,100,90
1466090936,1.236250,0.155001,0.191580,1.298750,3.274300,4.249652,0.995000,0.137408,0.136315,1.220000,0.264992,0.322080,1400,1400,1400,1400,2000,2000,2000,2000,600,81,80,84,89,69,0,0,0,0,0,100,0,99,90
1466090937,1.236250,0.151463,0.186636,1.298750,3.316496,4.304168,0.995000,0.137712,0.136315,1.223750,0.175994,0.214025,1400,1400,1400,1400,2000,2000,2000,2000,600,81,80,84,89,69,0,0,0,0,0,100,0,99,90
1466090938,1.235000,0.155001,0.191425,1.298750,3.339238,4.334022,0.995000,0.136952,0.135320,1.217500,0.290199,0.352930,1400,1400,1400,1400,2000,2000,2000,2000,600,81,80,84,89,69,0,0,0,0,0,100,0,100,90
1466090939,1.236250,0.154513,0.190344,1.298750,3.244982,4.210712,0.995000,0.137408,0.136315,1.220000,0.262262,0.319640,1400,1400,1400,1400,2000,2000,2000,2000,600,81,80,84,89,69,0,0,0,0,0,100,0,99,90
1466090940,1.236250,0.155489,0.191580,1.298750,3.337320,4.331426,0.995000,0.137256,0.136315,1.217500,0.290017,0.352930,1400,1400,1400,1400,2000,2000,2000,2000,600,81,80,84,89,69,0,0,0,0,0,100,0,100,90
1466090941,1.236250,0.151768,0.186636,1.298750,3.346910,4.343108,0.995000,0.137256,0.136315,1.223750,0.178269,0.217694,1400,1400,1400,1400,2000,2000,2000,2000,600,81,80,84,89,69,0,0,0,0,0,100,0,99,90
1466090942,1.236250,0.156465,0.192816,1.298750,3.341704,4.336618,0.995000,0.137408,0.136315,1.218750,0.290199,0.353220,1400,1400,1400,1400,2000,2000,2000,2000,600,81,79,84,89,69,0,0,0,0,0,100,0,99,90
1466090943,1.236250,0.155489,0.191580,1.298750,3.251558,4.219798,0.995000,0.137408,0.136315,1.220000,0.261261,0.318420,1400,1400,1400,1400,2000,2000,2000,2000,600,81,80,84,89,69,0,0,0,0,0,100,0,100,90
1466090944,1.236250,0.156221,0.192816,1.298750,3.342800,4.337916,0.995000,0.137256,0.136315,1.217500,0.289198,0.351713,1400,1400,1400,1400,2000,2000,2000,2000,600,81,79,84,88,70,0,0,0,0,0,100,0,99,90
1466090945,1.236250,0.155733,0.191580,1.298750,3.249366,4.217202,0.995000,0.137408,0.136315,1.220000,0.258986,0.314760,1400,1400,1400,1400,2000,2000,2000,2000,600,81,80,84,89,69,0,0,0,0,0,100,0,100,90
1466090946,1.235000,0.155977,0.191425,1.298750,3.342800,4.337916,0.995000,0.138016,0.137310,1.217500,0.289471,0.351713,1400,1400,1400,1400,2000,2000,2000,2000,600,81,81,84,90,69,0,0,0,0,0,100,0,99,90
1466090947,1.233750,0.167262,0.205911,1.298750,3.249640,4.217202,0.995000,0.137408,0.136315,1.220000,0.259714,0.315980,1400,1400,1400,1400,2000,2000,2000,2000,600,81,80,84,89,69,0,0,0,0,0,100,0,100,90
1466090948,1.236250,0.157746,0.194052,1.300000,3.342252,4.344600,0.995000,0.137712,0.136315,1.217500,0.289471,0.351713,1400,1400,1400,1400,2000,2000,2000,2000,600,81,81,84,90,69,0,0,0,0,0,100,0,99,90
1466090949,1.236250,0.157014,0.194052,1.298750,3.251010,4.219798,0.995000,0.137712,0.136315,1.220000,0.258713,0.314760,1400,1400,1400,1400,2000,2000,2000,2000,600,81,79,84,89,69,0,0,0,0,0,100,0,99,90
1466090950,1.236250,0.156221,0.192816,1.298750,3.337594,4.331426,0.995000,0.137408,0.136315,1.217500,0.288197,0.350496,1400,1400,1400,1400,2000,2000,2000,2000,600,81,81,84,90,69,0,0,0,0,0,100,0,99,90
1466090951,1.236250,0.155489,0.191580,1.298750,3.251284,4.219798,0.993750,0.137712,0.136041,1.220000,0.259987,0.315980,1400,1400,1400,1400,2000,2000,2000,2000,600,81,80,84,89,69,0,0,0,0,0,100,0,100,90
1466090952,1.236250,0.156221,0.192816,1.298750,3.346636,4.343108,0.993750,0.137408,0.136041,1.221250,0.251979,0.306471,1400,1400,1400,1400,2000,2000,2000,2000,600,81,81,85,90,69,0,0,0,0,0,100,0,99,90
1466090953,1.235000,0.154269,0.190190,1.298750,3.216760,4.174368,0.995000,0.137712,0.136315,1.220000,0.263718,0.320860,1400,1400,1400,1400,2000,2000,2000,2000,600,81,80,84,89,69,0,0,0,0,0,100,0,99,90
1466090954,1.236250,0.149511,0.184164,1.300000,3.391298,4.408300,0.995000,0.138472,0.137310,1.217500,0.250705,0.304250,1400,1400,1400,1400,2000,2000,2000,2000,600,81,80,84,89,69,0,0,0,0,0,100,0,100,90
1466090955,1.236250,0.154513,0.190344,1.298750,3.256216,4.226288,0.995000,0.137712,0.136315,1.220000,0.259259,0.315980,1400,1400,1400,1400,2000,2000,2000,2000,600,81,80,84,89,69,0,0,0,0,0,100,0,99,90
1466090956,1.236250,0.155489,0.191580,1.300000,3.351020,4.356300,0.995000,0.138016,0.137310,1.217500,0.249249,0.303033,1400,1400,1400,1400,2000,2000,2000,2000,600,81,80,84,89,69,0,0,0,0,0,100,0,100,90
1466090957,1.236250,0.154757,0.190344,1.298750,3.227720,4.188646,0.995000,0.137712,0.136315,1.220000,0.262262,0.319640,1400,1400,1400,1400,2000,2000,2000,2000,600,81,80,84,89,69,0,0,0,0,0,100,0,99,90
1466090958,1.236250,0.151219,0.186636,1.300000,3.453222,4.488900,0.995000,0.137408,0.136315,1.223750,0.164255,0.200572,1400,1400,1400,1400,2000,2000,2000,2000,600,81,80,84,89,69,0,0,0,0,0,100,0,100,90
1466090959,1.236250,0.157990,0.194052,1.298750,3.333758,4.326234,0.995000,0.137712,0.136315,1.217500,0.288743,0.350496,1400,1400,1400,1400,2000,2000,2000,2000,600,81,80,84,89,70,0,0,0,0,0,100,0,99,90
1466090960,1.236250,0.150975,0.185400,1.300000,3.478978,4.521400,0.995000,0.138168,0.137310,1.225000,0.161525,0.197225,1400,1400,1400,1400,2000,2000,2000,2000,600,81,80,84,89,69,0,0,0,0,0,99,0,99,90
1466090961,1.236250,0.156221,0.192816,1.298750,3.329100,4.321042,0.995000,0.137712,0.136315,1.220000,0.259259,0.315980,1400,1400,1400,1400,2000,2000,2000,2000,600,81,80,84,89,69,0,0,0,0,0,100,0,100,90
1466090962,1.236250,0.153720,0.189108,1.300000,3.476238,4.518800,0.995000,0.137712,0.136315,1.225000,0.161525,0.197225,1400,1400,1400,1400,2000,2000,2000,2000,600,81,80,84,89,69,0,0,0,0,0,100,0,99,90
1466090963,1.236250,0.157258,0.194052,1.298750,3.304714,4.288592,0.995000,0.138168,0.137310,1.217500,0.291200,0.354147,1400,1400,1400,1400,2000,2000,2000,2000,600,81,80,84,89,70,0,0,0,0,0,100,0,100,90
1466090964,1.236250,0.154513,0.190344,1.298750,3.238406,4.202924,0.995000,0.137712,0.136315,1.220000,0.259259,0.315980,1400,1400,1400,1400,2000,2000,2000,2000,600,81,80,84,89,70,0,0,0,0,0,100,0,99,90
1466090965,1.235000,0.155245,0.191425,1.298750,3.318414,4.306764,0.995000,0.137712,0.136315,1.217500,0.289471,0.351713,1400,1400,1400,1400,2000,2000,2000,2000,600,81,80,85,89,70,0,0,0,1,0,100,0,100,90
1466090966,1.236250,0.153720,0.189108,1.298750,3.254298,4.223692,0.995000,0.138168,0.137310,1.220000,0.259987,0.315980,1400,1400,1400,1400,2000,2000,2000,2000,600,81,80,84,89,70,0,0,0,0,0,100,0,99,90
1466090967,1.236250,0.156465,0.192816,1.298750,3.341156,4.336618,0.995000,0.138016,0.137310,1.217500,0.290745,0.352930,1400,1400,1400,1400,2000,2000,2000,2000,600,81,79,84,89,70,0,0,0,0,0,100,0,99,90
1466090968,1.235000,0.155245,0.191425,1.298750,3.253202,4.222394,0.995000,0.137712,0.136315,1.220000,0.256984,0.312320,1400,1400,1400,1400,2000,2000,2000,2000,600,81,80,84,89,69,0,0,0,0,0,100,0,100,90
1466090969,1.235000,0.157258,0.193895,1.298750,3.344444,4.340512,0.995000,0.137712,0.136315,1.217500,0.289198,0.351713,1400,1400,1400,1400,2000,2000,2000,2000,600,81,80,84,89,70,0,0,0,0,0,100,0,99,90
1466090970,1.236250,0.155977,0.191580,1.298750,3.265806,4.237970,0.995000,0.137712,0.136315,1.221250,0.258986,0.315018,1400,1400,1400,1400,2000,2000,2000,2000,600,81,80,84,89,69,0,0,0,0,0,100,0,100,90
1466090971,1.232500,0.177754,0.218064,1.298750,3.396504,4.408008,0.995000,0.138016,0.137310,1.217500,0.290745,0.352930,1400,1400,1400,1400,2000,2000,2000,2000,600,81,82,86,91,70,0,0,0,2,0,100,1,99,90
1466090972,1.236250,0.155245,0.191580,1.298750,3.257860,4.227586,0.993750,0.138016,0.137034,1.220000,0.260442,0.317200,1400,1400,1400,1400,2000,2000,2000,2000,600,81,80,84,89,69,0,0,0,0,0,100,0,99,90
1466090973,1.236250,0.157014,0.194052,1.298750,3.288822,4.267824,0.995000,0.138168,0.137310,1.217500,0.266721,0.323722,1400,1400,1400,1400,2000,2000,2000,2000,600,81,81,85,90,70,0,0,0,0,0,100,0,99,90
1466090974,1.236250,0.157502,0.194052,1.298750,3.258134,4.228884,0.995000,0.138016,0.137310,1.220000,0.260260,0.317200,1400,1400,1400,1400,2000,2000,2000,2000,600,81,80,85,89,70,0,0,0,0,0,100,2,100,90
1466090975,1.236250,0.157258,0.194052,1.298750,3.293480,4.274314,0.995000,0.138016,0.137310,1.217500,0.289198,0.351713,1400,1400,1400,1400,2000,2000,2000,2000,600,81,81,85,90,70,0,0,0,0,0,100,0,99,90
1466090976,1.236250,0.157746,0.194052,1.298750,3.251558,4.219798,0.995000,0.138168,0.137310,1.220000,0.260442,0.317200,1400,1400,1400,1400,2000,2000,2000,2000,600,81,80,84,89,70,0,0,0,0,0,100,0,99,90
1466090977,1.236250,0.155001,0.191580,1.300000,3.326908,4.323800,0.995000,0.138016,0.137310,1.217500,0.277459,0.337109,1400,1400,1400,1400,2000,2000,2000,2000,600,81,81,85,90,70,0,0,0,0,0,100,0,100,90
1466090978,1.236250,0.156465,0.192816,1.298750,3.254572,4.223692,0.995000,0.137712,0.136315,1.220000,0.258713,0.314760,1400,1400,1400,1400,2000,2000,2000,2000,600,81,80,84,89,70,0,1,1,0,0,100,1,99,90
1466090979,1.236250,0.155001,0.191580,1.300000,3.398696,4.417400,0.995000,0.138168,0.137310,1.222500,0.150696,0.183300,1400,1400,1400,1400,2000,2000,2000,2000,600,81,80,84,89,69,0,0,0,0,0,100,0,100,90
1466090980,1.236250,0.154513,0.190344,1.298750,3.255394,4.224990,0.995000,0.137712,0.136315,1.221250,0.256438,0.312576,1400,1400,1400,1400,2000,2000,2000,2000,600,81,80,84,89,70,0,0,0,0,0,100,0,99,90
1466090981,1.236250,0.154513,0.190344,1.300000,3.384174,4.399200,0.995000,0.138168,0.137310,1.217500,0.273455,0.332241,1400,1400,1400,1400,2000,2000,2000,2000,600,81,80,84,89,69,0,0,0,0,0,100,0,99,90
1466090982,1.236250,0.156465,0.192816,1.298750,3.259778,4.230182,0.995000,0.138016,0.137310,1.220000,0.257257,0.313540,1400,1400,1400,1400,2000,2000,2000,2000,600,81,80,84,89,70,0,0,0,0,0,100,0,100,90
1466090983,1.235000,0.150731,0.185250,1.300000,3.314030,4.308200,0.995000,0.138016,0.137310,1.223750,0.152698,0.185896,1400,1400,1400,1400,2000,2000,2000,2000,600,81,80,84,89,69,0,0,0,0,0,100,0,99,90
1466090984,1.235000,0.155977,0.191425,1.298750,3.325538,4.315850,0.995000,0.138168,0.137310,1.218750,0.290745,0.353220,1400,1400,1400,1400,2000,2000,2000,2000,600,81,80,84,89,70,0,0,0,0,0,100,0,100,90
1466090985,1.236250,0.151219,0.186636,1.300000,3.371570,4.382300,0.995000,0.138016,0.137310,1.222500,0.152971,0.185744,1400,1400,1400,1400,2000,2000,2000,2000,600,81,80,84,89,69,0,0,0,0,0,100,0,99,90
1466090986,1.236250,0.154513,0.190344,1.298750,3.267998,4.240566,0.995000,0.138016,0.137310,1.217500,0.290017,0.352930,1400,1400,1400,1400,2000,2000,2000,2000,600,81,80,84,89,70,0,0,0,0,0,100,0,99,90
1466090987,1.236250,0.150243,0.185400,1.298750,3.324168,4.314552,0.995000,0.138016,0.137310,1.222500,0.153244,0.186966,1400,1400,1400,1400,2000,2000,2000,2000,600,81,80,84,89,70,0,0,0,0,0,100,0,100,90
1466090988,1.236250,0.157258,0.194052,1.300000,3.343074,4.345900,0.995000,0.138016,0.137310,1.217500,0.285740,0.346845,1400,1400,1400,1400,2000,2000,2000,2000,600,81,80,84,89,70,0,0,0,0,0,100,0,99,90
1466090989,1.236250,0.155977,0.191580,1.298750,3.257860,4.227586,0.995000,0.138016,0.137310,1.221250,0.255255,0.311355,1400,1400,1400,1400,2000,2000,2000,2000,600,81,80,84,89,69,0,0,0,0,0,100,0,100,90
1466090990,1.235000,0.158966,0.195130,1.298750,3.341156,4.336618,0.995000,0.138016,0.137310,1.218750,0.285194,0.347130,1400,1400,1400,1400,2000,2000,2000,2000,600,81,80,84,89,70,0,0,0,1,0,100,0,99,90
1466090991,1.236250,0.155977,0.191580,1.300000,3.362528,4.370600,0.995000,0.138016,0.137310,1.222500,0.241969,0.294502,1400,1400,1400,1400,2000,2000,2000,2000,600,81,80,84,89,70,0,0,0,0,0,100,0,99,90
1466090992,1.236250,0.157014,0.194052,1.298750,3.343896,4.339214,0.995000,0.138016,0.137310,1.217500,0.290017,0.352930,1400,1400,1400,1400,2000,2000,2000,2000,600,81,80,85,89,70,0,0,0,0,0,100,0,99,90
1466090993,1.235000,0.155245,0.191425,1.298750,3.261696,4.232778,0.995000,0.138016,0.137310,1.222500,0.258440,0.315276,1400,1400,1400,1400,2000,2000,2000,2000,600,81,80,84,89,70,0,0,0,0,0,100,0,100,90
1466090994,1.236250,0.157258,0.194052,1.300000,3.386914,4.401800,0.995000,0.138168,0.137310,1.218750,0.290745,0.353220,1400,1400,1400,1400,2000,2000,2000,2000,600,81,79,84,89,70,0,0,0,1,0,100,0,99,90
1466090995,1.236250,0.154513,0.190344,1.298750,3.261148,4.232778,0.995000,0.138016,0.137310,1.222500,0.241969,0.294502,1400,1400,1400,1400,2000,2000,2000,2000,600,81,80,84,89,70,0,0,0,1,0,100,0,100,90
1466090996,1.236250,0.156221,0.192816,1.300000,3.350472,4.355000,0.995000,0.138168,0.137310,1.217500,0.290745,0.352930,1400,1400,1400,1400,2000,2000,2000,2000,600,81,82,84,90,70,0,0,0,0,0,100,0,99,90
1466090997,1.236250,0.155977,0.191580,1.298750,3.255668,4.224990,0.995000,0.138168,0.137310,1.220000,0.261716,0.318420,1400,1400,1400,1400,2000,2000,2000,2000,600,81,80,84,89,70,0,0,0,0,0,100,0,100,90
1466090998,1.236250,0.158234,0.195288,1.298750,3.354582,4.353492,0.995000,0.138472,0.137310,1.218750,0.290017,0.353220,1400,1400,1400,1400,2000,2000,2000,2000,600,81,81,84,90,70,0,0,0,0,0,100,0,99,90
1466090999,1.236250,0.155245,0.19158