Timestamp,A7_Volt,A7_Amp,A7_Watt,A15_Volt,A15_Amp,A15_Watt,GPU_Volt,GPU_Amp,GPU_Watt,Mem_Volt,Mem_Amp,Mem_Watt,CPU0_Freq,CPU1_Freq,CPU2_Freq,CPU3_Freq,CPU4_Freq,CPU5_Freq,CPU6_Freq,CPU7_Freq,GPU_Freq,CPU4_Temp,CPU5_Temp,CPU6_Temp,CPU7_Temp,GPU_Temp,CPU0_USG,CPU1_USG,CPU2_USG,CPU3_USG,CPU4_USG,CPU5_USG,CPU6_USG,CPU7_USG,Fan_Speed_%
1466091437,1.237500,0.117486,0.144729,1.285000,0.891596,1.144935,0.993750,0.111720,0.110223,1.216250,0.015470,0.018240,1400,1400,1400,1400,2000,2000,2000,2000,600,64,59,65,63,58,6,6,6,6,27,30,18,22,50
1466091438,1.237500,0.118523,0.145966,1.286250,0.888582,1.141968,0.993750,0.111264,0.110223,1.216250,0.015470,0.018240,1400,1400,1400,1400,2000,2000,2000,2000,600,63,59,65,62,57,0,0,0,0,0,0,0,0,0
1466091439,1.237500,0.115717,0.142255,1.285000,0.885020,1.137225,0.993750,0.110048,0.109230,1.216250,0.015288,0.018240,1400,1400,1400,1400,2000,2000,2000,2000,600,63,59,64,62,57,0,0,0,0,0,0,0,0,0
1466091440,1.237500,0.114985,0.141018,1.285000,0.882554,1.133370,0.993750,0.109744,0.108237,1.216250,0.015470,0.018240,1400,1400,1400,1400,2000,2000,2000,2000,600,63,59,64,62,57,0,0,0,0,0,0,0,0,0
1466091441,1.237500,0.114741,0.141018,1.285000,0.879540,1.129515,0.993750,0.109288,0.108237,1.216250,0.015288,0.018240,1400,1400,1400,1400,2000,2000,2000,2000,600,63,58,64,61,57,0,0,0,0,0,0,0,0,0
1466091442,1.237500,0.116266,0.143492,1.285000,0.876526,1.125660,0.993750,0.108528,0.107244,1.216250,0.015288,0.018240,1400,1400,1400,1400,2000,2000,2000,2000,600,62,58,64,61,56,0,0,0,0,0,0,0,0,0
1466091443,1.237500,0.115473,0.142255,1.285000,0.874334,1.123090,0.993750,0.108528,0.107244,1.216250,0.015288,0.018240,1400,1400,1400,1400,2000,2000,2000,2000,600,62,58,63,61,56,0,0,0,0,0,0,0,0,0
1466091444,1.237500,0.114009,0.141018,1.285000,0.874060,1.123090,0.993750,0.107768,0.106251,1.216250,0.015288,0.018240,1400,1400,1400,1400,2000,2000,2000,2000,600,62,58,63,61,56,0,0,0,0,0,0,0,0,0
1466091445,1.237500,0.115229,0.142255,1.285000,0.872690,1.120520,0.993750,0.107920,0.106251,1.216250,0.015743,0.018240,1400,1400,1400,1400,2000,2000,2000,2000,600,62,58,63,61,56,0,0,0,0,0,0,0,0,0
1466091446,1.237500,0.114253,0.141018,1.285000,0.871868,1.119235,0.993750,0.107768,0.106251,1.216250,0.015288,0.018240,1400,1400,1400,1400,2000,2000,2000,2000,600,64,59,65,63,56,0,0,0,0,0,0,0,0,0
1466091447,1.226250,0.258762,0.316308,1.306250,4.413318,5.763378,0.995000,0.114456,0.113430,1.220000,0.249704,0.303780,1400,1400,1400,1400,2000,2000,2000,2000,600,79,72,82,82,64,53,44,42,42,85,81,80,80,0
1466091448,1.216250,0.463722,0.563008,1.302500,3.958752,5.153316,0.993750,0.124792,0.123132,1.218750,0.320502,0.389760,1400,1400,1400,1400,2000,2000,2000,2000,600,83,75,86,86,67,90,91,91,93,100,100,99,100,90
1466091449,1.223750,0.308721,0.376684,1.307500,4.919944,6.429133,0.993750,0.134216,0.133062,1.218750,0.262717,0.319116,1400,1400,1400,1400,2000,2000,2000,2000,600,88,80,91,92,70,58,49,56,50,97,98,96,94,90
1466091450,1.221250,0.397476,0.484737,1.303750,4.293306,5.593779,0.993750,0.139536,0.138027,1.218750,0.304486,0.370272,1400,1400,1400,1400,2000,2000,2000,2000,600,89,81,93,93,72,90,91,93,92,100,100,100,100,90
1466091451,1.216250,0.509472,0.618944,1.303750,4.203160,5.476509,0.993750,0.143032,0.141999,1.217500,0.313950,0.380921,1400,1400,1400,1400,2000,2000,2000,2000,600,91,83,94,95,74,74,72,78,73,96,100,96,100,90
1466091452,1.221250,0.412970,0.503052,1.232500,4.127262,5.084464,0.995000,0.147440,0.146265,1.217500,0.322504,0.391874,1400,1400,1400,1400,2000,2000,2000,2000,600,90,84,94,95,74,79,69,68,68,98,99,99,99,90
1466091453,1.216250,0.504470,0.612864,1.305000,4.213572,5.497965,0.993750,0.150176,0.148950,1.220000,0.300755,0.366000,1400,1400,1400,1400,900,900,900,900,600,92,84,95,96,75,89,92,93,90,100,100,100,100,90
1466091454,1.220000,0.338489,0.412360,1.216250,3.949984,4.801984,0.993750,0.151544,0.149943,1.218750,0.283010,0.344694,1400,1400,1400,1400,2000,2000,2000,2000,600,90,82,93,93,75,76,76,79,73,99,97,97,98,90
1466091455,1.217500,0.424743,0.516008,1.246250,3.792434,4.724832,0.993750,0.152000,0.150936,1.217500,0.305214,0.371185,1400,1400,1400,1400,2000,2000,2000,2000,600,92,84,95,95,75,86,89,87,98,100,99,100,100,90
1466091456,1.216250,0.505751,0.614080,1.247500,3.869702,4.824643,0.995000,0.152760,0.151240,1.217500,0.319228,0.388223,1400,1400,1400,1400,2000,2000,2000,2000,600,91,83,94,94,75,76,74,69,71,95,97,97,100,90
1466091457,1.220000,0.413702,0.503860,1.256250,3.935462,4.942360,0.993750,0.154280,0.152922,1.217500,0.322959,0.391874,1400,1400,1400,1400,2000,2000,2000,2000,600,90,82,93,93,75,73,73,71,74,100,98,98,96,90
1466091458,1.221250,0.403210,0.492063,1.260000,3.873812,4.879980,0.993750,0.154280,0.152922,1.217500,0.310219,0.377270,1400,1400,1400,1400,2000,2000,2000,2000,600,92,83,94,95,76,85,92,92,93,100,100,100,100,90
1466091459,1.216250,0.463966,0.563008,1.303750,4.153566,5.411359,0.993750,0.154432,0.152922,1.217500,0.248976,0.301816,1400,1400,1400,1400,2000,2000,2000,2000,600,91,83,93,93,75,70,73,77,85,99,97,99,98,90
1466091460,1.216250,0.494954,0.600704,1.196250,3.378420,4.040088,0.993750,0.155192,0.153915,1.218750,0.296023,0.360528,1400,1400,1400,1400,2000,2000,2000,2000,600,92,83,94,94,76,88,91,94,93,100,100,100,99,90
1466091461,1.217500,0.424255,0.516008,1.255000,3.843946,4.822965,0.993750,0.155040,0.153915,1.217500,0.313768,0.380921,1400,1400,1400,1400,2000,2000,2000,2000,600,92,84,95,95,76,74,72,78,69,98,99,98,99,90
1466091462,1.216250,0.495747,0.601920,1.251250,3.828328,4.788828,0.993750,0.155496,0.153915,1.218750,0.316771,0.384888,1400,1400,1400,1400,900,900,900,900,600,90,83,94,94,75,66,70,74,72,97,97,98,99,90
1466091463,1.218750,0.469212,0.571242,1.233750,3.816820,4.705128,0.995000,0.155952,0.154225,1.218750,0.265993,0.322770,1400,1400,1400,1400,900,900,900,900,600,91,84,94,95,76,88,88,89,90,99,100,100,100,90
1466091464,1.222500,0.335744,0.409370,1.192500,3.804216,4.534368,0.993750,0.155192,0.153915,1.218750,0.284193,0.345912,1400,1400,1400,1400,2000,2000,2000,2000,600,91,83,93,93,76,66,73,79,74,98,98,95,100,90
1466091465,1.216250,0.502213,0.610432,1.240000,3.791338,4.700840,0.993750,0.155952,0.153915,1.218750,0.330512,0.401940,1400,1400,1400,1400,2000,2000,2000,2000,600,92,84,95,95,76,89,92,93,93,100,100,100,100,90
1466091466,1.216250,0.506239,0.615296,1.255000,3.726948,4.676130,0.993750,0.156408,0.154908,1.217500,0.277277,0.337109,1400,1400,1400,1400,2000,2000,2000,2000,600,92,84,95,95,76,76,79,79,78,98,98,100,99,90
1466091467,1.217500,0.448472,0.545216,1.231250,3.574056,4.399594,0.993750,0.157016,0.155901,1.218750,0.326508,0.397068,1400,1400,1400,1400,2000,2000,2000,2000,600,92,84,95,94,76,69,78,75,74,98,97,100,98,90
1466091468,1.216250,0.498980,0.605568,1.232500,3.815998,4.700080,0.993750,0.156256,0.154908,1.217500,0.309946,0.376053,1400,1400,1400,1400,2000,2000,2000,2000,600,90,82,93,93,76,82,89,88,85,99,100,99,99,90
1466091469,1.222500,0.343735,0.419146,1.165000,3.805312,4.432825,0.993750,0.156712,0.154908,1.217500,0.265720,0.322505,1400,1400,1400,1400,2000,2000,2000,2000,600,92,84,95,96,76,72,77,74,81,98,98,98,97,90
1466091470,1.216250,0.491233,0.597056,1.240000,3.763390,4.666120,0.993750,0.156712,0.154908,1.217500,0.320229,0.389440,1400,1400,1400,1400,2000,2000,2000,2000,600,91,83,94,94,76,90,91,94,99,100,99,100,100,90
1466091471,1.221250,0.328485,0.400488,1.255000,3.849152,4.830495,0.993750,0.155800,0.153915,1.218750,0.280007,0.341040,1400,1400,1400,1400,2000,2000,2000,2000,600,89,82,92,92,76,69,71,72,83,97,98,99,96,90
1466091472,1.216250,0.493734,0.599488,1.237500,3.789694,4.686993,0.995000,0.157016,0.156215,1.218750,0.320229,0.389760,1400,1400,1400,1400,900,900,900,900,600,90,83,94,93,76,79,79,83,85,100,100,100,100,90
1466091473,1.216250,0.508252,0.617728,1.200000,3.401436,4.081200,0.993750,0.157168,0.155901,1.217500,0.332696,0.404044,1400,1400,1400,1400,900,900,900,900,600,91,83,94,94,76,74,79,74,76,97,99,99,97,90
1466091474,1.223750,0.320738,0.391360,1.177500,3.405272,4.007685,0.995000,0.157168,0.156215,1.217500,0.293202,0.356581,1400,1400,1400,1400,2000,2000,2000,2000,600,92,84,95,95,76,74,73,76,79,99,98,98,98,90
1466091475,1.216250,0.494222,0.600704,1.171250,3.448290,4.037608,0.995000,0.157168,0.156215,1.217500,0.326235,0.396742,1400,1400,1400,1400,2000,2000,2000,2000,600,91,83,94,94,76,88,93,92,100,100,100,100,99,90
1466091476,1.222500,0.329705,0.402038,1.122500,3.485006,3.910170,0.993750,0.157168,0.155901,1.218750,0.283010,0.344694,1400,1400,1400,1400,2000,2000,2000,2000,600,91,83,93,93,76,73,78,75,83,100,98,99,100,90
1466091477,1.216250,0.495747,0.601920,1.192500,3.220322,3.838240,0.993750,0.157168,0.155901,1.218750,0.329693,0.400722,1400,1400,1400,1400,900,900,900,900,600,90,83,93,93,76,76,83,83,86,99,99,99,99,90
1466091478,1.216250,0.499224,0.606784,1.246250,3.658722,4.557868,0.993750,0.157168,0.155901,1.220000,0.316498,0.385520,1400,1400,1400,1400,2000,2000,2000,2000,600,92,84,95,95,76,71,78,76,83,98,97,100,99,90
1466091479,1.220000,0.377712,0.459940,1.143750,3.601730,4.115943,0.993750,0.157168,0.155901,1.218750,0.317954,0.386106,1400,1400,1400,1400,2000,2000,2000,2000,600,92,84,95,94,76,68,77,71,73,97,99,98,99,90
1466091480,1.220000,0.404247,0.492880,1.237500,3.727222,4.610299,0.995000,0.157168,0.156215,1.218750,0.279188,0.339822,1400,1400,1400,1400,900,900,900,900,600,92,84,95,95,76,88,93,92,90,100,100,99,100,90
1466091481,1.223750,0.301462,0.368123,1.180000,3.588852,4.233840,0.995000,0.157472,0.156215,1.217500,0.286195,0.348062,1400,1400,1400,1400,2000,2000,2000,2000,600,92,84,94,94,76,73,74,73,76,97,100,98,99,90
1466091482,1.216250,0.502945,0.610432,1.231250,3.725304,4.585475,0.995000,0.157168,0.156215,1.218750,0.326690,0.397068,1400,1400,1400,1400,2000,2000,2000,2000,600,91,83,93,93,76,88,92,92,90,100,100,100,100,90
1466091483,1.217500,0.417484,0.507489,1.235000,3.772980,4.658420,0.993750,0.157168,0.155901,1.218750,0.319774,0.388542,1400,1400,1400,1400,2000,2000,2000,2000,600,92,84,95,95,76,74,73,79,77,98,99,98,98,90
1466091484,1.216250,0.499224,0.606784,1.188750,3.421438,4.064148,0.993750,0.157776,0.155901,1.217500,0.321230,0.390657,1400,1400,1400,1400,2000,2000,2000,2000,600,92,84,95,94,76,75,69,76,73,99,98,99,100,90
1466091485,1.217500,0.479948,0.582943,1.238750,3.802846,4.706876,0.995000,0.157776,0.156215,1.217500,0.313950,0.380921,1400,1400,1400,1400,2000,2000,2000,2000,600,91,83,94,93,76,83,84,88,90,99,100,99,99,90
1466091486,1.222500,0.341234,0.416702,1.238750,3.862030,4.781156,0.993750,0.157472,0.155901,1.220000,0.243516,0.296460,1400,1400,1400,1400,2000,2000,2000,2000,600,89,82,92,92,76,73,75,73,76,98,99,100,99,90
1466091487,1.217500,0.420229,0.511140,1.235000,3.763390,4.647305,0.993750,0.157472,0.155901,1.217500,0.281463,0.341977,1400,1400,1400,1400,900,900,900,900,600,90,83,93,94,76,98,91,89,93,99,100,100,100,90
1466091488,1.216250,0.473238,0.575168,1.230000,3.757362,4.621110,0.993750,0.157472,0.155901,1.218750,0.290017,0.353220,1400,1400,1400,1400,2000,2000,2000,2000,600,92,84,94,94,76,76,77,73,66,96,98,98,99,90
1466091489,1.216250,0.499712,0.606784,1.250000,3.682286,4.602500,0.993750,0.157776,0.155901,1.217500,0.331513,0.402827,1400,1400,1400,1400,2000,2000,2000,2000,600,91,83,93,92,76,81,82,80,85,100,100,99,100,90
1466091490,1.220000,0.441457,0.538020,1.241250,3.679546,4.565639,0.993750,0.157472,0.155901,1.218750,0.294749,0.358092,1400,1400,1400,1400,2000,2000,2000,2000,600,92,84,95,95,76,75,73,74,77,97,98,100,98,90
1466091491,1.222500,0.343003,0.419146,1.207500,3.664750,4.422448,0.993750,0.157928,0.155901,1.220000,0.272727,0.331840,1400,1400,1400,1400,2000,2000,2000,2000,600,91,84,95,94,76,71,72,72,69,99,98,99,99,90
1466091492,1.216250,0.507459,0.616512,1.185000,3.311838,3.923535,0.993750,0.157472,0.155901,1.217500,0.318227,0.387006,1400,1400,1400,1400,900,900,900,900,600,91,84,94,94,76,89,89,90,93,99,100,100,100,90
1466091493,1.222500,0.317993,0.387374,1.137500,3.476512,3.952212,0.993750,0.157472,0.155901,1.217500,0.280007,0.340760,1400,1400,1400,1400,2000,2000,2000,2000,600,92,84,95,95,76,73,75,75,72,97,99,100,99,90
1466091494,1.216250,0.501969,0.609216,1.220000,3.609676,4.402980,0.993750,0.157928,0.155901,1.218750,0.320684,0.389760,1400,1400,1400,1400,2000,2000,2000,2000,600,91,83,94,93,76,90,92,95,92,100,100,100,100,90
1466091495,1.216250,0.506971,0.615296,1.236250,3.791064,4.685676,0.995000,0.157472,0.156215,1.217500,0.315770,0.383355,1400,1400,1400,1400,2000,2000,2000,2000,600,93,84,95,95,76,69,77,74,78,100,99,99,97,90
1466091496,1.217500,0.399001,0.485583,1.245000,3.728592,4.641360,0.993750,0.158232,0.156894,1.218750,0.327691,0.398286,1400,1400,1400,1400,900,900,900,2000,600,90,83,93,92,76,73,75,75,78,99,98,98,98,90
1466091497,1.216250,0.513498,0.623808,1.241250,3.696534,4.586736,0.993750,0.157168,0.155901,1.218750,0.320229,0.389760,1400,1400,1400,1400,2000,2000,2000,2000,600,91,83,94,93,76,85,81,84,87,99,99,99,100,90
1466091498,1.218750,0.412238,0.501816,1.175000,3.670778,4.312250,0.995000,0.158688,0.157210,1.218750,0.331513,0.403158,1400,1400,1400,1400,2000,2000,2000,2000,600,90,82,93,92,76,71,73,77,81,100,99,99,98,90
1466091499,1.217500,0.415959,0.505055,1.256250,3.701192,4.648456,0.993750,0.158232,0.156894,1.218750,0.304486,0.370272,1400,1400,1400,1400,2000,2000,2000,2000,600,93,84,95,95,77,87,91,92,100,100,99,100,100,90
1466091500,1.216250,0.467504,0.567872,1.241250,3.695438,4.585495,0.993750,0.157928,0.155901,1.217500,0.318955,0.387006,1400,1400,1400,1400,2000,2000,2000,2000,600,92,84,95,95,76,68,70,71,76,96,99,98,100,90
1466091501,1.216250,0.488244,0.593408,1.246250,3.786406,4.717356,0.993750,0.158536,0.156894,1.218750,0.323960,0.393414,1400,1400,1400,1400,2000,2000,2000,2000,600,92,84,95,94,76,78,80,84,85,100,99,99,99,90
1466091502,1.216250,0.494954,0.600704,1.242500,3.755170,4.663710,0.993750,0.157928,0.155901,1.218750,0.314223,0.382452,1400,1400,1400,1400,900,900,900,900,600,91,84,94,95,76,77,76,78,77,100,99,100,98,90
1466091503,1.217500,0.418948,0.508706,1.253750,3.680094,4.611040,0.993750,0.157776,0.155901,1.217500,0.315497,0.383355,1400,1400,1400,1400,2000,2000,2000,2000,600,92,84,95,95,76,75,73,70,73,98,97,100,98,90
1466091504,1.220000,0.416508,0.507520,1.203750,3.309646,3.980727,0.993750,0.157928,0.155901,1.218750,0.312221,0.380016,1400,1400,1400,1400,900,900,900,900,600,93,84,95,96,77,90,93,93,92,100,100,99,100,90
1466091505,1.216250,0.486719,0.590976,1.200000,3.598990,4.317600,0.993750,0.158232,0.156894,1.218750,0.250978,0.304500,1400,1400,1400,1400,900,900,900,900,600,92,84,95,95,76,75,73,71,77,98,99,99,98,90
1466091506,1.216250,0.502213,0.610432,1.233750,3.751608,4.624983,0.993750,0.157928,0.155901,1.218750,0.320957,0.389760,1400,1400,1400,1400,2000,2000,2000,2000,600,93,84,95,95,77,89,89,88,91,99,100,100,99,90
1466091507,1.216250,0.499468,0.606784,1.232500,3.778460,4.654496,0.993750,0.157928,0.155901,1.220000,0.310765,0.378200,1400,1400,1400,1400,2000,2000,2000,2000,600,92,84,94,94,76,69,78,80,80,98,97,96,99,90
1466091508,1.216250,0.498736,0.605568,1.178750,3.479252,4.098262,0.993750,0.158232,0.156894,1.218750,0.320229,0.389760,1400,1400,1400,1400,2000,2000,2000,2000,600,90,83,94,93,76,70,69,75,64,97,98,99,98,90
1466091509,1.217500,0.478484,0.581726,1.236250,3.687218,4.557132,0.993750,0.158536,0.156894,1.218750,0.267995,0.325206,1400,1400,1400,1400,2000,2000,2000,2000,600,92,84,95,95,76,85,93,93,88,99,100,100,100,90
1466091510,1.222500,0.347212,0.424034,1.152500,3.328826,3.833856,0.993750,0.157928,0.155901,1.217500,0.280189,0.340760,1400,1400,1400,1400,2000,2000,2000,2000,600,92,84,95,95,76,67,72,78,79,100,96,100,98,90
1466091511,1.216250,0.496235,0.603136,1.233750,3.633514,4.479489,0.993750,0.158232,0.156894,1.217500,0.313950,0.380921,1400,1400,1400,1400,900,900,900,900,600,91,84,94,95,77,88,92,94,93,100,100,100,100,90
1466091512,1.216250,0.504470,0.612864,1.236250,3.846960,4.753656,0.993750,0.157472,0.155901,1.217500,0.317954,0.385789,1400,1400,1400,1400,2000,2000,2000,2000,600,93,84,95,95,76,73,78,74,76,97,98,97,99,90
1466091513,1.216250,0.498736,0.605568,1.221250,3.679820,4.492059,0.993750,0.157928,0.155901,1.218750,0.323232,0.393414,1400,1400,1400,1400,900,900,900,900,600,91,84,94,94,76,77,81,75,78,100,100,100,100,90
1466091514,1.216250,0.503250,0.611648,1.236250,3.706124,4.580616,0.993750,0.157928,0.155901,1.217500,0.319228,0.388223,1400,1400,1400,1400,2000,2000,2000,2000,600,90,82,93,93,76,82,77,81,79,99,99,100,98,90
1466091515,1.218750,0.403454,0.490854,1.130000,3.290466,3.717700,0.993750,0.157928,0.155901,1.218750,0.291018,0.354438,1400,1400,1400,1400,900,900,900,900,600,93,84,95,96,76,76,79,77,69,100,99,99,99,90
1466091516,1.218750,0.438712,0.533484,1.200000,3.207992,3.848400,0.993750,0.158232,0.156894,1.217500,0.330239,0.401610,1400,1400,1400,1400,2000,2000,2000,2000,600,93,84,95,95,77,88,92,93,92,99,100,100,100,90
1466091517,1.215000,0.507459,0.616005,1.225000,3.892444,4.767700,0.993750,0.158536,0.156894,1.221250,0.272727,0.332112,1400,1400,1400,1400,2000,2000,2000,2000,600,92,84,94,94,76,76,75,74,70,100,98,99,98,90
1466091518,1.216250,0.500444,0.608000,1.210000,3.571590,4.320910,0.993750,0.158536,0.156894,1.218750,0.322231,0.392196,1400,1400,1400,1400,2000,2000,2000,2000,600,92,84,95,95,76,77,81,79,82,100,100,100,99,90
1466091519,1.216250,0.502457,0.610432,1.233750,3.805860,4.691565,0.993750,0.157776,0.155901,1.218750,0.322231,0.392196,1400,1400,1400,1400,2000,2000,2000,2000,600,91,84,94,94,76,73,73,78,79,99,97,99,99,90
1466091520,1.222500,0.314455,0.383708,1.175000,3.492678,4.103100,0.993750,0.158536,0.156894,1.218750,0.340522,0.414120,1400,1400,1400,1400,2000,2000,2000,2000,600,92,84,95,94,76,76,76,75,80,100,97,98,99,90
1466091521,1.220000,0.406748,0.495320,1.246250,3.718454,4.632628,0.993750,0.158232,0.156894,1.218750,0.264992,0.321552,1400,1400,1400,1400,2000,2000,2000,2000,600,92,84,94,94,77,88,91,92,92,99,100,99,100,90
1466091522,1.222500,0.327997,0.399594,1.253750,3.632966,4.550896,0.995000,0.157776,0.156215,1.218750,0.312494,0.380016,1400,1400,1400,1400,2000,2000,2000,2000,600,93,84,95,95,76,66,69,73,69,98,97,96,97,90
1466091523,1.220000,0.423218,0.516060,1.170000,3.356774,3.926520,0.993750,0.157928,0.155901,1.217500,0.324688,0.394308,1400,1400,1400,1400,2000,2000,2000,2000,600,93,84,95,95,77,92,91,92,89,99,100,100,100,90
1466091524,1.216250,0.503494,0.611648,1.247500,3.499528,4.363253,0.993750,0.158536,0.156894,1.220000,0.304941,0.370880,1400,1400,1400,1400,2000,2000,2000,2000,600,92,84,94,94,76,74,75,74,73,98,99,97,96,90
1466091525,1.217500,0.430233,0.523310,1.216250,3.437330,4.179392,0.993750,0.158688,0.156894,1.217500,0.324961,0.394308,1400,1400,1400,1400,2000,2000,2000,2000,600,90,83,93,93,76,69,77,73,71,97,97,99,99,90
1466091526,1.221250,0.414007,0.505494,1.190000,3.454044,4.110260,0.993750,0.158232,0.156894,1.220000,0.285740,0.347700,1400,1400,1400,1400,2000,2000,2000,2000,600,92,84,95,95,76,87,88,92,89,100,100,100,100,90
1466091527,1.218750,0.414251,0.504252,1.158750,3.555698,4.116690,0.993750,0.158232,0.156894,1.217500,0.267995,0.324939,1400,1400,1400,1400,2000,2000,2000,2000,600,91,83,94,94,76,69,72,76,78,96,97,96,96,90
1466091528,1.220000,0.401502,0.489220,1.208750,3.702014,4.472016,0.993750,0.158232,0.156894,1.218750,0.270725,0.328860,1400,1400,1400,1400,900,900,900,900,600,92,84,95,95,77,86,90,92,93,100,100,100,100,90
1466091529,1.220000,0.371978,0.452620,1.250000,3.745306,4.681250,0.993750,0.157776,0.155901,1.217500,0.321503,0.390657,1400,1400,1400,1400,900,900,900,900,600,91,83,93,94,77,69,80,75,76,100,99,98,99,90
1466091530,1.216250,0.508252,0.617728,1.217500,3.703658,4.506551,0.993750,0.158536,0.156894,1.218750,0.332514,0.404376,1400,1400,1400,1400,2000,2000,2000,2000,600,93,85,95,95,76,72,77,75,69,98,100,98,99,90
1466091531,1.216250,0.506971,0.615296,1.195000,3.340608,3.991300,0.993750,0.158536,0.156894,1.220000,0.319228,0.389180,1400,1400,1400,1400,2000,2000,2000,2000,600,92,84,95,95,76,85,86,89,84,100,99,99,100,90
1466091532,1.221250,0.339709,0.413919,1.141250,3.446920,3.931886,0.993750,0.158232,0.156894,1.218750,0.287742,0.349566,1400,1400,1400,1400,900,900,900,900,600,92,84,94,95,76,69,78,76,72,98,100,98,100,90
1466091533,1.216250,0.497455,0.604352,1.231250,3.697356,4.551007,0.993750,0.158536,0.156894,1.218750,0.323232,0.393414,1400,1400,1400,1400,2000,2000,2000,2000,600,92,84,94,94,76,91,91,93,91,100,100,99,100,90
1466091534,1.218750,0.465003,0.566370,1.193750,3.598442,4.292414,0.993750,0.157776,0.155901,1.220000,0.288470,0.351360,1400,1400,1400,1400,2000,2000,2000,2000,600,92,84,95,95,77,74,74,77,79,99,98,99,99,90
1466091535,1.216250,0.496479,0.603136,1.217500,3.447194,4.194999,0.993750,0.158688,0.156894,1.217500,0.328510,0.399176,1400,1400,1400,1400,900,900,900,900,600,90,83,93,93,76,80,80,81,81,99,100,100,100,90
1466091536,1.216250,0.499224,0.606784,1.213750,3.798736,4.606974,0.993750,0.158232,0.156894,1.220000,0.319774,0.389180,1400,1400,1400,1400,2000,2000,2000,2000,600,90,82,93,93,76,77,78,73,82,98,98,100,98,90
1466091537,1.220000,0.389241,0.474580,1.130000,3.348280,3.783240,0.993750,0.158688,0.156894,1.218750,0.327236,0.398286,1400,1400,1400,1400,2000,2000,2000,2000,600,92,84,95,95,76,75,76,71,79,98,98,98,100,90
1466091538,1.221250,0.405467,0.494505,1.185000,3.261970,3.864285,0.993750,0.158536,0.156894,1.220000,0.257257,0.313540,1400,1400,1400,1400,2000,2000,2000,2000,600,92,83,94,94,76,92,91,91,92,100,100,100,100,90
1466091539,1.222500,0.315980,0.384930,1.158750,3.469388,4.017102,0.993750,0.157928,0.155901,1.217500,0.277459,0.337109,1400,1400,1400,1400,2000,2000,2000,2000,600,93,84,95,95,76,73,79,72,73,98,98,99,99,90
1466091540,1.216250,0.497211,0.604352,1.241250,3.764760,4.671124,0.993750,0.158688,0.156894,1.218750,0.328692,0.399504,1400,1400,1400,1400,2000,2000,2000,2000,600,92,84,95,95,77,89,93,92,93,100,100,99,99,90
1466091541,1.216250,0.504226,0.612864,1.231250,3.766130,4.635946,0.993750,0.158232,0.156894,1.220000,0.320229,0.390400,1400,1400,1400,1400,2000,2000,2000,2000,600,91,83,93,93,77,75,80,79,73,99,99,100,99,90
1466091542,1.218750,0.408212,0.496944,1.205000,3.446920,4.152430,0.993750,0.158992,0.156894,1.218750,0.332241,0.404376,1400,1400,1400,1400,2000,2000,2000,2000,600,92,84,95,94,76,77,79,73,67,97,98,100,98,90
1466091543,1.216250,0.498248,0.605568,1.231250,3.689684,4.541159,0.993750,0.158992,0.156894,1.217500,0.313222,0.380921,1400,1400,1400,1400,2000,2000,2000,2000,600,92,84,94,94,76,82,85,89,89,100,99,100,98,90
1466091544,1.217500,0.404735,0.491668,1.135000,3.435412,3.898725,0.993750,0.158992,0.156894,1.218750,0.323505,0.393414,1400,1400,1400,1400,900,900,900,900,600,90,82,93,93,76,69,80,73,74,96,100,97,98,90
1466091545,1.218750,0.409249,0.498162,1.225000,3.321154,4.068225,0.993750,0.158536,0.156894,1.220000,0.281008,0.342820,1400,1400,1400,1400,2000,2000,2000,2000,600,92,84,94,94,77,93,95,88,89,100,100,100,100,90
1466091546,1.217500,0.453962,0.551301,1.230000,3.708590,4.560840,0.993750,0.158232,0.156894,1.218750,0.275275,0.334950,1400,1400,1400,1400,2000,2000,2000,2000,600,92,84,95,95,76,75,76,72,80,97,98,99,98,90
1466091547,1.216250,0.496235,0.603136,1.251250,3.763116,4.707513,0.993750,0.158536,0.156894,1.220000,0.319956,0.389180,1400,1400,1400,1400,900,900,900,900,600,90,83,93,93,76,82,84,82,84,100,100,100,99,90
1466091548,1.216250,0.496967,0.603136,1.236250,3.737908,4.618932,0.993750,0.158232,0.156894,1.217500,0.294203,0.357798,1400,1400,1400,1400,2000,2000,2000,2000,600,92,84,95,95,76,77,76,77,77,98,98,100,99,90
1466091549,1.218750,0.407236,0.495726,1.231250,3.760650,4.628560,0.993750,0.158688,0.156894,1.218750,0.327964,0.398286,1400,1400,1400,1400,2000,2000,2000,2000,600,92,84,95,94,76,74,79,72,64,97,96,99,100,90
1466091550,1.221250,0.405467,0.494505,1.230000,3.773528,4.640790,0.993750,0.158536,0.156894,1.217500,0.314769,0.382138,1400,1400,1400,1400,2000,2000,2000,2000,600,90,82,93,93,77,88,93,90,93,100,100,100,100,90
1466091551,1.222500,0.315492,0.384930,1.232500,3.859564,4.754288,0.993750,0.158992,0.156894,1.216250,0.243243,0.295488,1400,1400,1400,1400,2000,2000,2000,2000,600,93,85,95,95,77,67,74,74,77,99,98,98,99,90
1466091552,1.216250,0.494466,0.600704,1.196250,3.433494,4.105868,0.993750,0.158536,0.156894,1.217500,0.328692,0.399176,1400,1400,1400,1400,2000,2000,2000,2000,600,93,85,95,95,77,90,92,92,91,100,100,100,100,90
1466091553,1.216250,0.496967,0.603136,1.242500,3.663106,4.549446,0.993750,0.158232,0.156894,1.218750,0.311766,0.378798,1400,1400,1400,1400,2000,2000,2000,2000,600,91,83,94,94,76,75,80,76,73,97,99,99,99,90
1466091554,1.216250,0.494222,0.600704,1.165000,3.474868,4.047210,0.993750,0.158688,0.156894,1.218750,0.295477,0.359310,1400,1400,1400,1400,900,900,900,900,600,91,84,94,94,76,70,71,70,68,99,99,97,99,90
1466091555,1.216250,0.502457,0.610432,1.240000,3.685848,4.569400,0.993750,0.158688,0.156894,1.218750,0.284739,0.345912,1400,1400,1400,1400,2000,2000,2000,2000,600,92,84,95,95,77,88,87,85,92,98,99,99,99,90
1466091556,1.223750,0.335500,0.409705,1.148750,3.171824,3.640308,0.993750,0.158688,0.156894,1.217500,0.316953,0.384572,1400,1400,1400,1400,2000,2000,2000,2000,600,91,83,93,93,76,65,80,79,74,100,98,98,98,90
1466091557,1.216250,0.489708,0.594624,1.241250,3.669408,4.553229,0.993750,0.158688,0.156894,1.218750,0.265993,0.322770,1400,1400,1400,1400,900,900,900,900,600,92,84,95,95,77,90,92,94,92,100,100,100,100,90
1466091558,1.217500,0.434747,0.528178,1.220000,3.762568,4.589640,0.993750,0.157928,0.155901,1.217500,0.312949,0.379704,1400,1400,1400,1400,2000,2000,2000,2000,600,92,84,95,95,76,75,78,77,79,99,99,100,98,90
1466091559,1.216250,0.501481,0.609216,1.132500,3.327456,3.766164,0.993750,0.158688,0.156894,1.220000,0.329966,0.401380,1400,1400,1400,1400,2000,2000,2000,2000,600,92,84,94,93,76,79,83,84,93,99,100,99,99,90
1466091560,1.216250,0.502701,0.610432,1.236250,3.841754,4.747476,0.993750,0.158688,0.156894,1.217500,0.315952,0.383355,1400,1400,1400,1400,900,900,900,900,600,90,83,93,94,77,75,79,80,83,98,96,98,98,90
1466091561,1.218750,0.389485,0.473802,1.176250,3.344170,3.932544,0.993750,0.158688,0.156894,1.218750,0.279006,0.339822,1400,1400,1400,1400,2000,2000,2000,2000,600,92,84,95,95,76,67,71,70,83,98,98,100,95,90
1466091562,1.217500,0.421754,0.512357,1.201250,3.530216,4.239530,0.993750,0.158688,0.156894,1.218750,0.321230,0.390978,1400,1400,1400,1400,2000,2000,2000,2000,600,92,84,94,94,76,89,92,91,99,100,100,99,100,90
1466091563,1.216250,0.506971,0.615296,1.217500,3.571316,4.345907,0.993750,0.158536,0.156894,1.218750,0.257257,0.313026,1400,1400,1400,1400,900,900,900,900,600,90,82,93,93,76,69,75,74,77,99,99,100,98,90
1466091564,1.218750,0.456707,0.555408,1.198750,3.380064,4.049240,0.993750,0.158688,0.156894,1.218750,0.342433,0.416556,1400,1400,1400,1400,2000,2000,2000,2000,600,93,84,95,94,76,79,80,86,85,98,99,99,100,90
1466091565,1.216250,0.506727,0.615296,1.166250,3.437604,4.007542,0.993750,0.158688,0.156894,1.217500,0.316771,0.384572,1400,1400,1400,1400,2000,2000,2000,2000,600,92,85,95,95,76,71,82,75,76,100,96,98,100,90
1466091566,1.216250,0.498004,0.605568,1.182500,3.420342,4.042440,0.993750,0.158688,0.156894,1.218750,0.332696,0.404376,1400,1400,1400,1400,2000,2000,2000,2000,600,91,84,94,94,76,70,75,75,77,98,98,100,99,90
1466091567,1.218750,0.455731,0.554190,1.211250,3.386092,4.100446,0.993750,0.158992,0.156894,1.217500,0.284011,0.345628,1400,1400,1400,1400,900,900,900,900,600,90,83,93,94,77,89,92,93,92,100,99,100,100,90
1466091568,1.222500,0.329217,0.402038,1.137500,3.374858,3.836238,0.993750,0.157928,0.155901,1.218750,0.297206,0.361746,1400,1400,1400,1400,2000,2000,2000,2000,600,92,84,95,95,76,66,70,69,71,98,100,97,98,90
1466091569,1.216250,0.503494,0.611648,1.241250,3.661188,4.543301,0.993750,0.158992,0.156894,1.218750,0.329693,0.400722,1400,1400,1400,1400,2000,2000,2000,2000,600,93,84,94,95,77,87,90,90,92,100,100,99,99,90
1466091570,1.216250,0.502213,0.610432,1.255000,3.803394,4.772765,0.993750,0.158688,0.156894,1.218750,0.298935,0.362964,1400,1400,1400,1400,2000,2000,2000,2000,600,92,84,95,95,77,75,71,78,79,98,99,99,99,90
1466091571,1.218750,0.428464,0.521304,1.190000,3.426644,4.076940,0.993750,0.158688,0.156894,1.217500,0.326508,0.396742,1400,1400,1400,1400,2000,2000,2000,2000,600,90,82,93,92,76,70,71,72,75,98,98,97,98,90
1466091572,1.220000,0.419741,0.511180,1.230000,3.624746,4.457520,0.993750,0.158536,0.156894,1.217500,0.283192,0.344411,1400,1400,1400,1400,900,900,900,900,600,90,83,93,93,77,84,91,91,86,100,100,100,100,90
1466091573,1.221250,0.330742,0.402930,1.227500,3.700370,4.539900,0.993750,0.158536,0.156894,1.216250,0.273000,0.331968,1400,1400,1400,1400,2000,2000,2000,2000,600,92,84,94,94,76,75,81,79,77,100,100,99,100,90
1466091574,1.216250,0.500749,0.608000,1.215000,3.652420,4.437180,0.993750,0.158992,0.156894,1.218750,0.319774,0.388542,1400,1400,1400,1400,2000,2000,2000,2000,600,93,84,95,95,77,92,91,93,93,99,100,100,100,90
1466091575,1.222500,0.337208,0.411814,1.196250,3.548300,4.243408,0.993750,0.158232,0.156894,1.218750,0.316498,0.384888,1400,1400,1400,1400,900,900,900,900,600,91,84,94,94,77,74,67,80,75,99,99,99,99,90
1466091576,1.216250,0.506971,0.615296,1.205000,3.305262,3.982525,0.993750,0.158688,0.156894,1.217500,0.329511,0.400393,1400,1400,1400,1400,2000,2000,2000,2000,600,90,83,93,92,77,80,82,85,81,99,100,99,100,90
1466091577,1.216250,0.499956,0.606784,1.241250,3.667216,4.550747,0.993750,0.158688,0.156894,1.218750,0.313768,0.381234,1400,1400,1400,1400,2000,2000,2000,2000,600,90,83,93,93,76,77,80,79,81,99,100,100,100,90
1466091578,1.222500,0.344711,0.420368,1.155000,3.814902,4.405170,0.993750,0.158536,0.156894,1.217500,0.276458,0.335892,1400,1400,1400,1400,2000,2000,2000,2000,600,92,84,95,95,76,68,68,71,67,100,97,97,97,90
1466091579,1.216250,0.499468,0.606784,1.208750,3.539258,4.275112,0.993750,0.157928,0.155901,1.218750,0.282009,0.343476,1400,1400,1400,1400,2000,2000,2000,2000,600,93,84,95,95,77,87,91,93,93,100,99,100,100,90
1466091580,1.221250,0.367708,0.448107,1.236250,3.783940,4.675788,0.993750,0.158688,0.156894,1.218750,0.336973,0.409248,1400,1400,1400,1400,900,900,900,900,600,90,82,93,93,77,74,77,77,79,99,99,98,98,90
1466091581,1.216250,0.491233,0.597056,1.238750,3.738456,4.627644,0.993750,0.158536,0.156894,1.218750,0.321958,0.390978,1400,1400,1400,1400,2000,2000,2000,2000,600,90,83,93,93,76,79,82,84,85,100,100,99,100,90
1466091582,1.216250,0.510997,0.620160,1.231250,3.775172,4.647025,0.993750,0.158536,0.156894,1.218750,0.323505,0.393414,1400,1400,1400,1400,2000,2000,2000,2000,600,92,84,95,95,76,77,79,80,74,99,98,98,98,90
1466091583,1.218750,0.415959,0.505470,1.188750,3.591318,4.266108,0.993750,0.158992,0.156894,1.218750,0.317954,0.386106,1400,1400,1400,1400,2000,2000,2000,2000,600,91,83,94,93,76,73,75,71,73,98,99,99,100,90
1466091584,1.221250,0.415959,0.506715,1.241250,3.564740,4.422924,0.993750,0.158688,0.156894,1.218750,0.238966,0.289884,1400,1400,1400,1400,2000,2000,2000,2000,600,93,84,95,95,77,90,92,91,92,100,100,100,100,90
1466091585,1.220000,0.422486,0.514840,1.225000,3.745854,4.587625,0.993750,0.158232,0.156894,1.217500,0.259714,0.315203,1400,1400,1400,1400,2000,2000,2000,2000,600,92,84,95,95,76,69,74,72,77,98,98,98,100,90
1466091586,1.216250,0.493978,0.599488,1.190000,3.414314,4.062660,0.993750,0.158536,0.156894,1.218750,0.309764,0.376362,1400,1400,1400,1400,900,900,900,900,600,90,82,93,93,77,91,93,92,92,100,100,100,100,90
1466091587,1.216250,0.506483,0.615296,1.232500,3.748320,4.617536,0.993750,0.158688,0.156894,1.217500,0.321503,0.390657,1400,1400,1400,1400,900,900,900,900,600,91,84,94,95,77,71,75,71,76,99,98,97,98,90
1466091588,1.216250,0.499956,0.606784,1.160000,3.398148,3.941680,0.993750,0.158688,0.156894,1.218750,0.324688,0.394632,1400,1400,1400,1400,900,900,900,900,600,92,84,95,95,76,65,71,73,74,100,99,99,99,90
1466091589,1.216250,0.499956,0.606784,1.215000,3.564466,4.330260,0.993750,0.158992,0.156894,1.217500,0.321230,0.390657,1400,1400,1400,1400,2000,2000,2000,2000,600,92,84,94,94,76,84,85,84,91,99,99,100,99,90
1466091590,1.222500,0.321714,0.392262,1.125000,3.428014,3.856500,0.995000,0.158688,0.157210,1.218750,0.257712,0.313026,1400,1400,1400,1400,2000,2000,2000,2000,600,92,84,95,94,76,70,74,76,76,98,100,99,98,90
1466091591,1.221250,0.409005,0.499389,1.172500,3.344992,3.919168,0.993750,0.158688,0.156894,1.218750,0.279006,0.339822,1400,1400,1400,1400,2000,2000,2000,2000,600,91,83,93,93,77,88,90,93,91,100,99,100,100,90
1466091592,1.216250,0.496723,0.603136,1.238750,3.494048,4.325572,0.993750,0.158536,0.156894,1.217500,0.310492,0.377270,1400,1400,1400,1400,900,900,900,900,600,91,83,94,94,77,73,77,77,78,100,100,100,100,90
1466091593,1.216250,0.502457,0.610432,1.231250,3.835726,4.720885,0.995000,0.158688,0.157210,1.218750,0.318773,0.387324,1400,1400,1400,1400,2000,2000,2000,2000,600,89,83,93,92,76,77,76,80,88,98,98,99,99,90
1466091594,1.220000,0.417972,0.508740,1.237500,3.832712,4.740184,0.995000,0.158688,0.157210,1.218750,0.314951,0.382452,1400,1400,1400,1400,2000,2000,2000,2000,600,92,84,94,94,76,78,88,83,79,99,100,100,98,90
1466091595,1.221250,0.353495,0.431013,1.232500,3.848056,4.740736,0.993750,0.158536,0.156894,1.217500,0.297752,0.361449,1400,1400,1400,1400,2000,2000,2000,2000,600,91,83,93,93,76,75,79,75,77,99,96,96,98,90
1466091596,1.220000,0.432734,0.527040,1.253750,3.700918,4.636100,0.993750,0.158536,0.156894,1.218750,0.265720,0.322770,1400,1400,1400,1400,2000,2000,2000,2000,600,91,83,93,93,77,91,93,89,92,100,100,99,100,90
1466091597,1.221250,0.353739,0.431013,1.206250,3.692424,4.452552,0.993750,0.158536,0.156894,1.217500,0.262717,0.318854,1400,1400,1400,1400,2000,2000,2000,2000,600,93,84,95,95,77,74,76,75,77,99,96,100,99,90
1466091598,1.216250,0.498980,0.605568,1.231250,3.746402,4.611326,0.993750,0.158536,0.156894,1.218750,0.326690,0.397068,1400,1400,1400,1400,900,900,900,900,600,90,83,93,93,76,83,84,83,83,100,99,99,100,90
1466091599,1.216250,0.505202,0.614080,1.197500,3.423082,4.097331,0.993750,0.158688,0.156894,1.218750,0.297206,0.361746,1400,1400,1400,1400,900,900,900,900,600,90,83,93,93,76,73,76,71,74,99,100,98,99,90
1466091600,1.222500,0.315492,0.384930,1.147500,3.456236,3.964032,0.995000,0.158536,0.157210,1.217500,0.223223,0.271391,1400,1400,1400,1400,2000,2000,2000,2000,600,92,84,95,95,76,72,74,78,72,97,99,96,98,90
1466091601,1.216250,0.499956,0.606784,1.251250,3.695712,4.622445,0.995000,0.158992,0.157210,1.218750,0.300482,0.365400,1400,1400,1400,1400,2000,2000,2000,900,600,93,84,95,96,77,89,93,93,100,100,100,100,100,90
1466091602,1.217500,0.440237,0.535480,1.231250,3.999578,4.922769,0.995000,0.158536,0.157210,1.218750,0.288470,0.350784,1400,1400,1400,1400,2000,2000,2000,2000,600,91,83,93,93,76,72,77,78,76,99,98,99,98,90
1466091603,1.216250,0.502701,0.610432,1.231250,3.765308,4.634715,0.993750,0.158992,0.156894,1.218750,0.326508,0.397068,1400,1400,1400,1400,2000,2000,2000,2000,600,91,84,94,94,76,81,86,88,85,100,99,99,100,90
1466091604,1.216250,0.501969,0.609216,1.241250,3.763938,4.669883,0.993750,0.158992,0.156894,1.217500,0.311493,0.378487,1400,1400,1400,1400,2000,2000,2000,2000,600,92,84,94,94,76,74,76,77,75,98,99,100,99,90
1466091605,1.221250,0.405711,0.494505,1.233750,3.943134,4.861719,0.995000,0.159448,0.158205,1.217500,0.317499,0.385789,1400,1400,1400,1400,2000,2000,2000,2000,600,90,83,93,93,76,70,80,71,74,98,100,98,97,90
1466091606,1.220000,0.415227,0.506300,1.255000,3.664750,4.598320,0.995000,0.158536,0.157210,1.218750,0.288197,0.350784,1400,1400,1400,1400,2000,2000,2000,2000,600,92,84,94,94,76,90,93,90,94,99,99,100,100,90
1466091607,1.223750,0.305488,0.373015,1.161250,3.829698,4.445469,0.995000,0.158688,0.157210,1.218750,0.237237,0.288666,1400,1400,1400,1400,2000,2000,2000,2000,600,92,84,95,95,76,73,69,76,71,100,95,99,97,90
1466091608,1.216250,0.497211,0.604352,1.231250,3.831616,4.715961,0.995000,0.158992,0.157210,1.218750,0.283738,0.344694,1400,1400,1400,1400,2000,2000,2000,2000,600,93,84,95,95,76,90,92,91,92,100,100,99,100,90
1466091609,1.216250,0.504226,0.612864,1.228750,3.736812,4.587808,0.993750,0.158536,0.156894,1.218750,0.294021,0.358092,1400,1400,1400,1400,2000,2000,2000,2000,600,92,84,95,95,77,72,78,74,72,99,100,99,98,90
1466091611,1.216250,0.501725,0.609216,1.252500,3.739004,4.681228,0.993750,0.159296,0.157887,1.217500,0.335699,0.407695,1400,1400,1400,1400,2000,2000,2000,2000,600,93,84,95,94,76,67,82,76,78,99,98,99,99,90
1466091612,1.216250,0.503250,0.611648,1.232500,3.815998,4.700080,0.993750,0.158536,0.156894,1.220000,0.282009,0.344040,1400,1400,1400,1400,900,900,900,900,600,91,83,94,94,77,81,85,86,88,100,99,99,99,90
1466091613,1.217500,0.400221,0.486800,1.180000,3.406642,4.019080,0.993750,0.158688,0.156894,1.218750,0.302939,0.367836,1400,1400,1400,1400,900,900,900,900,600,91,83,94,94,76,66,73,76,85,99,100,98,98,90
1466091614,1.221250,0.401746,0.489621,1.242500,3.636802,4.515912,0.993750,0.158688,0.156894,1.217500,0.266721,0.323722,1400,1400,1400,1400,2000,2000,2000,2000,600,92,83,94,94,77,88,91,93,93,100,99,100,100,90
1466091615,1.218750,0.427000,0.520086,1.206250,3.571042,4.306626,0.995000,0.158536,0.157210,1.218750,0.322504,0.392196,1400,1400,1400,1400,2000,2000,2000,2000,600,92,84,94,94,76,73,67,77,76,100,97,98,99,90
1466091616,1.216250,0.499468,0.606784,1.255000,3.808326,4.779040,0.995000,0.158992,0.157210,1.217500,0.325962,0.395525,1400,1400,1400,1400,900,900,900,900,600,91,83,94,94,76,81,84,89,85,100,100,99,99,90
1466091617,1.217500,0.463722,0.563471,1.183750,3.534600,4.180722,0.993750,0.158688,0.156894,1.217500,0.316771,0.384572,1400,1400,1400,1400,2000,2000,2000,2000,600,92,84,94,94,76,74,78,76,77,98,99,100,98,90
1466091618,1.221250,0.399245,0.487179,1.142500,3.343348,3.817706,0.993750,0.159448,0.157887,1.218750,0.333970,0.405594,1400,1400,1400,1400,2000,2000,2000,2000,600,93,84,95,95,76,71,71,76,74,98,97,100,98,90
1466091619,1.216250,0.496235,0.603136,1.230000,3.783940,4.653090,0.993750,0.158688,0.156894,1.217500,0.280189,0.340760,1400,1400,1400,1400,2000,2000,2000,2000,600,93,84,95,95,77,91,93,92,92,100,100,100,100,90
1466091620,1.221250,0.320738,0.390720,1.206250,3.823396,4.610538,0.993750,0.157928,0.155901,1.218750,0.305487,0.371490,1400,1400,1400,1400,2000,2000,2000,2000,600,92,84,94,94,76,72,69,78,74,98,98,98,100,90
1466091621,1.216250,0.502213,0.610432,1.168750,3.445824,4.023760,0.993750,0.158992,0.156894,1.217500,0.326235,0.396742,1400,1400,1400,1400,900,900,900,900,600,94,85,95,95,76,82,80,86,85,99,100,100,100,90
1466091622,1.216250,0.509960,0.618944,1.188750,3.571042,4.242348,0.993750,0.158536,0.156894,1.218750,0.320502,0.389760,1400,1400,1400,1400,2000,2000,2000,2000,600,92,84,95,95,76,76,80,76,76,99,99,98,99,90
1466091623,1.216250,0.475983,0.577600,1.180000,3.361980,3.965980,0.993750,0.159296,0.157887,1.220000,0.322959,0.392840,1400,1400,1400,1400,2000,2000,2000,2000,600,91,83,94,93,76,71,79,75,78,97,97,98,98,90
1466091624,1.220000,0.415471,0.506300,1.250000,3.695712,4.618750,0.995000,0.158536,0.157210,1.217500,0.309491,0.376053,1400,1400,1400,1400,900,900,900,900,600,91,83,93,94,77,90,94,93,91,100,100,100,100,90
1466091625,1.223750,0.322751,0.393806,1.205000,3.706672,4.465730,0.993750,0.157928,0.155901,1.217500,0.228774,0.277476,1400,1400,1400,1400,2000,2000,2000,2000,600,92,83,94,94,76,74,79,72,69,97,98,99,97,90
1466091626,1.221250,0.404247,0.493284,1.236250,3.639542,4.497804,0.993750,0.158688,0.156894,1.218750,0.323505,0.393414,1400,1400,1400,1400,900,900,900,900,600,91,83,93,94,77,89,91,92,93,99,100,99,100,90
1466091627,1.216250,0.491721,0.597056,1.242500,3.699548,4.594158,0.993750,0.158232,0.156894,1.217500,0.318227,0.387006,1400,1400,1400,1400,2000,2000,2000,2000,600,93,84,95,95,77,77,75,75,73,100,98,98,100,90
1466091628,1.216250,0.497211,0.604352,1.222500,3.666668,4.479852,0.993750,0.158688,0.156894,1.217500,0.330694,0.401610,1400,1400,1400,1400,2000,2000,2000,2000,600,93,84,95,94,76,78,80,78,85,100,100,99,99,90
1466091629,1.216250,0.504958,0.612864,1.190000,3.321154,3.951990,0.995000,0.158688,0.157210,1.217500,0.312767,0.379704,1400,1400,1400,1400,2000,2000,2000,2000,600,93,84,95,95,76,80,77,80,80,100,98,98,97,90
1466091630,1.218750,0.412482,0.501816,1.185000,3.648858,4.322880,0.993750,0.158992,0.156894,1.218750,0.326963,0.397068,1400,1400,1400,1400,2000,2000,2000,2000,600,92,84,95,95,76,73,74,75,76,99,99,99,99,90
1466091631,1.220000,0.411201,0.501420,1.230000,3.696808,4.546080,0.993750,0.158536,0.156894,1.220000,0.262262,0.319640,1400,1400,1400,1400,2000,2000,2000,2000,600,91,83,94,93,77,90,91,93,93,99,100,100,100,90
1466091632,1.216250,0.491477,0.597056,1.236250,3.714618,4.590504,0.993750,0.158536,0.156894,1.218750,0.289016,0.352002,1400,1400,1400,1400,2000,2000,2000,2000,600,91,83,93,93,77,73,76,73,73,99,99,99,99,90
1466091633,1.216250,0.492697,0.598272,1.207500,3.554328,4.289678,0.993750,0.158536,0.156894,1.217500,0.318773,0.387006,1400,1400,1400,1400,2000,2000,2000,2000,600,92,84,95,95,77,86,90,87,90,100,100,100,100,90
1466091634,1.218750,0.411994,0.500598,1.241250,3.564740,4.422924,0.993750,0.158232,0.156894,1.220000,0.318227,0.387960,1400,1400,1400,1400,2000,2000,2000,2000,600,91,83,93,93,76,71,82,74,81,100,99,99,99,90
1466091635,1.216250,0.504226,0.612864,1.202500,3.388284,4.072376,0.993750,0.159296,0.157887,1.217500,0.327964,0.397959,1400,1400,1400,1400,900,900,900,900,600,90,84,94,94,76,77,75,72,73,98,98,100,100,90
1466091636,1.215000,0.499712,0.606285,1.240000,3.835452,4.755400,0.995000,0.158992,0.157210,1.217500,0.313768,0.380921,1400,1400,1400,1400,900,900,900,900,600,92,84,95,95,76,82,89,86,86,99,98,99,99,90
1466091637,1.222500,0.335500,0.409370,1.177500,3.416506,4.020632,0.995000,0.158536,0.157210,1.216250,0.280462,0.340480,1400,1400,1400,1400,900,900,900,900,600,90,83,92,93,77,69,78,78,73,99,98,98,98,90
1466091638,1.216250,0.499956,0.606784,1.233750,3.537340,4.361121,0.993750,0.158536,0.156894,1.217500,0.320229,0.389440,1400,1400,1400,1400,900,900,900,900,600,90,83,93,94,77,88,92,98,92,100,99,100,100,90
1466091639,1.218750,0.449448,0.546882,1.232500,3.825588,4.712400,0.993750,0.158536,0.156894,1.218750,0.291473,0.354438,1400,1400,1400,1400,900,900,900,900,600,91,84,94,94,77,77,80,79,73,100,100,99,100,90
1466091640,1.216250,0.502457,0.610432,1.231250,3.753800,4.619943,0.993750,0.158688,0.156894,1.218750,0.344981,0.418992,1400,1400,1400,1400,900,900,900,900,600,91,84,94,94,76,69,76,77,79,98,99,99,99,90
1466091641,1.216250,0.502213,0.610432,1.233750,3.705028,4.568265,0.995000,0.158688,0.157210,1.218750,0.283010,0.344694,1400,1400,1400,1400,900,900,900,900,600,91,83,93,94,76,78,79,77,85,96,100,98,98,90
1466091642,1.220000,0.407480,0.496540,1.182500,3.785858,4.473870,0.993750,0.158232,0.156894,1.218750,0.327964,0.398286,1400,1400,1400,1400,2000,2000,2000,2000,600,92,84,95,95,76,67,74,78,76,98,99,98,97,90
1466091643,1.220000,0.411750,0.501420,1.218750,3.689410,4.493202,0.993750,0.158232,0.156894,1.218750,0.273728,0.332514,1400,1400,1400,1400,2000,2000,2000,2000,600,93,85,95,95,77,89,92,93,94,99,100,100,100,90
1466091644,1.223750,0.329461,0.402367,1.145000,3.524736,4.034980,0.993750,0.158688,0.156894,1.217500,0.266266,0.323722,1400,1400,1400,1400,2000,2000,2000,2000,600,91,83,93,93,76,71,75,74,76,96,99,97,100,90
1466091645,1.216250,0.500749,0.608000,1.167500,3.501720,4.085667,0.993750,0.158536,0.156894,1.220000,0.327964,0.398940,1400,1400,1400,1400,2000,2000,2000,2000,600,92,84,94,94,76,84,86,90,90,99,100,100,100,90
1466091646,1.216250,0.501481,0.609216,1.247500,3.722838,4.641334,0.993750,0.158232,0.156894,1.217500,0.320957,0.389440,1400,1400,1400,1400,2000,2000,2000,2000,600,92,84,94,94,76,74,75,75,74,98,99,98,98,90
1466091647,1.218750,0.396744,0.482328,1.230000,3.700918,4.551000,0.993750,0.158992,0.156894,1.217500,0.317499,0.385789,1400,1400,1400,1400,2000,2000,2000,2000,600,90,83,93,93,76,73,72,70,73,97,100,98,98,90
1466091648,1.217500,0.427244,0.519659,1.242500,3.733250,4.636386,0.995000,0.158688,0.157210,1.220000,0.304941,0.370880,1400,1400,1400,1400,900,900,900,900,600,91,83,93,94,77,89,93,98,92,100,100,100,100,90
1466091649,1.218750,0.390949,0.475020,1.152500,3.725578,4.291200,0.993750,0.158536,0.156894,1.217500,0.324961,0.394308,1400,1400,1400,1400,2000,2000,2000,2000,600,92,84,95,95,76,71,72,76,77,98,99,98,97,90
1466091650,1.221250,0.391742,0.477411,1.238750,3.609402,4.467942,0.995000,0.158536,0.157210,1.218750,0.274456,0.333732,1400,1400,1400,1400,900,900,900,900,600,90,82,93,93,77,86,90,92,92,100,100,99,100,90
1466091651,1.216250,0.489952,0.594624,1.246250,3.681464,4.586526,0.995000,0.158232,0.157210,1.217500,0.319501,0.388223,1400,1400,1400,1400,900,900,900,900,600,92,84,94,94,77,77,75,72,76,98,99,98,99,90
1466091652,1.217500,0.486231,0.591462,1.245000,3.803668,4.734735,0.995000,0.158992,0.157210,1.218750,0.331240,0.403158,1400,1400,1400,1400,2000,2000,2000,2000,600,92,85,95,94,76,71,75,82,68,98,99,98,99,90
1466091653,1.220000,0.404003,0.492880,1.242500,3.700096,4.595400,0.993750,0.158688,0.156894,1.218750,0.291200,0.354438,1400,1400,1400,1400,2000,2000,2000,2000,600,91,83,94,94,76,81,85,83,83,99,99,99,100,90
1466091654,1.218750,0.419741,0.510342,1.087500,3.449112,3.749063,0.993750,0.158232,0.156894,1.217500,0.279461,0.339543,1400,1400,1400,1400,2000,2000,2000,2000,600,90,83,93,92,76,76,75,79,76,100,97,100,99,90
1466091655,1.217500,0.469700,0.570773,1.233750,3.806134,4.692798,0.993750,0.158688,0.156894,1.218750,0.275457,0.334950,1400,1400,1400,1400,900,900,900,900,600,90,83,93,93,77,88,93,92,90,100,100,100,100,90
1466091656,1.221250,0.336720,0.410256,1.255000,3.881484,4.870655,0.995000,0.158232,0.157210,1.218750,0.260442,0.316680,1400,1400,1400,1400,2000,2000,2000,2000,600,93,84,95,95,77,71,75,68,80,96,97,99,98,90
1466091657,1.216250,0.499956,0.606784,1.212500,3.702562,4.486824,0.995000,0.158688,0.157210,1.217500,0.321503,0.390657,1400,1400,1400,1400,900,900,900,900,600,94,85,96,95,76,74,83,82,85,100,100,99,99,90
1466091658,1.216250,0.502945,0.610432,1.166250,3.449112,4.021534,0.993750,0.158536,0.156894,1.217500,0.316771,0.384572,1400,1400,1400,1400,2000,2000,2000,2000,600,92,84,95,95,76,74,71,75,76,100,97,99,97,90
1466091659,1.223750,0.279746,0.341217,1.156250,3.520900,4.069120,0.993750,0.158688,0.156894,1.217500,0.249704,0.303033,1400,1400,1400,1400,2000,2000,2000,2000,600,92,84,95,95,76,74,72,71,72,99,99,99,99,90
1466091660,1.221250,0.405223,0.494505,1.236250,3.681464,4.549716,0.993750,0.158688,0.156894,1.218750,0.263718,0.320334,1400,1400,1400,1400,2000,2000,2000,2000,600,90,83,93,93,76,89,92,91,92,100,100,99,100,90
1466091661,1.223750,0.300242,0.366900,1.236250,3.868606,4.780848,0.993750,0.158232,0.156894,1.216250,0.285467,0.346560,1400,1400,1400,1400,900,900,900,900,600,92,84,95,95,76,64,74,71,65,98,100,96,96,90
1466091662,1.216250,0.497455,0.604352,1.182500,3.368830,3.980976,0.993750,0.158688,0.156894,1.218750,0.329693,0.400722,1400,1400,1400,1400,2000,2000,2000,2000,600,93,84,95,95,76,87,87,90,100,100,100,100,100,90
1466091663,1.216250,0.500444,0.608000,1.183750,3.614060,4.275362,0.993750,0.158688,0.156894,1.218750,0.323960,0.393414,1400,1400,1400,1400,2000,2000,2000,2000,600,92,84,95,95,76,68,76,74,71,98,99,98,99,90
1466091664,1.218750,0.427976,0.520086,1.175000,3.707220,4.355725,0.993750,0.158536,0.156894,1.217500,0.320684,0.389440,1400,1400,1400,1400,2000,2000,2000,2000,600,91,83,93,93,76,72,71,72,75,99,97,97,99,90
1466091665,1.216250,0.502213,0.610432,1.183750,3.246078,3.840018,0.993750,0.158536,0.156894,1.217500,0.315952,0.383355,1400,1400,1400,1400,2000,2000,2000,2000,600,92,84,95,95,77,87,91,93,91,100,100,100,100,90
1466091666,1.222500,0.296704,0.361712,1.158750,3.435686,3.977730,0.993750,0.158536,0.156894,1.217500,0.256984,0.311552,1400,1400,1400,1400,2000,2000,2000,2000,600,91,83,94,93,76,73,72,77,79,96,95,96,98,90
1466091667,1.216250,0.505202,0.614080,1.232500,3.698452,4.555936,0.993750,0.158536,0.156894,1.218750,0.345982,0.420210,1400,1400,1400,1400,2000,2000,2000,2000,600,92,84,94,94,76,87,90,93,93,100,100,100,99,90
1466091668,1.216250,0.502457,0.610432,1.250000,3.711056,4.638750,0.993750,0.158536,0.156894,1.217500,0.315770,0.383355,1400,1400,1400,1400,900,900,900,900,600,91,83,94,94,77,71,77,73,76,100,97,97,98,90
1466091669,1.218750,0.406504,0.494508,1.236250,3.806408,4.704216,0.993750,0.159296,0.157887,1.217500,0.325507,0.395525,1400,1400,1400,1400,2000,2000,2000,2000,600,91,83,93,93,76,71,77,78,72,97,100,98,98,90
1466091670,1.216250,0.496723,0.603136,1.188750,3.406642,4.046328,0.993750,0.158232,0.156894,1.217500,0.307489,0.373619,1400,1400,1400,1400,900,900,900,900,600,92,84,95,95,76,80,88,80,86,99,99,99,99,90
1466091671,1.218750,0.460977,0.560280,1.160000,3.626938,4.206160,0.993750,0.158688,0.156894,1.217500,0.323505,0.393091,1400,1400,1400,1400,2000,2000,2000,2000,600,89,82,92,92,76,73,75,77,78,99,98,99,99,90
1466091672,1.221250,0.413702,0.504273,1.238750,3.643104,4.510034,0.993750,0.158232,0.156894,1.218750,0.260442,0.316680,1400,1400,1400,1400,2000,2000,2000,2000,600,92,84,95,95,76,91,91,93,92,100,100,100,100,90
1466091673,1.221250,0.370758,0.451770,1.235000,3.690506,4.557150,0.993750,0.158232,0.156894,1.218750,0.318955,0.387324,1400,1400,1400,1400,900,900,900,900,600,91,83,93,94,76,72,76,76,74,98,98,99,99,90
1466091674,1.216250,0.496967,0.603136,1.236250,3.793530,4.688148,0.993750,0.158536,0.156894,1.218750,0.322231,0.392196,1400,1400,1400,1400,900,900,900,900,600,91,84,94,94,76,81,86,87,90,100,100,100,100,90
1466091675,1.216250,0.509228,0.618944,1.211250,3.330196,4.032630,0.993750,0.158536,0.156894,1.218750,0.302211,0.367836,1400,1400,1400,1400,2000,2000,2000,2000,600,93,84,94,95,76,74,77,76,81,98,98,98,99,90
1466091676,1.220000,0.408700,0.497760,1.248750,3.739004,4.666272,0.993750,0.159448,0.157887,1.217500,0.328692,0.399176,1400,1400,1400,1400,2000,2000,2000,2000,600,91,84,94,94,76,73,73,77,79,98,99,98,98,90
1466091677,1.221250,0.413458,0.504273,1.206250,3.328826,4.013568,0.993750,0.158536,0.156894,1.218750,0.250523,0.304500,1400,1400,1400,1400,900,900,900,900,600,90,83,93,93,77,88,92,94,93,100,100,99,100,90
1466091678,1.217500,0.441457,0.536697,1.156250,3.472402,4.013632,0.993750,0.158536,0.156894,1.217500,0.275457,0.334675,1400,1400,1400,1400,900,900,900,900,600,92,84,95,95,76,76,78,76,76,100,100,97,98,90
1466091679,1.216250,0.498004,0.605568,1.181250,3.546108,4.187826,0.993750,0.158688,0.156894,1.218750,0.332514,0.404376,1400,1400,1400,1400,900,900,900,900,600,91,84,94,94,77,86,91,91,93,99,100,100,99,90
1466091680,1.216250,0.505202,0.614080,1.227500,3.766130,4.620882,0.993750,0.158688,0.156894,1.217500,0.325507,0.395525,1400,1400,1400,1400,2000,2000,2000,2000,600,92,84,94,94,76,68,73,69,71,98,99,99,98,90
1466091681,1.216250,0.500444,0.608000,1.167500,3.542272,4.133514,0.993750,0.158688,0.156894,1.217500,0.323687,0.393091,1400,1400,1400,1400,2000,2000,2000,2000,600,90,83,93,93,76,72,72,72,72,97,98,99,96,90
1466091682,1.217500,0.476715,0.579292,1.187500,3.347458,3.972889,0.993750,0.158536,0.156894,1.217500,0.312767,0.379704,1400,1400,1400,1400,900,900,900,900,600,90,83,92,93,76,90,92,89,88,100,100,100,100,90
1466091683,1.221250,0.368257,0.449328,1.121250,3.434042,3.849514,0.993750,0.158232,0.156894,1.217500,0.262990,0.318854,1400,1400,1400,1400,2000,2000,2000,2000,600,93,84,95,95,76,74,75,77,77,99,98,100,99,90
1466091684,1.216250,0.501725,0.609216,1.192500,3.268820,3.895456,0.993750,0.158992,0.156894,1.217500,0.327691,0.397959,1400,1400,1400,1400,900,900,900,900,600,93,84,95,95,77,90,90,92,93,99,100,99,100,90
1466091685,1.215000,0.508496,0.617220,1.192500,3.174838,3.783408,0.993750,0.158536,0.156894,1.218750,0.316771,0.384888,1400,1400,1400,1400,900,900,900,900,600,90,83,93,94,77,75,77,69,75,100,98,98,98,90
1466091686,1.216250,0.496479,0.603136,1.237500,3.696260,4.571952,0.993750,0.159296,0.157887,1.220000,0.326235,0.397720,1400,1400,1400,1400,900,900,900,900,600,92,84,95,94,76,69,71,72,87,96,100,99,97,90
1466091687,1.216250,0.505202,0.614080,1.216250,3.527476,4.288832,0.993750,0.158232,0.156894,1.217500,0.331240,0.402827,1400,1400,1400,1400,2000,2000,2000,2000,600,92,84,95,95,76,79,86,87,91,100,100,99,99,90
1466091688,1.221250,0.328973,0.400488,1.196250,3.451578,4.127396,0.993750,0.158688,0.156894,1.217500,0.290745,0.352930,1400,1400,1400,1400,2000,2000,2000,2000,600,92,84,94,94,76,72,78,70,71,98,98,98,100,90
1466091689,1.216250,0.500200,0.608000,1.173750,3.371296,3.954183,0.993750,0.158232,0.156894,1.217500,0.325234,0.395525,1400,1400,1400,1400,2000,2000,2000,2000,600,93,84,95,95,77,90,93,91,99,99,100,100,99,90
1466091690,1.216250,0.503982,0.611648,1.231250,3.720372,4.579320,0.993750,0.158232,0.156894,1.217500,0.323505,0.393091,1400,1400,1400,1400,900,900,900,900,600,93,84,95,95,77,72,77,74,75,100,97,98,99,90
1466091691,1.216250,0.505446,0.614080,1.215000,3.398422,4.128570,0.993750,0.158688,0.156894,1.217500,0.322686,0.391874,1400,1400,1400,1400,2000,2000,2000,2000,600,93,85,95,94,76,77,83,75,82,100,99,100,100,90
1466091692,1.216250,0.498248,0.605568,1.238750,3.842850,4.756396,0.993750,0.158688,0.156894,1.220000,0.317226,0.386740,1400,1400,1400,1400,2000,2000,2000,2000,600,93,84,95,95,76,82,81,84,80,98,98,100,99,90
1466091693,1.222500,0.341966,0.416702,1.115000,3.672422,4.094280,0.995000,0.158536,0.157210,1.218750,0.264992,0.321552,1400,1400,1400,1400,2000,2000,2000,2000,600,93,85,95,95,76,68,75,74,74,98,100,97,99,90
1466091694,1.220000,0.416996,0.507520,1.235000,3.732702,4.609020,0.993750,0.158688,0.156894,1.220000,0.286741,0.348920,1400,1400,1400,1400,2000,2000,2000,2000,600,91,84,94,94,77,90,91,93,93,100,100,100,100,90
1466091695,1.218750,0.444202,0.540792,1.216250,3.763116,4.575808,0.993750,0.157928,0.155901,1.220000,0.285012,0.347700,1400,1400,1400,1400,2000,2000,2000,2000,600,92,84,94,94,76,74,77,80,74,100,98,100,98,90
1466091696,1.216250,0.493734,0.599488,1.190000,3.448290,4.103120,0.993750,0.158688,0.156894,1.218750,0.341705,0.415338,1400,1400,1400,1400,2000,2000,2000,2000,600,92,84,94,95,76,80,82,79,78,100,99,98,98,90
1466091697,1.216250,0.500749,0.608000,1.232500,3.821752,4.707472,0.995000,0.158232,0.157210,1.218750,0.324961,0.394632,1400,1400,1400,1400,2000,2000,2000,2000,600,91,84,94,94,76,78,75,72,76,97,98,99,100,90
1466091698,1.218750,0.420229,0.511560,1.228750,3.399518,4.173972,0.993750,0.158992,0.156894,1.217500,0.330694,0.401610,1400,1400,1400,1400,2000,2000,2000,2000,600,92,84,94,94,76,74,78,77,77,99,99,100,99,90
1466091699,1.220000,0.413214,0.503860,1.197500,3.409108,4.080573,0.995000,0.158688,0.157210,1.218750,0.313495,0.381234,1400,1400,1400,1400,2000,2000,2000,2000,600,92,84,95,95,77,90,92,91,93,100,100,100,100,90
1466091700,1.216250,0.507215,0.616512,1.220000,3.700918,4.514000,0.993750,0.157928,0.155901,1.218750,0.234962,0.285012,1400,1400,1400,1400,900,900,900,900,600,91,83,93,94,77,71,72,71,73,97,98,99,99,90
1466091701,1.220000,0.407236,0.496540,1.241250,3.684204,4.571844,0.993750,0.158232,0.156894,1.218750,0.251979,0.305718,1400,1400,1400,1400,2000,2000,2000,2000,600,93,84,95,95,77,90,93,90,90,100,100,99,100,90
1466091702,1.218750,0.431453,0.524958,1.231250,3.712152,4.569472,0.995000,0.158536,0.157210,1.218750,0.287014,0.349566,1400,1400,1400,1400,900,900,900,900,600,92,84,94,95,77,77,75,73,74,99,98,99,99,90
1466091703,1.216250,0.498004,0.605568,1.195000,3.326634,3.974570,0.995000,0.158992,0.157210,1.218750,0.333697,0.405594,1400,1400,1400,1400,900,900,900,900,600,91,84,94,94,76,67,72,68,71,100,99,97,98,90
1466091704,1.216250,0.503738,0.611648,1.255000,3.392120,4.256960,0.995000,0.158536,0.157210,1.218750,0.278005,0.338604,1400,1400,1400,1400,2000,2000,2000,2000,600,92,84,95,95,76,83,88,85,86,100,98,99,98,90
1466091705,1.221250,0.355203,0.433455,1.158750,3.608580,4.178064,0.995000,0.158688,0.157210,1.220000,0.269997,0.328180,1400,1400,1400,1400,2000,2000,2000,2000,600,91,83,93,93,76,74,79,74,78,98,98,98,98,90
1466091706,1.216250,0.503738,0.611648,1.248750,3.769418,4.703712,0.995000,0.158992,0.157210,1.218750,0.322959,0.392196,1400,1400,1400,1400,2000,2000,2000,2000,600,93,84,95,95,77,89,93,91,93,100,100,100,99,90
1466091707,1.216250,0.502457,0.610432,1.185000,3.634610,4.306290,0.995000,0.158232,0.157210,1.218750,0.266994,0.323988,1400,1400,1400,1400,2000,2000,2000,2000,600,93,85,95,95,77,72,76,72,75,99,97,99,98,90
1466091708,1.218750,0.416203,0.506688,1.190000,3.461716,4.118590,0.993750,0.158992,0.156894,1.217500,0.333697,0.405261,1400,1400,1400,1400,900,900,900,900,600,92,85,95,95,76,69,79,74,72,98,99,99,99,90
1466091709,1.216250,0.508740,0.617728,1.230000,3.788050,4.659240,0.995000,0.159448,0.158205,1.218750,0.307489,0.373926,1400,1400,1400,1400,2000,2000,2000,2000,600,92,84,95,95,77,85,85,85,87,98,99,99,100,90
1466091710,1.221250,0.329705,0.401709,1.211250,3.803120,4.605433,0.995000,0.158688,0.157210,1.217500,0.255710,0.310335,1400,1400,1400,1400,2000,2000,2000,2000,600,92,84,95,95,76,72,77,77,80,100,98,99,100,90
1466091711,1.216250,0.497699,0.604352,1.240000,3.791886,4.700840,0.995000,0.159296,0.158205,1.218750,0.321230,0.390978,1400,1400,1400,1400,2000,2000,2000,2000,600,93,84,95,96,77,92,92,91,94,100,100,99,100,90
1466091712,1.217500,0.446215,0.542782,1.206250,3.870250,4.667220,0.995000,0.158536,0.157210,1.217500,0.315497,0.383355,1400,1400,1400,1400,2000,2000,2000,2000,600,93,84,95,95,77,76,66,75,80,98,97,99,98,90
1466091713,1.216250,0.495991,0.601920,1.241250,3.749416,4.652509,0.995000,0.159448,0.158205,1.218750,0.325962,0.395850,1400,1400,1400,1400,900,900,900,900,600,91,84,94,94,76,72,76,84,79,99,99,100,100,90
1466091714,1.216250,0.500749,0.608000,1.246250,3.736538,4.655056,0.995000,0.158688,0.157210,1.218750,0.314951,0.382452,1400,1400,1400,1400,2000,2000,2000,2000,600,91,83,94,94,76,82,83,78,89,98,97,98,99,90
1466091715,1.221250,0.356972,0.434676,1.080000,3.481170,3.759480,0.993750,0.158688,0.156894,1.218750,0.286468,0.348348,1400,1400,1400,1400,900,900,900,900,600,90,83,93,94,76,73,74,77,79,98,99,98,100,90
1466091716,1.221250,0.414495,0.505494,1.226250,3.480074,4.266480,0.993750,0.158536,0.156894,1.217500,0.318955,0.387006,1400,1400,1400,1400,2000,2000,2000,2000,600,90,82,92,92,77,90,90,92,92,100,100,100,100,90
1466091717,1.222500,0.343247,0.419146,1.190000,3.561452,4.237590,0.995000,0.158536,0.157210,1.218750,0.271271,0.330078,1400,1400,1400,1400,2000,2000,2000,2000,600,92,84,94,94,76,73,78,80,77,99,100,97,100,90
1466091718,1.216250,0.501481,0.609216,1.243750,3.677080,4.570511,0.995000,0.158536,0.157210,1.218750,0.336700,0.409248,1400,1400,1400,1400,2000,2000,2000,2000,600,90,83,92,92,76,74,80,83,82,99,99,99,99,90
1466091719,1.216250,0.503250,0.611648,1.185000,3.308824,3.919980,0.995000,0.158536,0.157210,1.218750,0.306488,0.372708,1400,1400,1400,1400,900,900,900,900,600,92,84,95,95,76,74,76,76,79,97,99,97,98,90
1466091720,1.222500,0.336720,0.410592,1.187500,3.528572,4.187736,0.995000,0.158992,0.157210,1.218750,0.335699,0.408030,1400,1400,1400,1400,2000,2000,2000,2000,600,92,84,95,95,76,72,78,75,75,99,98,98,98,90
1466091721,1.216250,0.460489,0.559360,1.192500,3.346362,3.988432,0.995000,0.159296,0.158205,1.218750,0.289016,0.352002,1400,1400,1400,1400,2000,2000,2000,2000,600,92,84,94,94,77,88,93,98,91,100,100,100,100,90
1466091722,1.221250,0.320982,0.390720,1.140000,3.540354,4.035600,0.995000,0.158688,0.157210,1.218750,0.270270,0.328860,1400,1400,1400,1400,900,900,900,900,600,90,83,93,93,76,70,69,77,78,100,97,99,95,90
1466091723,1.216250,0.495991,0.601920,1.186250,3.257312,3.862802,0.995000,0.158688,0.157210,1.217500,0.315770,0.383355,1400,1400,1400,1400,900,900,900,900,600,91,83,94,94,76,84,88,89,90,100,100,99,100,90
1466091724,1.216250,0.508496,0.617728,1.232500,3.743388,4.611376,0.995000,0.158688,0.157210,1.218750,0.332514,0.404376,1400,1400,1400,1400,2000,2000,2000,2000,600,92,84,95,95,76,73,67,74,74,98,98,98,99,90
1466091725,1.217500,0.434747,0.528178,1.151250,3.700096,4.258700,0.995000,0.158992,0.157210,1.218750,0.288197,0.350784,1400,1400,1400,1400,2000,2000,2000,2000,600,90,83,93,93,76,69,73,69,82,99,97,96,98,90
1466091726,1.220000,0.421449,0.513620,1.241250,3.491308,4.332331,0.995000,0.158536,0.157210,1.218750,0.294203,0.358092,1400,1400,1400,1400,2000,2000,2000,2000,600,92,84,95,95,77,90,93,93,93,100,100,100,99,90
1466091727,1.222500,0.364475,0.444808,1.162500,3.504734,4.071648,0.995000,0.158688,0.157210,1.220000,0.236236,0.287920,1400,1400,1400,1400,2000,2000,2000,2000,600,91,83,94,94,76,67,76,74,73,98,99,97,100,90
1466091728,1.220000,0.404491,0.492880,1.238750,3.660092,4.531080,0.995000,0.158992,0.157210,1.218750,0.273000,0.332514,1400,1400,1400,1400,2000,2000,2000,2000,600,93,84,95,95,77,88,91,92,93,99,100,100,100,90
1466091729,1.216250,0.504714,0.612864,1.241250,3.456784,4.288896,0.995000,0.157928,0.156215,1.218750,0.302757,0.367836,1400,1400,1400,1400,2000,2000,2000,2000,600,93,84,95,95,76,71,76,77,75,96,97,98,95,90
1466091730,1.218750,0.449997,0.546882,1.227500,3.561178,4.369347,0.993750,0.158992,0.156894,1.217500,0.326963,0.396742,1400,1400,1400,1400,900,900,900,900,600,94,85,96,95,76,77,84,81,82,100,100,99,100,90
1466091731,1.216250,0.503982,0.611648,1.231250,3.758184,4.626098,0.995000,0.159296,0.158205,1.218750,0.250523,0.304500,1400,1400,1400,1400,900,900,900,900,600,90,82,93,92,76,78,80,81,81,100,98,98,98,90
1466091732,1.221250,0.325740,0.396825,1.192500,3.876826,4.620192,0.995000,0.158536,0.157210,1.217500,0.325962,0.395525,1400,1400,1400,1400,2000,2000,2000,2000,600,92,84,95,95,76,71,78,77,74,97,98,99,97,90
1466091733,1.217500,0.437004,0.531829,1.182500,3.309372,3.911238,0.995000,0.158536,0.157210,1.218750,0.308945,0.375144,1400,1400,1400,1400,900,900,900,900,600,92,84,94,95,77,85,90,94,100,100,100,100,100,90
1466091734,1.221250,0.343491,0.418803,1.187500,3.577892,4.245899,0.995000,0.158536,0.157210,1.218750,0.237692,0.288666,1400,1400,1400,1400,2000,2000,2000,2000,600,91,83,94,93,76,69,74,74,77,98,97,97,99,90
1466091735,1.216250,0.502213,0.610432,1.230000,3.654886,4.494420,0.993750,0.158688,0.156894,1.217500,0.326690,0.396742,1400,1400,1400,1400,2000,2000,2000,2000,600,90,83,93,93,76,81,86,85,84,100,100,100,100,90
1466091736,1.216250,0.500749,0.608000,1.230000,3.612142,4.442760,0.993750,0.158536,0.156894,1.217500,0.311220,0.378487,1400,1400,1400,1400,2000,2000,2000,2000,600,91,83,94,93,76,78,78,74,77,96,100,99,97,90
1466091737,1.223750,0.312991,0.381576,1.135000,3.519256,3.994065,0.993750,0.158688,0.156894,1.217500,0.300937,0.365100,1400,1400,1400,1400,2000,2000,2000,2000,600,90,83,93,92,76,73,77,77,77,99,98,99,99,90
1466091738,1.218750,0.425963,0.517650,1.218750,3.582276,4.362876,0.993750,0.158992,0.156894,1.218750,0.288470,0.350784,1400,1400,1400,1400,2000,2000,2000,2000,600,93,85,95,95,77,89,95,94,94,100,100,99,100,90
1466091739,1.222500,0.361486,0.441142,1.198750,3.790242,4.540420,0.993750,0.158232,0.156894,1.217500,0.314769,0.382138,1400,1400,1400,1400,2000,2000,2000,2000,600,92,84,95,95,76,71,77,73,74,99,99,100,98,90
1466091740,1.217500,0.463966,0.563471,1.222500,3.499802,4.275778,0.993750,0.158688,0.156894,1.218750,0.289198,0.352002,1400,1400,1400,1400,2000,2000,2000,2000,600,91,83,94,93,77,87,93,92,93,99,100,100,100,90
1466091741,1.216250,0.506971,0.615296,1.237500,3.715166,4.595455,0.993750,0.158992,0.156894,1.217500,0.331513,0.402827,1400,1400,1400,1400,2000,2000,2000,2000,600,90,83,93,92,76,66,72,78,79,98,100,98,97,90
1466091742,1.217500,0.419497,0.509923,1.187500,3.409382,4.046483,0.993750,0.158688,0.156894,1.218750,0.333697,0.405594,1400,1400,1400,1400,900,900,900,900,600,92,84,95,95,76,75,73,74,76,98,99,99,98,90
1466091743,1.216250,0.508496,0.617728,1.231250,3.753252,4.619943,0.995000,0.158992,0.157210,1.217500,0.319501,0.388223,1400,1400,1400,1400,2000,2000,2000,2000,600,93,84,95,95,77,83,86,92,97,100,100,99,100,90
1466091744,1.223750,0.360205,0.440280,1.111250,3.447742,3.829617,0.995000,0.159296,0.158205,1.218750,0.265265,0.322770,1400,1400,1400,1400,2000,2000,2000,2000,600,93,84,95,95,77,72,76,76,79,100,98,99,100,90
1466091745,1.216250,0.498980,0.605568,1.211250,3.688862,4.466168,0.993750,0.159296,0.157887,1.220000,0.338520,0.412360,1400,1400,1400,1400,2000,2000,2000,2000,600,91,83,94,93,77,83,89,90,91,99,99,100,99,90
1466091746,1.216250,0.501237,0.609216,1.241250,3.672422,4.556952,0.993750,0.158536,0.156894,1.218750,0.313768,0.381234,1400,1400,1400,1400,900,900,900,900,600,90,83,93,93,77,76,76,72,75,98,100,97,100,90
1466091747,1.217500,0.440237,0.535480,1.242500,3.794900,4.712148,0.995000,0.159448,0.158205,1.218750,0.350441,0.426300,1400,1400,1400,1400,2000,2000,2000,2000,600,91,83,93,93,76,70,72,68,65,99,97,96,97,90
1466091748,1.216250,0.502457,0.610432,1.191250,3.270190,3.894570,0.995000,0.158992,0.157210,1.218750,0.310765,0.377580,1400,1400,1400,1400,2000,2000,2000,2000,600,92,84,94,94,77,88,93,91,91,100,100,100,100,90
1466091749,1.221250,0.358497,0.437118,1.158750,3.486102,4.036788,0.993750,0.158992,0.156894,1.217500,0.293020,0.356581,1400,1400,1400,1400,2000,2000,2000,2000,600,91,83,94,93,76,68,80,75,75,98,98,98,99,90
1466091750,1.216250,0.452986,0.549632,1.246250,3.798736,4.732308,0.993750,0.158992,0.156894,1.218750,0.323687,0.393414,1400,1400,1400,1400,2000,2000,2000,2000,600,92,84,94,94,76,94,92,90,89,100,100,100,100,90
1466091751,1.216250,0.501969,0.609216,1.245000,3.797640,4.727265,0.993750,0.157776,0.155901,1.217500,0.315497,0.383355,1400,1400,1400,1400,900,900,900,900,600,93,84,95,95,77,75,68,77,75,98,98,98,99,90
1466091752,1.217500,0.454999,0.552518,1.235000,3.814628,4.710290,0.993750,0.158536,0.156894,1.218750,0.327236,0.398286,1400,1400,1400,1400,900,900,900,900,600,92,84,95,95,76,78,80,83,79,99,100,99,100,90
1466091753,1.220000,0.394975,0.480680,1.195000,3.483636,4.162185,0.993750,0.159296,0.157887,1.217500,0.334698,0.406478,1400,1400,1400,1400,2000,2000,2000,2000,600,91,83,94,94,76,70,75,80,80,100,99,98,98,90
1466091754,1.218750,0.430477,0.523740,1.132500,3.630774,4.109160,0.993750,0.158688,0.156894,1.217500,0.340704,0.413780,1400,1400,1400,1400,2000,2000,2000,2000,600,90,83,93,92,76,71,77,73,71,100,99,99,98,90
1466091755,1.221250,0.406504,0.495726,1.250000,3.708316,4.635000,0.993750,0.158688,0.156894,1.218750,0.259714,0.315462,1400,1400,1400,1400,2000,2000,2000,2000,600,90,82,92,93,77,90,94,92,90,99,100,100,100,90
1466091756,1.217500,0.419253,0.509923,1.237500,3.823944,4.729051,0.995000,0.158688,0.157210,1.217500,0.301210,0.366317,1400,1400,1400,1400,2000,2000,2000,2000,600,92,84,94,94,77,73,74,75,78,99,98,99,99,90
1466091757,1.216250,0.501481,0.609216,1.173750,3.314030,3.887322,0.995000,0.158992,0.157210,1.220000,0.321503,0.391620,1400,1400,1400,1400,900,900,900,900,600,92,85,95,95,76,83,84,84,84,99,99,100,100,90
1466091758,1.216250,0.501969,0.609216,1.185000,3.425822,4.058625,0.993750,0.158688,0.156894,1.217500,0.315224,0.383355,1400,1400,1400,1400,2000,2000,2000,2000,600,91,83,94,94,76,73,75,80,77,100,97,99,100,90
1466091759,1.218750,0.416752,0.506688,1.198750,3.351842,4.014498,0.993750,0.158992,0.156894,1.218750,0.314223,0.382452,1400,1400,1400,1400,2000,2000,2000,2000,600,91,83,94,93,76,76,73,78,77,100,98,99,96,90
1466091760,1.220000,0.411201,0.501420,1.245000,3.709686,4.617705,0.993750,0.158688,0.156894,1.217500,0.313950,0.380921,1400,1400,1400,1400,2000,2000,2000,2000,600,90,82,92,93,76,90,90,93,91,100,100,100,100,90
1466091761,1.222500,0.316224,0.386152,1.241250,3.867784,4.798947,0.995000,0.158232,0.157210,1.217500,0.244972,0.296948,1400,1400,1400,1400,2000,2000,2000,2000,600,92,84,95,94,76,73,78,74,73,98,99,98,98,90
1466091762,1.216250,0.483730,0.587328,1.231250,3.690780,4.542390,0.993750,0.158688,0.156894,1.218750,0.325507,0.395850,1400,1400,1400,1400,2000,2000,2000,2000,600,92,84,94,94,77,86,92,93,92,100,100,100,100,90
1466091763,1.216250,0.504958,0.612864,1.246250,3.697082,4.606462,0.993750,0.158688,0.156894,1.217500,0.313950,0.380921,1400,1400,1400,1400,2000,2000,2000,2000,600,93,84,95,95,77,69,80,78,77,99,98,99,99,90
1466091764,1.216250,0.498736,0.605568,1.248750,3.695438,4.611360,0.993750,0.159296,0.157887,1.217500,0.325962,0.395525,1400,1400,1400,1400,2000,2000,2000,2000,600,91,84,94,93,76,73,69,72,85,96,97,98,100,90
1466091765,1.216250,0.506483,0.615296,1.248750,3.714344,4.635072,0.995000,0.158688,0.157210,1.218750,0.310765,0.377580,1400,1400,1400,1400,2000,2000,2000,2000,600,91,83,93,93,76,83,84,83,84,99,100,99,99,90
1466091766,1.223750,0.311222,0.380353,1.147500,3.357048,3.850479,0.993750,0.159296,0.157887,1.217500,0.320957,0.389440,1400,1400,1400,1400,2000,2000,2000,2000,600,92,84,95,95,76,72,75,79,75,97,99,100,97,90
1466091767,1.216250,0.475983,0.577600,1.246250,3.514324,4.378444,0.993750,0.158232,0.156894,1.218750,0.265265,0.322770,1400,1400,1400,1400,2000,2000,2000,2000,600,90,83,93,93,76,87,92,91,92,100,99,100,100,90
1466091768,1.216250,0.503982,0.611648,1.216250,3.780652,4.596480,0.993750,0.158232,0.156894,1.218750,0.297752,0.361746,1400,1400,1400,1400,2000,2000,2000,2000,600,91,83,93,93,76,68,75,80,74,98,100,98,98,90
1466091769,1.217500,0.433710,0.526961,1.252500,3.774624,4.725048,0.993750,0.158688,0.156894,1.217500,0.326508,0.396742,1400,1400,1400,1400,2000,2000,2000,2000,600,91,84,94,94,76,78,81,87,94,100,100,100,100,90
1466091770,1.216250,0.506483,0.615296,1.255000,3.684204,4.623420,0.993750,0.158688,0.156894,1.217500,0.309764,0.376053,1400,1400,1400,1400,2000,2000,2000,2000,600,92,84,95,95,76,76,75,80,77,99,100,98,99,90
1466091771,1.218750,0.457500,0.556626,1.176250,3.403628,4.001928,0.993750,0.158688,0.156894,1.218750,0.313222,0.381234,1400,1400,1400,1400,2000,2000,2000,2000,600,91,83,94,93,76,72,74,78,73,97,99,98,97,90
1466091772,1.220000,0.420961,0.512400,1.197500,3.329922,3.984813,0.993750,0.159448,0.157887,1.220000,0.297479,0.362340,1400,1400,1400,1400,2000,2000,2000,2000,600,93,84,95,95,77,93,93,92,91,100,100,99,100,90
1466091773,1.220000,0.419497,0.511180,1.253750,4.076298,5.107228,0.995000,0.158688,0.157210,1.218750,0.234689,0.285012,1400,1400,1400,1400,900,900,900,900,600,92,84,95,95,76,68,76,79,70,97,99,98,99,90
1466091774,1.216250,0.502701,0.610432,1.220000,3.741744,4.564020,0.995000,0.158992,0.157210,1.217500,0.319956,0.388223,1400,1400,1400,1400,2000,2000,2000,2000,600,91,83,94,94,76,90,92,92,92,100,100,100,100,90
1466091775,1.216250,0.507947,0.616512,1.238750,3.824766,4.734112,0.995000,0.158688,0.157210,1.217500,0.318227,0.387006,1400,1400,1400,1400,900,900,900,900,600,90,83,93,94,77,77,77,77,80,99,100,100,99,90
1466091776,1.216250,0.506239,0.615296,1.230000,3.748594,4.610040,0.993750,0.159448,0.157887,1.218750,0.353990,0.429954,1400,1400,1400,1400,2000,2000,2000,2000,600,89,82,92,92,76,65,69,74,70,98,98,100,99,90
1466091777,1.216250,0.497699,0.604352,1.202500,3.567480,4.287534,0.993750,0.158688,0.156894,1.218750,0.263718,0.320334,1400,1400,1400,1400,2000,2000,2000,2000,600,92,84,95,95,76,81,87,91,88,100,99,99,100,90
1466091778,1.220000,0.328241,0.400160,1.162500,3.822300,4.441164,0.993750,0.158536,0.156894,1.217500,0.291200,0.354147,1400,1400,1400,1400,2000,2000,2000,2000,600,92,84,95,95,76,68,77,77,75,100,99,100,100,90
1466091779,1.216250,0.494710,0.600704,1.187500,3.280876,3.893360,0.993750,0.159296,0.157887,1.217500,0.326508,0.396742,1400,1400,1400,1400,900,900,900,900,600,91,83,93,94,77,89,92,93,94,100,100,99,100,90
1466091780,1.216250,0.443958,0.538688,1.235000,3.620910,4.470700,0.993750,0.158536,0.156894,1.217500,0.285194,0.346845,1400,1400,1400,1400,900,900,900,900,600,92,84,94,94,77,71,73,77,76,98,97,100,98,90
1466091781,1.216250,0.491477,0.597056,1.255000,3.654612,4.585770,0.995000,0.159296,0.158205,1.218750,0.321230,0.390978,1400,1400,1400,1400,900,900,900,900,600,91,84,94,94,76,76,75,79,79,100,99,99,100,90
1466091782,1.221250,0.404491,0.493284,1.241250,3.810518,4.728210,0.995000,0.158688,0.157210,1.218750,0.321230,0.390978,1400,1400,1400,1400,2000,2000,2000,2000,600,92,84,94,94,76,79,74,80,80,97,99,100,98,90
1466091783,1.221250,0.389973,0.474969,1.123750,3.597894,4.039431,0.995000,0.158536,0.157210,1.218750,0.265720,0.322770,1400,1400,1400,1400,2000,2000,2000,2000,600,90,82,93,92,76,69,76,77,77,98,97,99,96,90
1466091784,1.217500,0.454755,0.552518,1.241250,3.665572,4.548265,0.993750,0.158688,0.156894,1.218750,0.270998,0.328860,1400,1400,1400,1400,2000,2000,2000,2000,600,91,83,93,93,77,88,91,93,94,100,100,100,100,90
1466091785,1.221250,0.353983,0.431013,1.192500,3.796818,4.524832,0.995000,0.158536,0.157210,1.218750,0.259714,0.315462,1400,1400,1400,1400,2000,2000,2000,2000,600,93,84,95,95,77,73,75,76,81,99,99,100,98,90
1466091786,1.216250,0.499468,0.606784,1.240000,3.809970,4.723160,0.993750,0.158992,0.156894,1.218750,0.322231,0.392196,1400,1400,1400,1400,2000,2000,2000,2000,600,92,84,94,93,76,83,80,79,85,100,99,99,100,90
1466091787,1.216250,0.507459,0.616512,1.242500,3.769144,4.681098,0.993750,0.158536,0.156894,1.217500,0.319228,0.388223,1400,1400,1400,1400,2000,2000,2000,2000,600,93,85,95,96,76,76,81,76,76,98,100,96,99,90
1466091788,1.221250,0.305976,0.372405,1.116250,3.449386,3.849084,0.993750,0.159296,0.157887,1.218750,0.281008,0.342258,1400,1400,1400,1400,2000,2000,2000,2000,600,92,85,95,95,76,72,78,73,77,99,98,100,99,90
1466091789,1.216250,0.493734,0.599488,1.165000,3.430754,3.995950,0.993750,0.158688,0.156894,1.220000,0.325962,0.396500,1400,1400,1400,1400,2000,2000,2000,2000,600,93,84,95,95,77,89,93,91,92,100,100,100,100,90
1466091790,1.220000,0.388509,0.473360,1.136250,3.817094,4.336112,0.993750,0.159296,0.157887,1.218750,0.277277,0.337386,1400,1400,1400,1400,2000,2000,2000,2000,600,91,83,93,93,76,72,72,81,73,99,98,96,100,90
1466091791,1.217500,0.465979,0.565905,1.238750,3.648858,4.516224,0.993750,0.158688,0.156894,1.218750,0.308217,0.375144,1400,1400,1400,1400,2000,2000,2000,2000,600,91,83,94,93,76,77,85,86,89,99,100,100,99,90
1466091792,1.216250,0.506971,0.615296,1.233750,3.722838,4.589226,0.993750,0.158992,0.156894,1.217500,0.319774,0.388223,1400,1400,1400,1400,2000,2000,2000,2000,600,92,84,94,94,76,68,77,78,73,99,98,98,100,90
1466091793,1.218750,0.430965,0.523740,1.177500,3.226624,3.797002,0.993750,0.158992,0.156894,1.218750,0.322686,0.392196,1400,1400,1400,1400,2000,2000,2000,2000,600,91,83,93,93,76,73,74,76,73,99,96,98,99,90
1466091794,1.220000,0.414983,0.505080,1.173750,3.264984,3.828672,0.993750,0.158536,0.156894,1.218750,0.309218,0.376362,1400,1400,1400,1400,900,900,900,900,600,91,84,94,94,77,86,91,94,90,100,100,100,100,90
1466091795,1.226250,0.295972,0.361670,1.132500,3.711604,4.200852,0.995000,0.158992,0.157210,1.217500,0.288197,0.350496,1400,1400,1400,1400,2000,2000,2000,2000,600,92,84,94,94,76,68,70,72,66,99,98,97,97,90
1466091796,1.216250,0.470005,0.571520,1.190000,3.329374,3.961510,0.993750,0.158688,0.156894,1.217500,0.324233,0.394308,1400,1400,1400,1400,2000,2000,2000,2000,600,91,83,93,93,76,90,93,92,92,100,100,100,100,90
1466091797,1.216250,0.500444,0.608000,1.221250,3.642282,4.446882,0.993750,0.158232,0.156894,1.218750,0.317772,0.386106,1400,1400,1400,1400,2000,2000,2000,2000,600,93,84,95,95,77,69,74,71,71,99,97,99,98,90
1466091798,1.216250,0.444995,0.539904,1.245000,3.717906,4.627665,0.993750,0.158992,0.156894,1.218750,0.325962,0.395850,1400,1400,1400,1400,900,900,900,900,600,90,83,93,92,76,79,80,84,82,99,100,100,100,90
1466091799,1.216250,0.507459,0.616512,1.231250,3.742840,4.606402,0.995000,0.158992,0.157210,1.220000,0.322231,0.392840,1400,1400,1400,1400,2000,2000,2000,2000,600,93,84,95,95,76,78,78,76,87,98,98,98,100,90
1466091800,1.220000,0.357216,0.435540,1.122500,3.277040,3.676794,0.995000,0.158536,0.157210,1.217500,0.292474,0.355364,1400,1400,1400,1400,2000,2000,2000,2000,600,92,84,94,94,76,72,76,74,71,98,100,98,97,90
1466091801,1.217500,0.484950,0.589028,1.232500,3.755170,4.626160,0.993750,0.158688,0.156894,1.218750,0.294203,0.358092,1400,1400,1400,1400,2000,2000,2000,2000,600,91,83,94,93,77,90,91,93,100,100,99,100,100,90
1466091802,1.221250,0.350262,0.427350,1.230000,3.796818,4.669080,0.993750,0.158536,0.156894,1.220000,0.264992,0.322080,1400,1400,1400,1400,900,900,900,900,600,90,83,93,93,76,71,74,77,77,98,97,100,98,90
1466091803,1.216250,0.501481,0.609216,1.236250,3.875182,4.789500,0.993750,0.158536,0.156894,1.221250,0.328237,0.400488,1400,1400,1400,1400,900,900,900,900,600,91,84,94,94,77,90,91,92,93,100,99,100,100,90
1466091804,1.216250,0.508252,0.617728,1.183750,3.330470,3.939390,0.995000,0.159296,0.158205,1.217500,0.317499,0.385789,1400,1400,1400,1400,2000,2000,2000,2000,600,92,84,94,95,77,78,74,73,73,98,100,98,99,90
1466091805,1.223750,0.301706,0.368123,1.247500,3.760924,4.688720,0.995000,0.158992,0.157210,1.218750,0.330694,0.401940,1400,1400,1400,1400,2000,2000,2000,2000,600,90,82,92,93,76,68,76,73,69,99,100,97,98,90
1466091806,1.216250,0.501481,0.609216,1.242500,3.666942,4.553172,0.993750,0.158688,0.156894,1.218750,0.316953,0.384888,1400,1400,1400,1400,2000,2000,2000,2000,600,93,84,95,95,77,87,91,90,94,99,99,100,100,90
1466091807,1.221250,0.379237,0.462759,1.137500,3.577344,4.067049,0.995000,0.158688,0.157210,1.218750,0.277459,0.337386,1400,1400,1400,1400,2000,2000,2000,2000,600,92,84,94,94,76,73,72,71,80,98,98,99,98,90
1466091808,1.220000,0.416203,0.507520,1.220000,3.635706,4.434700,0.995000,0.159296,0.158205,1.217500,0.318955,0.387006,1400,1400,1400,1400,2000,2000,2000,2000,600,93,84,95,95,77,90,92,90,92,100,100,100,99,90
1466091809,1.216250,0.483486,0.587328,1.241250,3.668586,4.551988,0.995000,0.158688,0.157210,1.217500,0.316498,0.384572,1400,1400,1400,1400,2000,2000,2000,2000,600,91,83,94,93,76,74,77,73,70,96,97,99,95,90
1466091810,1.216250,0.498736,0.605568,1.241250,3.782296,4.693462,0.995000,0.159448,0.158205,1.218750,0.325234,0.395850,1400,1400,1400,1400,900,900,900,900,600,90,83,93,93,76,77,83,82,89,99,98,100,100,90
1466091811,1.216250,0.502213,0.610432,1.235000,3.805586,4.699175,0.993750,0.158232,0.156894,1.217500,0.305487,0.371185,1400,1400,1400,1400,2000,2000,2000,2000,600,91,83,94,93,76,77,74,75,72,99,99,99,100,90
1466091812,1.218750,0.398452,0.484764,1.186250,3.220596,3.818920,0.993750,0.159296,0.157887,1.217500,0.318955,0.387006,1400,1400,1400,1400,2000,2000,2000,2000,600,91,83,94,94,76,69,74,75,75,99,98,97,98,90
1466091813,1.221250,0.408212,0.498168,1.241250,3.664750,4.547024,0.995000,0.158992,0.157210,1.218750,0.264719,0.321552,1400,1400,1400,1400,900,900,900,900,600,90,83,92,93,77,89,92,93,93,100,100,100,99,90
1466091814,1.223750,0.331718,0.404813,1.206250,3.931626,4.740786,0.995000,0.158536,0.157210,1.218750,0.275275,0.334950,1400,1400,1400,1400,2000,2000,2000,2000,600,93,84,95,95,77,70,75,75,72,99,98,98,98,90
1466091815,1.216250,0.497699,0.604352,1.200000,3.489938,4.186800,0.995000,0.159448,0.158205,1.217500,0.326235,0.396742,1400,1400,1400,1400,2000,2000,2000,2000,600,93,84,95,95,77,89,91,92,99,100,100,100,100,90
1466091816,1.217500,0.433710,0.526961,1.236250,3.829150,4.732644,0.995000,0.158536,0.157210,1.220000,0.311948,0.379420,1400,1400,1400,1400,2000,2000,2000,2000,600,91,83,93,93,76,76,70,69,80,98,99,100,98,90
1466091817,1.216250,0.498492,0.605568,1.236250,3.833534,4.737588,0.995000,0.159448,0.158205,1.217500,0.327509,0.397959,1400,1400,1400,1400,2000,2000,2000,2000,600,92,84,95,93,76,71,73,72,81,98,98,98,98,90
1466091818,1.217500,0.490745,0.596330,1.233750,3.656804,4.507848,0.995000,0.158992,0.157210,1.217500,0.314223,0.382138,1400,1400,1400,1400,2000,2000,2000,2000,600,92,84,94,94,76,86,87,85,83,100,100,100,100,90
1466091820,1.222500,0.323727,0.394706,1.183750,3.615978,4.276545,0.995000,0.159448,0.158205,1.217500,0.284466,0.345628,1400,1400,1400,1400,900,900,900,900,600,90,83,93,93,76,73,71,75,80,98,97,98,99,90
1466091821,1.216250,0.508740,0.617728,1.232500,3.821752,4.707472,0.995000,0.158992,0.157210,1.217500,0.324233,0.394308,1400,1400,1400,1400,2000,2000,2000,2000,600,90,82,92,93,77,89,90,95,94,99,100,100,100,90
1466091822,1.221250,0.286761,0.349206,1.127500,3.497062,3.941119,0.993750,0.158992,0.156894,1.221250,0.251706,0.306471,1400,1400,1400,1400,2000,2000,2000,2000,600,92,83,94,94,76,73,77,72,71,98,99,100,100,90
1466091823,1.216250,0.498004,0.605568,1.251250,3.697356,4.624947,0.993750,0.159448,0.157887,1.217500,0.326690,0.396742,1400,1400,1400,1400,900,900,900,900,600,91,84,94,94,76,74,81,80,89,100,99,99,99,90
1466091824,1.216250,0.503982,0.611648,1.233750,3.723660,4.590459,0.993750,0.159296,0.157887,1.220000,0.318955,0.387960,1400,1400,1400,1400,2000,2000,2000,2000,600,92,84,95,95,76,71,78,74,80,99,99,98,100,90
1466091825,1.217500,0.402478,0.489234,1.141250,3.508844,4.002628,0.993750,0.158992,0.156894,1.218750,0.330512,0.401940,1400,1400,1400,1400,2000,2000,2000,2000,600,92,84,95,94,76,72,77,76,79,99,98,99,98,90
1466091826,1.221250,0.407480,0.496947,1.242500,3.623376,4.499766,0.995000,0.158992,0.157210,1.218750,0.265993,0.322770,1400,1400,1400,1400,900,900,900,900,600,91,83,94,94,77,88,92,92,92,100,100,100,100,90
1466091827,1.216250,0.496235,0.603136,1.201250,3.718454,4.465318,0.995000,0.158536,0.157210,1.220000,0.297752,0.362340,1400,1400,1400,1400,2000,2000,2000,2000,600,93,84,95,95,77,75,75,76,72,99,99,99,99,90
1466091828,1.216250,0.501725,0.609216,1.218750,3.710782,4.518780,0.995000,0.159296,0.158205,1.218750,0.339976,0.412902,1400,1400,1400,1400,2000,2000,2000,2000,600,92,83,94,94,76,84,89,89,88,100,100,99,99,90
1466091829,1.216250,0.513193,0.623808,1.250000,3.779008,4.723750,0.995000,0.158688,0.157210,1.218750,0.321230,0.390978,1400,1400,1400,1400,2000,2000,2000,2000,600,92,84,94,94,76,75,76,74,73,98,99,100,98,90
1466091830,1.216250,0.497455,0.604352,1.177500,3.176482,3.738152,0.995000,0.159448,0.158205,1.217500,0.319228,0.388223,1400,1400,1400,1400,900,900,900,900,600,90,82,93,93,76,72,79,73,72,100,99,99,98,90
1466091831,1.220000,0.439749,0.535580,1.157500,3.295124,3.812315,0.993750,0.158992,0.156894,1.217500,0.311948,0.378487,1400,1400,1400,1400,900,900,900,900,600,91,83,93,93,77,88,91,94,85,100,99,100,100,90
1466091832,1.221250,0.328485,0.400488,1.210000,3.618992,4.377780,0.993750,0.158536,0.156894,1.218750,0.231777,0.281358,1400,1400,1400,1400,2000,2000,2000,2000,600,92,84,94,94,76,75,72,69,77,97,98,97,99,90
1466091833,1.220000,0.404247,0.492880,1.241250,3.683656,4.570603,0.995000,0.159296,0.158205,1.217500,0.276276,0.335892,1400,1400,1400,1400,2000,2000,2000,2000,600,91,83,93,93,77,87,89,92,93,100,100,100,100,90
1466091834,1.216250,0.501481,0.609216,1.243750,3.208540,3.987544,0.995000,0.158688,0.157210,1.220000,0.306215,0.373320,1400,1400,1400,1400,900,900,900,900,600,90,83,93,94,77,74,71,75,76,100,99,100,99,90
1466091835,1.218750,0.460977,0.560280,1.230000,3.732154,4.590360,0.993750,0.158992,0.156894,1.217500,0.320684,0.389440,1400,1400,1400,1400,900,900,900,2000,600,89,83,93,92,76,74,80,77,79,98,97,99,99,90
1466091836,1.221250,0.415471,0.506715,1.238750,3.491582,4.321858,0.993750,0.158992,0.156894,1.218750,0.266448,0.323988,1400,1400,1400,1400,900,900,900,900,600,91,84,94,95,77,84,81,86,82,100,99,100,99,90
1466091837,1.223750,0.330742,0.403590,1.157500,3.462538,4.005534,0.995000,0.158992,0.157210,1.217500,0.292201,0.355364,1400,1400,1400,1400,2000,2000,2000,2000,600,91,83,93,93,76,75,68,75,76,98,97,98,99,90
1466091838,1.220000,0.414495,0.505080,1.205000,3.294302,3.969270,0.993750,0.159296,0.157887,1.217500,0.272727,0.331024,1400,1400,1400,1400,2000,2000,2000,2000,600,93,84,95,95,77,90,92,91,93,100,100,100,100,90
1466091839,1.220000,0.360998,0.439200,1.230000,3.544464,4.359120,0.995000,0.158536,0.157210,1.218750,0.264992,0.321552,1400,1400,1400,1400,2000,2000,2000,2000,600,92,84,95,95,77,78,75,73,77,99,98,98,99,90
1466091840,1.216250,0.499712,0.606784,1.248750,3.739278,4.666272,0.993750,0.158688,0.156894,1.217500,0.314951,0.382138,1400,1400,1400,1400,900,900,900,900,600,90,83,93,93,76,83,86,82,82,100,100,99,100,90
1466091841,1.216250,0.503982,0.611648,1.186250,3.538984,4.196068,0.993750,0.159296,0.157887,1.217500,0.321503,0.390657,1400,1400,1400,1400,900,900,900,900,600,91,83,93,94,77,72,74,80,82,96,99,99,100,90
1466091842,1.223750,0.339221,0.414597,1.170000,3.527750,4.126590,0.993750,0.159296,0.157887,1.217500,0.259441,0.315203,1400,1400,1400,1400,900,900,900,900,600,91,83,94,94,76,75,74,78,74,99,96,99,97,90
1466091843,1.220000,0.416203,0.507520,1.245000,3.834904,4.773330,0.993750,0.158992,0.156894,1.218750,0.266448,0.323988,1400,1400,1400,1400,2000,2000,2000,2000,600,90,82,92,92,77,90,92,91,92,100,100,100,99,90
1466091844,1.216250,0.420229,0.510720,1.181250,3.685026,4.351985,0.993750,0.158688,0.156894,1.217500,0.288470,0.350496,1400,1400,1400,1400,2000,2000,2000,2000,600,90,83,93,93,77,67,80,79,75,100,98,98,98,90
1466091845,1.216250,0.490196,0.595840,1.218750,3.604744,4.389672,0.993750,0.158992,0.156894,1.218750,0.341432,0.415338,1400,1400,1400,1400,2000,2000,2000,2000,600,91,83,94,94,76,80,84,87,87,99,100,100,99,90
1466091846,1.216250,0.498004,0.605568,1.241250,3.773802,4.682293,0.993750,0.158688,0.156894,1.217500,0.321685,0.390657,1400,1400,1400,1400,2000,2000,2000,2000,600,92,84,95,95,76,71,71,76,77,97,100,100,97,90
1466091847,1.220000,0.393999,0.479460,1.097500,3.426096,3.758322,0.995000,0.158992,0.157210,1.218750,0.320957,0.389760,1400,1400,1400,1400,2000,2000,2000,2000,600,90,83,92,92,76,71,75,78,78,98,99,99,100,90
1466091848,1.216250,0.512217,0.622592,1.240000,3.717906,4.609080,0.995000,0.158992,0.157210,1.217500,0.318227,0.387006,1400,1400,1400,1400,2000,2000,900,900,600,93,85,95,96,77,89,84,99,93,100,100,100,100,90
1466091849,1.222500,0.339953,0.414258,1.181250,3.535970,4.174835,0.993750,0.158688,0.156894,1.217500,0.250250,0.304250,1400,1400,1400,1400,2000,2000,2000,2000,600,92,84,94,94,76,71,72,79,72,96,99,98,97,90
1466091850,1.216250,0.487207,0.592192,1.230000,3.709138,4.562070,0.993750,0.158992,0.156894,1.217500,0.317226,0.385789,1400,1400,1400,1400,2000,2000,2000,2000,600,89,82,92,92,76,90,92,91,93,100,100,100,100,90
1466091851,1.216250,0.504714,0.612864,1.235000,3.718454,4.591730,0.993750,0.158232,0.156894,1.218750,0.300937,0.365400,1400,1400,1400,1400,900,900,900,900,600,91,83,94,94,77,75,76,72,76,99,99,98,99,90
1466091852,1.216250,0.494222,0.600704,1.232500,3.731606,4.596592,0.993750,0.158688,0.156894,1.217500,0.322231,0.391874,1400,1400,1400,1400,900,900,900,900,600,92,84,95,95,76,78,77,79,80,99,100,100,100,90
1466091853,1.216250,0.499224,0.606784,1.253750,3.647214,4.569691,0.993750,0.158688,0.156894,1.217500,0.294203,0.357798,1400,1400,1400,1400,2000,2000,2000,2000,600,90,82,92,92,76,79,79,78,79,98,99,99,98,90
1466091854,1.218750,0.424987,0.516432,1.152500,3.703932,4.265856,0.995000,0.158688,0.157210,1.218750,0.328510,0.399504,1400,1400,1400,1400,2000,2000,2000,2000,600,93,84,95,95,76,78,75,72,76,97,99,100,98,90
1466091855,1.220000,0.409981,0.498980,1.231250,3.657352,4.501767,0.995000,0.159296,0.158205,1.220000,0.250705,0.305000,1400,1400,1400,1400,2000,2000,2000,2000,600,93,84,95,95,77,90,90,90,93,100,100,100,100,90
1466091856,1.217500,0.434198,0.528178,1.156250,3.649132,4.218244,0.993750,0.158688,0.156894,1.218750,0.333515,0.405594,1400,1400,1400,1400,2000,2000,2000,2000,600,91,83,93,93,76,78,76,76,72,100,97,99,98,90
1466091857,1.216250,0.497455,0.604352,1.230000,3.721468,4.576830,0.993750,0.159296,0.157887,1.217500,0.322504,0.391874,1400,1400,1400,1400,2000,2000,2000,2000,600,93,84,95,94,76,80,82,83,82,100,100,100,100,90
1466091858,1.221250,0.416508,0.507936,1.238750,3.683108,4.559554,0.995000,0.158688,0.157210,1.217500,0.322686,0.391874,1400,1400,1400,1400,2000,2000,2000,2000,600,92,84,95,95,76,71,79,76,75,99,98,99,98,90
1466091859,1.216250,0.358497,0.435328,1.183750,3.490212,4.128670,0.993750,0.159296,0.157887,1.218750,0.321230,0.390978,1400,1400,1400,1400,2000,2000,2000,2000,600,92,84,95,94,76,68,74,73,74,97,99,99,99,90
1466091860,1.216250,0.502213,0.610432,1.201250,3.522270,4.229922,0.995000,0.158992,0.157210,1.218750,0.288197,0.350784,1400,1400,1400,1400,2000,2000,2000,2000,600,92,84,94,94,77,88,92,91,94,100,100,99,100,90
1466091861,1.222500,0.339465,0.414258,1.225000,3.603922,4.413675,0.995000,0.158536,0.157210,1.218750,0.291200,0.354438,1400,1400,1400,1400,2000,2000,2000,2000,600,93,84,95,95,77,71,78,76,76,97,99,99,96,90
1466091862,1.216250,0.498248,0.605568,1.186250,3.185798,3.777410,0.995000,0.158688,0.157210,1.217500,0.327509,0.397959,1400,1400,1400,1400,900,900,900,900,600,92,85,95,96,76,81,86,86,97,99,100,100,100,90
1466091863,1.216250,0.502457,0.610432,1.177500,3.184428,3.747568,0.995000,0.158992,0.157210,1.217500,0.321685,0.390657,1400,1400,1400,1400,2000,2000,2000,2000,600,91,84,94,94,76,70,75,75,76,98,98,100,99,90
1466091864,1.220000,0.414251,0.505080,1.180000,3.332936,3.931760,0.993750,0.158992,0.156894,1.218750,0.339703,0.412902,1400,1400,1400,1400,2000,2000,2000,2000,600,91,84,94,94,76,70,76,77,72,99,99,98,99,90
1466091865,1.221250,0.410713,0.500610,1.250000,3.717906,4.646250,0.993750,0.159296,0.157887,1.218750,0.301210,0.366618,1400,1400,1400,1400,2000,2000,2000,2000,600,91,83,94,93,76,90,91,93,92,100,100,100,99,90
1466091866,1.218750,0.401258,0.488418,1.163750,3.514872,4.086782,0.995000,0.158536,0.157210,1.218750,0.225953,0.274050,1400,1400,1400,1400,900,900,900,900,600,91,84,94,94,76,75,68,78,75,98,98,98,99,90
1466091867,1.217500,0.459696,0.558603,1.207500,3.539806,4.271573,0.995000,0.158992,0.157210,1.220000,0.321230,0.391620,1400,1400,1400,1400,900,900,900,900,600,91,83,94,94,77,91,92,93,92,100,100,100,100,90
1466091868,1.216250,0.504958,0.612864,1.235000,3.805038,4.699175,0.995000,0.158992,0.157210,1.217500,0.317954,0.385789,1400,1400,1400,1400,2000,2000,2000,2000,600,90,82,93,93,77,78,77,78,74,99,98,100,100,90
1466091869,1.216250,0.503738,0.611648,1.231250,3.811340,4.691341,0.993750,0.159296,0.157887,1.217500,0.325507,0.395525,1400,1400,1400,1400,2000,2000,2000,2000,600,89,82,92,92,76,72,75,74,79,98,100,99,99,90
1466091870,1.216250,0.498736,0.605568,1.160000,3.356774,3.892960,0.993750,0.159448,0.157887,1.217500,0.310947,0.377270,1400,1400,1400,1400,2000,2000,2000,2000,600,92,84,94,94,76,82,86,84,83,98,99,98,100,90
1466091871,1.222500,0.302743,0.369044,1.175000,3.563918,4.186525,0.995000,0.158536,0.157210,1.217500,0.330512,0.401610,1400,1400,1400,1400,900,900,900,900,600,90,83,93,93,76,74,78,76,73,99,99,99,99,90
1466091872,1.216250,0.498492,0.605568,1.232500,3.806408,4.688992,0.995000,0.159296,0.158205,1.218750,0.282737,0.343476,1400,1400,1400,1400,900,900,900,900,600,91,84,94,95,77,92,90,92,92,100,100,100,99,90
1466091873,1.216250,0.510448,0.620160,1.231250,3.736812,4.599016,0.995000,0.158536,0.157210,1.217500,0.311948,0.378487,1400,1400,1400,1400,2000,2000,2000,2000,600,91,83,94,93,77,66,76,75,77,100,99,97,98,90
1466091874,1.216250,0.499468,0.606784,1.195000,3.437056,4.107215,0.993750,0.159296,0.157887,1.218750,0.328692,0.399504,1400,1400,1400,1400,900,900,900,900,600,90,82,93,93,76,76,90,82,86,99,100,100,99,90
1466091875,1.216250,0.507459,0.616512,1.242500,3.768870,4.679856,0.995000,0.159296,0.158205,1.217500,0.313222,0.380921,1400,1400,1400,1400,2000,2000,2000,2000,600,92,84,94,94,76,75,81,76,80,99,100,99,99,90
1466091876,1.217500,0.455731,0.553735,1.177500,3.628034,4.270