Timestamp,Volt,Amp,Watt,Watt-Hour
1466084526,5.000,0.707,3.534,0.000
1466084527,5.000,0.707,3.534,0.000
1466084528,5.000,0.705,3.522,0.000
1466084529,5.000,0.706,3.526,0.000
1466084530,5.000,0.704,3.519,0.000
1466084531,5.000,0.703,3.515,0.000
1466084532,5.000,0.703,3.515,0.000
1466084533,5.000,0.703,3.515,0.000
1466084534,5.000,0.704,3.519,0.000
1466084535,5.000,0.703,3.511,0.000
1466084536,5.000,0.702,3.511,0.000
1466084537,5.000,1.864,9.267,0.000
1466084538,5.000,2.421,12.007,0.000
1466084539,5.000,2.579,12.775,0.000
1466084540,5.000,2.464,12.217,0.000
1466084541,5.010,2.281,11.309,0.000
1466084542,5.000,2.205,10.935,0.000
1466084543,5.000,2.183,10.828,0.000
1466084544,5.000,2.185,10.839,0.000
1466084545,5.000,2.217,10.996,0.000
1466084546,5.000,2.214,10.984,0.000
1466084547,5.000,2.195,10.885,0.000
1466084548,5.000,2.133,10.584,0.000
1466084549,5.000,2.206,10.946,0.000
1466084550,5.000,2.087,10.355,0.000
1466084551,5.000,2.211,10.965,0.000
1466084552,5.000,2.130,10.568,0.000
1466084553,5.010,2.178,10.805,0.000
1466084554,5.000,2.170,10.763,0.000
1466084555,5.000,2.185,10.839,0.000
1466084556,5.000,2.185,10.836,0.000
1466084557,5.000,2.152,10.679,0.000
1466084558,5.000,2.213,10.981,0.000
1466084559,5.000,2.111,10.477,0.000
1466084560,5.000,2.162,10.733,0.000
1466084561,5.000,2.252,11.171,0.000
1466084562,5.000,2.038,10.114,0.000
1466084563,5.000,2.000,9.923,0.000
1466084564,5.000,2.110,10.462,0.000
1466084565,5.000,2.165,10.733,0.000
1466084566,5.000,2.091,10.370,0.000
1466084567,5.000,2.156,10.687,0.000
1466084568,5.000,2.056,10.202,0.000
1466084569,5.000,2.141,10.622,0.000
1466084570,5.000,2.160,10.710,0.000
1466084571,5.000,2.004,9.946,0.000
1466084572,5.000,2.094,10.385,0.000
1466084573,5.000,1.974,9.790,0.000
1466084574,5.000,2.251,11.175,0.000
1466084575,5.000,2.160,10.710,0.000
1466084576,5.000,2.142,10.618,0.000
1466084577,5.000,2.146,10.652,0.000
1466084578,5.000,2.097,10.408,0.000
1466084579,5.000,1.985,9.851,0.000
1466084580,5.000,1.959,9.721,0.000
1466084581,5.000,2.025,10.046,0.000
1466084582,5.000,2.049,10.171,0.000
1466084583,5.000,2.057,10.206,0.000
1466084584,5.000,2.073,10.278,0.000
1466084585,5.010,2.021,10.030,0.000
1466084586,5.000,2.178,10.809,0.000
1466084587,5.000,2.046,10.156,0.000
1466084588,5.000,2.080,10.332,0.000
1466084589,5.000,2.186,10.851,0.000
1466084590,5.000,1.993,9.897,0.000
1466084591,5.000,1.961,9.725,0.000
1466084592,5.000,2.093,10.393,0.000
1466084593,5.000,2.078,10.313,0.000
1466084594,5.000,2.177,10.797,0.000
1466084595,5.000,2.205,10.942,0.000
1466084596,5.000,1.934,9.591,0.000
1466084597,5.000,1.953,9.694,0.000
1466084598,5.010,2.088,10.362,0.000
1466084599,5.000,2.133,10.576,0.000
1466084600,5.010,2.093,10.385,0.000
1466084601,5.000,2.113,10.481,0.000
1466084602,5.000,2.179,10.805,0.000
1466084603,5.000,2.147,10.649,0.000
1466084604,5.000,2.123,10.530,0.000
1466084605,5.000,2.204,10.935,0.000
1466084606,5.000,2.153,10.679,0.000
1466084607,5.000,2.164,10.740,0.000
1466084608,5.000,2.189,10.858,0.000
1466084609,5.000,2.019,10.019,0.000
1466084610,5.000,2.255,11.187,0.000
1466084611,5.000,2.069,10.267,0.000
1466084612,5.000,2.008,9.973,0.000
1466084613,5.000,2.059,10.213,0.000
1466084614,5.000,1.940,9.629,0.000
1466084615,5.010,2.047,10.160,0.000
1466084616,5.000,2.081,10.332,0.000
1466084617,5.000,2.147,10.660,0.000
1466084618,5.000,2.109,10.473,0.000
1466084619,5.000,1.949,9.668,0.000
1466084620,5.000,2.142,10.626,0.000
1466084621,5.000,2.061,10.221,0.000
1466084622,5.000,2.131,10.565,0.000
1466084623,5.000,1.954,9.694,0.000
1466084624,5.000,2.027,10.061,0.000
1466084625,5.000,1.988,9.866,0.000
1466084626,5.000,2.083,10.336,0.000
1466084627,5.000,2.131,10.568,0.000
1466084628,5.000,2.161,10.713,0.000
1466084629,5.000,2.164,10.744,0.000
1466084630,5.000,1.964,9.748,0.000
1466084631,5.000,1.981,9.836,0.000
1466084632,5.000,2.075,10.294,0.000
1466084633,5.000,2.003,9.935,0.000
1466084634,5.000,2.154,10.679,0.000
1466084635,5.010,2.214,10.992,0.000
1466084636,5.000,2.165,10.736,0.000
1466084637,5.000,2.107,10.454,0.000
1466084638,5.000,2.169,10.759,0.000
1466084639,5.010,2.172,10.771,0.000
1466084640,5.000,2.122,10.530,0.000
1466084641,5.000,1.930,9.580,0.000
1466084642,5.000,2.085,10.347,0.000
1466084643,5.000,2.230,11.061,0.000
1466084644,5.000,2.063,10.233,0.000
1466084645,5.000,1.956,9.710,0.000
1466084646,5.000,2.095,10.393,0.000
1466084647,5.000,2.165,10.740,0.000
1466084648,5.000,2.175,10.786,0.000
1466084649,5.000,2.169,10.755,0.000
1466084650,5.000,2.147,10.645,0.000
1466084651,5.000,2.068,10.267,0.000
1466084652,5.000,2.068,10.255,0.000
1466084653,5.000,1.938,9.610,0.000
1466084654,5.000,1.980,9.828,0.000
1466084655,5.000,2.055,10.198,0.000
1466084656,5.000,2.252,11.171,0.000
1466084657,5.000,2.247,11.141,0.000
1466084658,5.000,2.063,10.236,0.000
1466084659,5.000,2.011,9.981,0.000
1466084660,5.000,2.068,10.263,0.000
1466084661,5.000,2.128,10.565,0.000
1466084662,5.000,2.233,11.080,0.000
1466084663,5.000,2.234,11.088,0.000
1466084664,5.000,2.070,10.282,0.000
1466084665,5.000,2.084,10.339,0.000
1466084666,5.000,2.142,10.629,0.000
1466084667,5.000,1.957,9.706,0.000
1466084668,5.000,2.218,11.007,0.000
1466084669,5.000,2.204,10.927,0.000
1466084670,5.000,2.061,10.233,0.000
1466084671,5.000,2.075,10.301,0.000
1466084672,5.000,2.020,10.030,0.000
1466084673,5.000,2.128,10.557,0.000
1466084674,5.010,2.133,10.576,0.000
1466084675,5.000,2.205,10.942,0.000
1466084676,5.000,2.040,10.126,0.000
1466084677,5.000,2.097,10.404,0.000
1466084678,5.000,2.066,10.244,0.000
1466084679,5.000,2.205,10.935,0.000
1466084680,5.000,2.041,10.133,0.000
1466084681,5.000,2.000,9.923,0.000
1466084682,5.000,2.041,10.122,0.000
1466084683,5.000,2.164,10.729,0.000
1466084684,5.000,2.166,10.744,0.000
1466084685,5.000,1.938,9.614,0.000
1466084686,5.000,2.030,10.080,0.000
1466084687,5.000,1.956,9.710,0.000
1466084688,5.000,1.966,9.755,0.000
1466084689,5.000,2.163,10.729,0.000
1466084690,5.000,2.125,10.534,0.000
1466084691,5.000,2.173,10.775,0.000
1466084692,5.000,2.131,10.565,0.000
1466084693,5.000,2.052,10.187,0.000
1466084694,5.000,2.032,10.080,0.000
1466084695,5.000,2.148,10.656,0.000
1466084696,5.000,2.094,10.381,0.000
1466084697,5.000,2.110,10.473,0.000
1466084698,5.000,2.040,10.122,0.000
1466084699,5.000,2.021,10.026,0.000
1466084700,5.000,2.163,10.725,0.000
1466084701,5.000,2.171,10.767,0.000
1466084702,5.000,2.162,10.717,0.000
1466084703,5.000,2.117,10.511,0.000
1466084704,5.000,1.939,9.622,0.000
1466084705,5.000,2.037,10.110,0.000
1466084706,5.000,2.012,9.984,0.000
1466084707,5.000,2.020,10.019,0.000
1466084708,5.000,1.981,9.832,0.000
1466084709,5.000,2.134,10.580,0.000
1466084710,5.000,2.184,10.836,0.000
1466084711,5.000,2.165,10.744,0.000
1466084712,5.000,1.955,9.702,0.000
1466084713,5.000,2.057,10.213,0.000
1466084714,5.000,2.056,10.198,0.000
1466084715,5.000,2.200,10.920,0.000
1466084716,5.000,2.227,11.049,0.000
1466084717,5.000,1.953,9.691,0.000
1466084718,5.010,2.126,10.546,0.000
1466084719,5.000,2.167,10.752,0.000
1466084720,5.000,2.212,10.981,0.000
1466084721,5.000,2.066,10.244,0.000
1466084722,5.000,1.966,9.755,0.000
1466084723,5.000,1.952,9.687,0.000
1466084724,5.010,2.135,10.587,0.000
1466084725,5.000,2.131,10.572,0.000
1466084726,5.000,2.087,10.362,0.000
1466084727,5.000,1.993,9.893,0.000
1466084728,5.000,2.047,10.149,0.000
1466084729,5.000,2.118,10.500,0.000
1466084731,5.000,2.123,10.526,0.000
1466084732,5.000,2.197,10.897,0.000
1466084733,5.000,2.160,10.717,0.000
1466084734,5.000,2.075,10.294,0.000
1466084735,5.000,2.012,9.981,0.000
1466084736,5.000,2.178,10.797,0.000
1466084737,5.000,1.949,9.675,0.000
1466084738,5.000,2.030,10.076,0.000
1466084739,5.000,2.036,10.099,0.000
1466084740,5.000,2.193,10.881,0.000
1466084741,5.000,2.128,10.557,0.000
1466084742,5.000,2.185,10.836,0.000
1466084743,5.000,1.999,9.920,0.000
1466084744,5.000,2.010,9.965,0.000
1466084745,5.000,2.035,10.099,0.000
1466084746,5.000,2.228,11.053,0.000
1466084747,5.000,2.208,10.958,0.000
1466084748,5.010,2.171,10.767,0.000
1466084749,5.000,1.675,8.332,0.000
1466084750,5.000,0.951,4.748,0.000
1466084751,5.000,0.912,4.553,0.000
1466084752,5.000,0.895,4.469,0.000
1466084753,5.000,0.885,4.416,0.000
1466084754,5.000,0.876,4.374,0.000
1466084755,5.000,0.868,4.335,0.000
1466084756,5.000,0.866,4.324,0.000
1466084757,5.010,0.862,4.301,0.000
1466084758,5.000,0.857,4.282,0.000
