Timestamp,Volt,Amp,Watt,Watt-Hour
1466084319,5.000,0.684,3.419,0.000
1466084320,5.000,0.684,3.419,0.000
1466084321,5.000,0.683,3.416,0.000
1466084322,5.000,0.683,3.416,0.000
1466084323,5.000,0.682,3.416,0.000
1466084324,5.000,0.683,3.416,0.000
1466084325,5.000,0.683,3.416,0.000
1466084326,5.000,0.682,3.412,0.000
1466084327,5.000,0.683,3.416,0.000
1466084328,5.000,0.683,3.412,0.000
1466084329,5.000,0.683,3.416,0.000
1466084330,5.000,1.578,7.862,0.000
1466084331,5.000,1.576,7.847,0.000
1466084332,5.000,2.006,9.981,0.000
1466084333,5.000,2.042,10.149,0.000
1466084334,5.000,2.082,10.347,0.000
1466084335,5.000,2.085,10.358,0.000
1466084336,5.000,2.111,10.488,0.000
1466084337,5.000,2.122,10.546,0.000
1466084338,5.000,2.123,10.546,0.000
1466084339,5.000,2.156,10.710,0.000
1466084340,5.000,2.171,10.786,0.000
1466084341,5.000,2.050,10.183,0.000
1466084342,5.000,2.070,10.282,0.000
1466084343,5.000,2.193,10.889,0.000
1466084344,5.000,2.183,10.839,0.000
1466084345,5.000,2.095,10.404,0.000
1466084346,5.000,2.202,10.931,0.000
1466084347,5.000,2.176,10.813,0.000
1466084348,5.000,2.046,10.164,0.000
1466084349,5.000,2.044,10.152,0.000
1466084350,5.000,2.035,10.110,0.000
1466084351,5.000,2.042,10.145,0.000
1466084352,5.010,2.125,10.553,0.000
1466084353,5.000,2.056,10.213,0.000
1466084354,5.000,2.031,10.091,0.000
1466084355,5.000,2.099,10.427,0.000
1466084356,5.000,2.052,10.191,0.000
1466084357,5.000,2.076,10.313,0.000
1466084358,5.000,2.038,10.126,0.000
1466084359,5.000,2.013,10.004,0.000
1466084360,5.000,2.043,10.145,0.000
1466084361,5.000,2.029,10.076,0.000
1466084362,5.010,2.200,10.923,0.000
1466084363,5.010,2.075,10.309,0.000
1466084364,5.010,2.050,10.183,0.000
1466084365,5.000,2.006,9.965,0.000
1466084366,5.000,2.074,10.301,0.000
1466084367,5.000,2.053,10.198,0.000
1466084368,5.000,2.041,10.141,0.000
1466084369,5.000,2.048,10.175,0.000
1466084370,5.010,2.034,10.107,0.000
1466084371,5.000,2.028,10.076,0.000
1466084372,5.000,2.035,10.114,0.000
1466084373,5.000,2.028,10.080,0.000
1466084374,5.000,2.025,10.061,0.000
1466084375,5.000,2.034,10.103,0.000
1466084376,5.000,2.033,10.099,0.000
1466084377,5.000,2.041,10.133,0.000
1466084378,5.000,2.090,10.381,0.000
1466084379,5.000,2.045,10.160,0.000
1466084380,5.000,2.033,10.099,0.000
1466084381,5.000,2.073,10.297,0.000
1466084382,5.000,2.052,10.194,0.000
1466084383,5.000,2.030,10.084,0.000
1466084384,5.000,1.900,9.439,0.000
1466084385,5.000,2.049,10.179,0.000
1466084386,5.000,2.039,10.129,0.000
1466084387,5.000,2.052,10.187,0.000
1466084388,5.000,2.054,10.202,0.000
1466084389,5.000,2.022,10.046,0.000
1466084390,5.010,2.093,10.393,0.000
1466084391,5.000,2.046,10.168,0.000
1466084392,5.000,2.059,10.225,0.000
1466084393,5.000,2.023,10.046,0.000
1466084394,5.010,2.030,10.080,0.000
1466084395,5.000,2.050,10.187,0.000
1466084396,5.010,2.051,10.187,0.000
1466084397,5.000,2.035,10.114,0.000
1466084398,5.000,2.054,10.210,0.000
1466084399,5.000,2.035,10.110,0.000
1466084400,5.000,1.903,9.454,0.000
1466084401,5.000,2.030,10.084,0.000
1466084402,5.000,1.963,9.752,0.000
1466084403,5.000,2.016,10.011,0.000
1466084404,5.000,2.024,10.049,0.000
1466084405,5.000,2.074,10.301,0.000
1466084406,5.010,2.041,10.137,0.000
1466084407,5.000,2.034,10.103,0.000
1466084408,5.010,2.041,10.133,0.000
1466084409,5.000,2.083,10.351,0.000
1466084410,5.000,1.999,9.939,0.000
1466084411,5.000,2.021,10.034,0.000
1466084412,5.000,2.018,10.023,0.000
1466084413,5.000,2.035,10.110,0.000
1466084414,5.000,2.044,10.152,0.000
1466084415,5.000,2.031,10.087,0.000
1466084416,5.000,1.977,9.820,0.000
1466084417,5.000,2.016,10.015,0.000
1466084418,5.000,2.039,10.133,0.000
1466084419,5.000,1.902,9.450,0.000
1466084420,5.000,2.031,10.091,0.000
1466084421,5.000,2.015,10.011,0.000
1466084422,5.000,1.988,9.878,0.000
1466084423,5.000,1.938,9.629,0.000
1466084425,5.000,2.027,10.068,0.000
1466084426,5.000,1.992,9.893,0.000
1466084427,5.000,1.963,9.752,0.000
1466084428,5.000,2.035,10.107,0.000
1466084429,5.000,1.871,9.297,0.000
1466084430,5.000,1.868,9.282,0.000
1466084431,5.000,1.945,9.664,0.000
1466084432,5.000,2.034,10.107,0.000
1466084433,5.000,2.032,10.091,0.000
1466084434,5.000,2.035,10.107,0.000
1466084435,5.000,2.013,9.996,0.000
1466084436,5.000,1.965,9.763,0.000
1466084437,5.000,2.010,9.984,0.000
1466084438,5.000,2.017,10.015,0.000
1466084439,5.000,2.031,10.087,0.000
1466084440,5.000,2.023,10.046,0.000
1466084441,5.000,1.982,9.843,0.000
1466084442,5.000,2.040,10.129,0.000
1466084443,5.000,2.052,10.191,0.000
1466084444,5.000,2.041,10.137,0.000
1466084445,5.000,2.008,9.973,0.000
1466084446,5.000,2.032,10.099,0.000
1466084447,5.010,2.021,10.038,0.000
1466084448,5.000,1.950,9.687,0.000
1466084449,5.000,2.018,10.023,0.000
1466084450,5.000,2.044,10.156,0.000
1466084451,5.000,1.871,9.297,0.000
1466084452,5.000,1.885,9.362,0.000
1466084453,5.000,1.853,9.206,0.000
1466084454,5.000,1.908,9.484,0.000
1466084455,5.000,2.038,10.122,0.000
1466084456,5.000,1.971,9.790,0.000
1466084457,5.000,2.017,10.019,0.000
1466084458,5.000,2.030,10.080,0.000
1466084459,5.000,1.989,9.878,0.000
1466084460,5.000,2.012,9.992,0.000
1466084461,5.000,2.047,10.168,0.000
1466084462,5.000,1.879,9.336,0.000
1466084463,5.000,2.010,9.981,0.000
1466084464,5.000,2.032,10.087,0.000
1466084465,5.000,2.046,10.164,0.000
1466084466,5.000,2.029,10.080,0.000
1466084467,5.000,2.018,10.023,0.000
1466084468,5.000,1.898,9.427,0.000
1466084469,5.000,2.007,9.977,0.000
1466084470,5.000,2.016,10.011,0.000
1466084471,5.000,2.050,10.183,0.000
1466084472,5.000,2.025,10.057,0.000
1466084473,5.000,2.037,10.126,0.000
1466084474,5.000,2.071,10.282,0.000
1466084475,5.000,2.030,10.080,0.000
1466084476,5.000,2.026,10.065,0.000
1466084477,5.000,1.958,9.725,0.000
1466084478,5.000,1.854,9.217,0.000
1466084479,5.000,1.885,9.362,0.000
1466084480,5.010,1.889,9.381,0.000
1466084481,5.000,1.891,9.397,0.000
1466084482,5.000,1.959,9.736,0.000
1466084483,5.000,2.040,10.133,0.000
1466084484,5.000,1.918,9.530,0.000
1466084485,5.000,2.019,10.030,0.000
1466084486,5.000,2.001,9.939,0.000
1466084487,5.000,2.010,9.977,0.000
1466084488,5.000,1.901,9.446,0.000
1466084489,5.000,1.955,9.713,0.000
1466084490,5.000,2.032,10.095,0.000
1466084491,5.000,2.015,10.007,0.000
1466084492,5.000,2.048,10.171,0.000
1466084493,5.000,2.046,10.160,0.000
1466084494,5.000,2.094,10.404,0.000
1466084495,5.000,2.015,10.007,0.000
1466084496,5.000,2.036,10.110,0.000
1466084497,5.000,1.987,9.870,0.000
1466084498,5.000,1.880,9.343,0.000
1466084499,5.000,1.946,9.664,0.000
1466084500,5.000,2.010,9.984,0.000
1466084501,5.000,2.042,10.141,0.000
1466084502,5.000,2.048,10.168,0.000
1466084503,5.000,2.052,10.187,0.000
1466084504,5.000,2.050,10.179,0.000
1466084505,5.000,2.022,10.038,0.000
1466084506,5.000,2.036,10.114,0.000
1466084507,5.000,2.046,10.164,0.000
1466084508,5.000,1.991,9.889,0.000
1466084509,5.000,1.894,9.412,0.000
1466084510,5.000,2.053,10.194,0.000
1466084511,5.000,2.023,10.046,0.000
1466084512,5.000,1.914,9.504,0.000
1466084513,5.000,1.988,9.874,0.000
1466084514,5.000,1.007,5.023,0.000
1466084515,5.000,0.923,4.610,0.000
1466084516,5.000,0.907,4.526,0.000
1466084517,5.010,0.879,4.393,0.000
1466084518,5.000,0.881,4.397,0.000
1466084519,5.000,0.863,4.309,0.000
1466084520,5.000,0.753,3.759,0.000
1466084521,5.000,0.719,3.595,0.000
1466084522,5.000,0.738,3.687,0.000
1466084523,5.000,0.712,3.561,0.000
