Timestamp,A7_Volt,A7_Amp,A7_Watt,A15_Volt,A15_Amp,A15_Watt,GPU_Volt,GPU_Amp,GPU_Watt,Mem_Volt,Mem_Amp,Mem_Watt,CPU0_Freq,CPU1_Freq,CPU2_Freq,CPU3_Freq,CPU4_Freq,CPU5_Freq,CPU6_Freq,CPU7_Freq,GPU_Freq,CPU4_Temp,CPU5_Temp,CPU6_Temp,CPU7_Temp,GPU_Temp,CPU0_USG,CPU1_USG,CPU2_USG,CPU3_USG,CPU4_USG,CPU5_USG,CPU6_USG,CPU7_USG,Fan_Speed_%
1466084761,1.237500,0.117242,0.144729,1.285000,0.892144,1.146220,0.992500,0.111720,0.110112,1.216250,0.015470,0.018240,1400,1400,1400,1400,2000,2000,2000,2000,600,64,59,65,62,58,0,0,0,0,4,7,2,3,0
1466084762,1.237500,0.118218,0.145966,1.285000,0.889952,1.142365,0.993750,0.110960,0.109230,1.216250,0.015470,0.018240,1400,1400,1400,1400,2000,2000,2000,2000,600,64,59,65,62,58,0,0,0,0,0,0,0,0,0
1466084763,1.237500,0.116998,0.143492,1.285000,0.885294,1.137225,0.993750,0.110200,0.109230,1.216250,0.015743,0.018240,1400,1400,1400,1400,2000,2000,2000,2000,600,63,59,65,62,57,0,0,0,0,0,0,0,0,0
1466084764,1.237500,0.116510,0.143492,1.285000,0.884746,1.135940,0.992500,0.110200,0.109120,1.216250,0.015743,0.018240,1400,1400,1400,1400,2000,2000,2000,2000,600,63,59,64,62,57,0,0,0,0,0,0,0,0,0
1466084765,1.237500,0.114985,0.141018,1.285000,0.883650,1.134655,0.992500,0.110048,0.109120,1.216250,0.015470,0.018240,1400,1400,1400,1400,2000,2000,2000,2000,600,63,59,64,62,57,0,0,0,0,0,0,0,0,0
1466084766,1.237500,0.114985,0.141018,1.285000,0.886664,1.138510,0.992500,0.109744,0.108128,1.216250,0.015743,0.018240,1400,1400,1400,1400,2000,2000,2000,2000,600,63,59,64,62,57,0,0,0,0,0,0,0,1,0
1466084767,1.237500,0.114985,0.141018,1.285000,0.880088,1.130800,0.992500,0.109440,0.108128,1.216250,0.015470,0.018240,1400,1400,1400,1400,2000,2000,2000,2000,600,63,59,64,62,57,0,0,0,0,0,0,0,0,0
1466084768,1.237500,0.116022,0.143492,1.285000,0.881732,1.132085,0.992500,0.109288,0.108128,1.216250,0.015743,0.018240,1400,1400,1400,1400,2000,2000,2000,2000,600,63,59,64,62,57,0,0,0,0,0,0,0,0,0
1466084769,1.237500,0.116510,0.143492,1.285000,0.880910,1.130800,0.992500,0.109288,0.108128,1.216250,0.015470,0.018240,1400,1400,1400,1400,2000,2000,2000,2000,600,63,59,64,62,57,0,0,0,0,0,0,0,0,0
1466084770,1.237500,0.114985,0.141018,1.285000,0.880910,1.130800,0.992500,0.109288,0.108128,1.216250,0.017472,0.020672,1400,1400,1400,1400,2000,2000,2000,2000,600,64,59,66,64,57,0,0,0,0,0,0,0,0,0
1466084771,1.215000,0.633973,0.769095,1.301250,3.915460,5.093415,0.993750,0.117496,0.116181,1.225000,0.159978,0.194775,1400,1400,1400,1400,2000,2000,2000,2000,600,81,73,83,83,65,80,75,73,79,78,77,77,77,0
1466084772,1.216250,0.450973,0.547200,1.300000,3.496514,4.544800,0.993750,0.126008,0.125118,1.227500,0.252980,0.309204,1400,1400,1400,1400,2000,2000,2000,2000,600,83,75,86,85,67,88,89,87,86,100,100,100,99,70
1466084773,1.217500,0.419497,0.509923,1.302500,4.074654,5.304348,0.993750,0.133304,0.132069,1.218750,0.245245,0.298410,1400,1400,1400,1400,2000,2000,2000,2000,600,86,78,89,89,70,98,99,99,100,99,100,100,100,70
1466084774,1.216250,0.425231,0.516800,1.303750,4.200146,5.472600,0.993750,0.137408,0.136041,1.218750,0.248976,0.302064,1400,1400,1400,1400,2000,2000,2000,2000,600,88,80,91,91,71,100,100,100,100,100,100,99,100,70
1466084776,1.217500,0.428708,0.520876,1.303750,4.223710,5.502569,0.993750,0.141512,0.140013,1.218750,0.252252,0.306936,1400,1400,1400,1400,2000,2000,2000,2000,600,90,82,93,93,73,98,100,100,99,99,99,100,100,70
1466084777,1.216250,0.432490,0.525312,1.303750,4.189460,5.458267,0.993750,0.146224,0.144978,1.218750,0.249704,0.303282,1400,1400,1400,1400,2000,2000,2000,2000,600,92,84,95,95,74,97,99,100,99,100,100,100,99,70
1466084778,1.216250,0.429989,0.521664,1.253750,3.566658,4.468198,0.993750,0.148504,0.146964,1.221250,0.218946,0.266178,1400,1400,1400,1400,900,900,900,900,600,90,83,94,94,74,92,99,99,100,100,100,100,100,70
1466084779,1.216250,0.432978,0.525312,1.246250,3.834082,4.777164,0.993750,0.150480,0.148950,1.218750,0.249704,0.303282,1400,1400,1400,1400,900,900,900,900,600,91,84,95,95,75,98,99,100,99,99,100,100,99,70
1466084780,1.216250,0.433710,0.526528,1.270000,4.118220,5.229860,0.993750,0.152000,0.150936,1.218750,0.238238,0.289884,1400,1400,1400,1400,900,900,900,900,600,91,83,94,94,75,98,99,100,100,100,99,100,100,70
1466084781,1.216250,0.432490,0.525312,1.241250,3.498980,4.341018,0.993750,0.152760,0.150936,1.220000,0.236964,0.287920,1400,1400,1400,1400,900,900,900,900,600,89,82,93,94,75,98,98,100,99,100,100,100,100,70
1466084782,1.216250,0.419253,0.509504,1.202500,3.305262,3.972610,0.995000,0.153216,0.152235,1.218750,0.232778,0.282576,1400,1400,1400,1400,2000,2000,2000,2000,600,92,84,95,95,75,96,99,100,89,99,100,100,100,70
1466084783,1.216250,0.434198,0.527744,1.230000,3.798188,4.671540,0.993750,0.153520,0.151929,1.218750,0.250523,0.304500,1400,1400,1400,1400,2000,2000,2000,2000,600,92,84,95,95,75,98,100,100,98,100,100,100,100,90
1466084784,1.216250,0.433466,0.526528,1.283750,3.839836,4.925437,0.993750,0.154280,0.152922,1.218750,0.247975,0.300846,1400,1400,1400,1400,2000,2000,2000,2000,600,92,84,95,95,75,99,100,100,98,100,99,100,99,90
1466084785,1.216250,0.437248,0.531392,1.231250,3.791338,4.666721,0.993750,0.154280,0.152922,1.220000,0.237965,0.289140,1400,1400,1400,1400,2000,2000,2000,2000,600,92,84,95,95,75,99,100,100,99,100,100,99,100,90
1466084786,1.216250,0.436211,0.530176,1.228750,3.427466,4.208356,0.993750,0.154736,0.152922,1.220000,0.254709,0.309880,1400,1400,1400,1400,2000,2000,2000,2000,600,92,84,95,95,75,98,100,100,96,100,100,100,99,90
1466084787,1.216250,0.434747,0.527744,1.287500,3.893266,5.010291,0.993750,0.154736,0.152922,1.217500,0.254982,0.309118,1400,1400,1400,1400,900,900,900,900,600,90,83,94,95,76,99,100,100,98,100,100,100,100,90
1466084788,1.216250,0.437004,0.531392,1.253750,3.653790,4.577209,0.993750,0.155192,0.153915,1.220000,0.236509,0.287920,1400,1400,1400,1400,2000,2000,2000,2000,600,92,84,95,95,76,99,100,100,97,100,100,100,100,90
1466084789,1.216250,0.436455,0.530176,1.231250,3.628034,4.466068,0.993750,0.155040,0.153915,1.217500,0.253253,0.307901,1400,1400,1400,1400,2000,2000,2000,2000,600,92,84,95,95,76,99,100,100,98,100,100,100,100,90
1466084790,1.216250,0.435723,0.528960,1.243750,3.609128,4.485987,0.993750,0.155496,0.153915,1.218750,0.247520,0.300846,1400,1400,1400,1400,2000,2000,2000,2000,600,92,84,95,95,76,99,100,100,98,100,100,99,100,90
1466084791,1.216250,0.440237,0.535040,1.230000,3.878470,4.769940,0.995000,0.155952,0.154225,1.221250,0.241241,0.294261,1400,1400,1400,1400,2000,2000,2000,2000,600,92,84,95,95,76,98,100,100,98,100,100,100,100,90
1466084792,1.216250,0.435235,0.528960,1.253750,3.692424,4.626076,0.995000,0.155800,0.154225,1.218750,0.256256,0.311808,1400,1400,1400,1400,2000,2000,2000,2000,600,92,84,95,95,76,99,100,100,99,99,99,99,100,90
1466084793,1.216250,0.434198,0.527744,1.230000,3.629678,4.463670,0.993750,0.155952,0.153915,1.218750,0.237510,0.288666,1400,1400,1400,1400,900,900,900,900,600,91,84,95,95,76,99,100,100,96,100,100,100,100,90
1466084794,1.216250,0.435723,0.528960,1.236250,3.828054,4.731408,0.993750,0.155952,0.153915,1.220000,0.242697,0.295240,1400,1400,1400,1400,900,900,900,900,600,93,85,95,95,76,99,100,100,99,100,99,100,99,90
1466084795,1.216250,0.435235,0.528960,1.233750,3.662558,4.515246,0.993750,0.155800,0.153915,1.220000,0.248521,0.302560,1400,1400,1400,1400,2000,2000,2000,2000,600,92,84,95,94,76,99,100,100,98,100,100,100,100,90
1466084796,1.216250,0.437004,0.531392,1.236250,3.715714,4.591740,0.995000,0.156408,0.155220,1.220000,0.242970,0.295240,1400,1400,1400,1400,2000,2000,2000,2000,600,91,83,94,94,76,99,100,100,95,100,100,100,100,90
1466084797,1.216250,0.436455,0.530176,1.255000,3.793804,4.760215,0.995000,0.155800,0.154225,1.221250,0.219947,0.267399,1400,1400,1400,1400,2000,2000,2000,2000,600,91,83,94,93,76,99,100,100,97,99,99,98,100,90
1466084798,1.216250,0.435723,0.528960,1.260000,3.691328,4.650660,0.995000,0.156408,0.155220,1.220000,0.250250,0.305000,1400,1400,1400,1400,2000,2000,2000,2000,600,92,84,95,95,76,97,100,100,98,100,100,100,100,90
1466084799,1.216250,0.437004,0.531392,1.243750,3.731606,4.637633,0.995000,0.156408,0.155220,1.220000,0.226772,0.275720,1400,1400,1400,1400,2000,2000,2000,2000,600,91,83,94,93,76,98,100,100,96,100,100,100,99,90
1466084800,1.216250,0.433222,0.526528,1.242500,3.475690,4.315950,0.995000,0.156408,0.155220,1.218750,0.255528,0.310590,1400,1400,1400,1400,2000,2000,2000,2000,600,92,84,95,95,76,99,100,100,98,100,100,100,100,90
1466084801,1.216250,0.435479,0.528960,1.181250,3.564740,4.209084,0.995000,0.156408,0.155220,1.218750,0.230230,0.280140,1400,1400,1400,1400,2000,2000,2000,2000,600,91,83,94,93,76,98,100,100,98,99,100,100,100,90
1466084802,1.216250,0.436699,0.530176,1.220000,3.660092,4.465200,0.995000,0.156408,0.155220,1.218750,0.248976,0.302064,1400,1400,1400,1400,2000,2000,2000,2000,600,92,84,95,95,76,98,100,100,98,100,100,100,99,90
1466084803,1.216250,0.434747,0.527744,1.278750,3.936010,5.030208,0.995000,0.156712,0.155220,1.221250,0.221767,0.269841,1400,1400,1400,1400,2000,2000,2000,2000,600,92,84,95,95,76,97,100,100,99,99,100,99,100,90
1466084804,1.216250,0.436455,0.530176,1.230000,3.639816,4.475970,0.993750,0.156256,0.154908,1.218750,0.259441,0.315462,1400,1400,1400,1400,2000,2000,2000,2000,600,91,83,94,94,76,98,100,100,98,100,100,100,100,90
1466084805,1.216250,0.434747,0.527744,1.241250,3.606114,4.475046,0.993750,0.156408,0.154908,1.220000,0.226499,0.275720,1400,1400,1400,1400,2000,2000,2000,2000,600,92,84,95,95,76,98,100,100,98,100,99,100,100,90
1466084806,1.216250,0.435479,0.528960,1.162500,3.278958,3.809036,0.993750,0.156408,0.154908,1.217500,0.254527,0.309118,1400,1400,1400,1400,2000,2000,2000,2000,600,92,84,95,95,76,98,100,100,99,100,100,100,100,90
1466084807,1.216250,0.435967,0.528960,1.280000,3.945326,5.049600,0.993750,0.156408,0.154908,1.221250,0.224224,0.273504,1400,1400,1400,1400,2000,2000,2000,2000,600,90,83,93,93,76,98,100,100,99,99,100,100,100,90
1466084808,1.216250,0.435967,0.528960,1.303750,4.017662,5.234151,0.993750,0.156408,0.154908,1.221250,0.229775,0.279609,1400,1400,1400,1400,2000,2000,2000,2000,600,90,82,93,92,76,98,100,100,98,100,100,100,100,90
1466084809,1.216250,0.438956,0.532608,1.230000,3.604470,4.432920,0.993750,0.156256,0.154908,1.218750,0.256256,0.311808,1400,1400,1400,1400,900,900,900,900,600,89,82,93,93,76,98,100,100,98,100,100,100,99,90
1466084810,1.216250,0.434198,0.527744,1.245000,3.855728,4.799475,0.993750,0.156712,0.154908,1.220000,0.251251,0.306220,1400,1400,1400,1400,900,900,900,900,600,90,83,93,93,76,99,100,100,99,100,100,100,99,90
1466084811,1.216250,0.434198,0.527744,1.226250,3.435138,4.211310,0.993750,0.156256,0.154908,1.220000,0.239239,0.291580,1400,1400,1400,1400,2000,2000,2000,2000,600,92,84,95,95,76,97,100,100,99,99,100,100,100,90
1466084812,1.216250,0.434503,0.527744,1.205000,3.537340,4.262085,0.995000,0.157016,0.156215,1.218750,0.252707,0.306936,1400,1400,1400,1400,2000,2000,2000,2000,600,92,84,95,95,76,97,100,100,99,100,99,99,100,90
1466084813,1.216250,0.436699,0.530176,1.273750,3.916556,4.985068,0.995000,0.156408,0.155220,1.220000,0.232232,0.283040,1400,1400,1400,1400,2000,2000,2000,2000,600,92,84,95,95,76,98,100,100,97,99,100,100,100,90
1466084814,1.216250,0.437736,0.531392,1.230000,3.762568,4.627260,0.995000,0.157168,0.156215,1.218750,0.255528,0.310590,1400,1400,1400,1400,2000,2000,2000,2000,600,92,84,95,95,76,98,100,100,99,100,100,100,100,90
1466084815,1.216250,0.434991,0.527744,1.230000,3.638446,4.474740,0.995000,0.156712,0.155220,1.220000,0.240513,0.292800,1400,1400,1400,1400,2000,2000,2000,2000,600,92,84,95,94,76,97,100,100,99,100,100,100,99,90
1466084816,1.216250,0.438468,0.532608,1.223750,3.281150,4.012663,0.995000,0.156712,0.155220,1.221250,0.222222,0.271062,1400,1400,1400,1400,2000,2000,2000,2000,600,91,84,94,94,76,98,100,100,97,100,100,100,100,90
1466084817,1.216250,0.433710,0.526528,1.231250,3.641186,4.482071,0.995000,0.157016,0.156215,1.218750,0.257439,0.313026,1400,1400,1400,1400,2000,2000,2000,2000,600,91,83,94,94,76,98,99,100,99,100,100,100,100,90
1466084818,1.216250,0.437004,0.531392,1.247500,3.809696,4.749823,0.995000,0.156712,0.155220,1.218750,0.251979,0.305718,1400,1400,1400,1400,2000,2000,2000,2000,600,91,83,94,93,76,96,100,100,98,100,99,100,99,90
1466084819,1.216250,0.437736,0.531392,1.236250,3.444180,4.256784,0.995000,0.157168,0.156215,1.220000,0.228774,0.278160,1400,1400,1400,1400,900,900,900,900,600,93,84,96,95,76,98,100,100,99,100,100,100,100,90
1466084820,1.216250,0.437492,0.531392,1.162500,3.291562,3.824142,0.995000,0.157016,0.156215,1.218750,0.258440,0.314244,1400,1400,1400,1400,2000,2000,2000,2000,600,92,84,95,94,76,97,100,100,97,99,100,99,100,90
1466084821,1.216250,0.434991,0.527744,1.233750,3.612690,4.453596,0.995000,0.157168,0.156215,1.218750,0.251706,0.305718,1400,1400,1400,1400,900,900,900,900,600,91,83,94,94,76,99,100,100,98,100,100,100,99,90
1466084822,1.216250,0.439993,0.533824,1.245000,3.850522,4.793250,0.993750,0.157016,0.155901,1.218750,0.226226,0.275268,1400,1400,1400,1400,900,900,900,900,600,90,83,93,94,76,99,100,100,99,99,100,100,100,90
1466084823,1.216250,0.434503,0.527744,1.160000,3.294850,3.821040,0.995000,0.157168,0.156215,1.221250,0.244972,0.297924,1400,1400,1400,1400,900,900,900,900,600,90,83,93,94,76,99,100,100,97,100,99,100,100,90
1466084824,1.216250,0.432246,0.525312,1.242500,3.686670,4.578012,0.995000,0.157168,0.156215,1.218750,0.250705,0.304500,1400,1400,1400,1400,900,900,900,900,600,90,83,94,93,76,97,100,100,99,100,100,100,99,90
1466084825,1.216250,0.437980,0.531392,1.226250,3.441166,4.218666,0.993750,0.156408,0.154908,1.218750,0.252525,0.306936,1400,1400,1400,1400,900,900,900,900,600,91,84,94,94,76,97,100,100,96,100,99,100,99,90
1466084826,1.216250,0.435967,0.528960,1.160000,3.363076,3.901080,0.995000,0.157168,0.156215,1.220000,0.238511,0.290360,1400,1400,1400,1400,900,900,900,900,600,90,83,94,94,76,99,100,100,99,100,100,100,100,90
1466084827,1.216250,0.437004,0.531392,1.230000,3.522270,4.332060,0.993750,0.157168,0.155901,1.218750,0.252707,0.306936,1400,1400,1400,1400,2000,2000,2000,2000,600,92,84,95,95,76,99,100,100,96,100,99,99,100,90
1466084828,1.216250,0.438224,0.532608,1.255000,3.782022,4.746410,0.993750,0.157016,0.155901,1.221250,0.223223,0.272283,1400,1400,1400,1400,900,900,900,900,600,90,83,93,93,76,98,100,100,98,100,100,100,100,90
1466084829,1.216250,0.434991,0.527744,1.162500,3.171550,3.684702,0.995000,0.157016,0.156215,1.218750,0.245245,0.298410,1400,1400,1400,1400,900,900,900,900,600,90,83,94,94,76,98,100,99,98,99,100,100,99,90
1466084830,1.216250,0.434198,0.527744,1.230000,3.632418,4.467360,0.995000,0.156712,0.155220,1.218750,0.240240,0.292320,1400,1400,1400,1400,900,900,900,900,600,90,83,94,94,76,97,100,100,98,100,100,100,100,90
1466084831,1.216250,0.438468,0.532608,1.237500,3.505556,4.335685,0.995000,0.157168,0.156215,1.218750,0.258713,0.314244,1400,1400,1400,1400,2000,2000,2000,2000,600,92,84,95,94,76,97,100,100,97,100,100,100,100,90
1466084832,1.216250,0.435479,0.528960,1.228750,3.694068,4.536232,0.995000,0.156712,0.155220,1.220000,0.225953,0.274500,1400,1400,1400,1400,2000,2000,2000,2000,600,92,84,95,95,76,98,100,100,98,100,100,100,99,90
1466084833,1.216250,0.434198,0.527744,1.226250,3.447194,4.226022,0.995000,0.157472,0.156215,1.218750,0.256256,0.311808,1400,1400,1400,1400,2000,2000,2000,2000,600,92,84,95,94,76,96,100,100,97,100,100,99,100,90
1466084834,1.216250,0.435235,0.528960,1.236250,3.775720,4.665900,0.993750,0.157016,0.155901,1.218750,0.239694,0.291102,1400,1400,1400,1400,2000,2000,2000,2000,600,91,83,94,93,76,99,100,100,100,100,100,99,100,90
1466084835,1.216250,0.435967,0.528960,1.273750,3.979576,5.065267,0.993750,0.157016,0.155901,1.218750,0.247520,0.300846,1400,1400,1400,1400,2000,2000,2000,2000,600,91,83,94,93,76,98,100,100,98,100,99,100,100,90
1466084836,1.216250,0.433466,0.526528,1.255000,3.807504,4.777785,0.995000,0.157168,0.156215,1.218750,0.250978,0.304500,1400,1400,1400,1400,2000,2000,2000,2000,600,91,83,94,93,76,97,100,100,98,99,100,99,99,90
1466084837,1.216250,0.436211,0.530176,1.253750,3.654612,4.578462,0.993750,0.157472,0.155901,1.220000,0.225771,0.274500,1400,1400,1400,1400,2000,2000,2000,2000,600,90,83,94,93,76,97,100,100,100,100,100,100,100,90
1466084838,1.216250,0.430477,0.522880,1.243750,3.551862,4.413893,0.995000,0.157016,0.156215,1.218750,0.253708,0.308154,1400,1400,1400,1400,2000,2000,2000,2000,600,92,84,95,95,76,96,100,100,98,100,100,99,100,90
1466084839,1.216250,0.437004,0.531392,1.255000,3.803668,4.772765,0.993750,0.157168,0.155901,1.220000,0.231231,0.281820,1400,1400,1400,1400,900,900,900,900,600,91,84,94,95,76,97,100,100,98,100,100,100,100,90
1466084840,1.216250,0.434991,0.527744,1.240000,3.524462,4.369760,0.993750,0.156712,0.154908,1.218750,0.249249,0.303282,1400,1400,1400,1400,2000,2000,2000,2000,600,92,84,95,95,76,97,100,100,99,99,100,100,100,90
1466084841,1.216250,0.431209,0.524096,1.235000,3.803942,4.696705,0.995000,0.157168,0.156215,1.220000,0.219947,0.267180,1400,1400,1400,1400,2000,2000,2000,2000,600,92,84,94,94,76,98,100,100,98,100,99,100,100,90
1466084842,1.216250,0.414983,0.503424,1.182500,3.359788,3.970338,0.995000,0.157016,0.156215,1.220000,0.220948,0.268400,1400,1400,1400,1400,900,900,900,900,600,91,84,94,94,76,94,100,97,94,100,100,100,100,90
1466084843,1.216250,0.434198,0.527744,1.231250,3.768870,4.638408,0.995000,0.157016,0.156215,1.218750,0.248703,0.302064,1400,1400,1400,1400,2000,2000,2000,2000,600,91,84,94,94,76,96,100,100,99,100,100,100,100,90
1466084844,1.216250,0.435967,0.528960,1.240000,3.646940,4.521040,0.995000,0.157168,0.156215,1.221250,0.222768,0.271062,1400,1400,1400,1400,2000,2000,2000,2000,600,92,84,95,95,76,98,100,100,98,100,100,100,100,90
1466084845,1.216250,0.434747,0.527744,1.241250,3.406094,4.226846,0.995000,0.157472,0.156215,1.220000,0.239239,0.291580,1400,1400,1400,1400,2000,2000,2000,2000,600,91,83,94,93,76,98,100,100,99,100,100,100,100,90
1466084846,1.216250,0.436455,0.530176,1.237500,3.865592,4.781005,0.995000,0.157168,0.156215,1.220000,0.242697,0.295240,1400,1400,1400,1400,2000,2000,2000,2000,600,91,83,94,93,76,97,100,100,98,100,100,100,100,90
1466084847,1.216250,0.436211,0.530176,1.218750,3.428288,4.175304,0.995000,0.157776,0.156215,1.220000,0.245700,0.298900,1400,1400,1400,1400,2000,2000,2000,2000,600,91,83,94,93,76,97,100,100,97,99,100,100,100,90
1466084848,1.216250,0.433222,0.526528,1.253750,3.691602,4.624823,0.995000,0.157168,0.156215,1.218750,0.192465,0.233856,1400,1400,1400,1400,2000,2000,2000,2000,600,92,84,95,95,76,89,96,96,92,99,100,100,100,90
1466084849,1.216250,0.435967,0.528960,1.168750,3.211006,3.750448,0.995000,0.157168,0.156215,1.220000,0.228228,0.278160,1400,1400,1400,1400,2000,2000,2000,2000,600,92,84,95,95,76,98,100,100,96,100,100,100,100,90
1466084850,1.216250,0.440481,0.535040,1.230000,3.667490,4.510410,0.995000,0.157472,0.156215,1.221250,0.238511,0.290598,1400,1400,1400,1400,900,900,900,900,600,92,84,96,95,76,98,100,100,98,99,100,100,100,90
1466084851,1.216250,0.439749,0.533824,1.260000,4.009442,5.051340,0.995000,0.157168,0.156215,1.220000,0.253253,0.308660,1400,1400,1400,1400,900,900,900,900,600,90,83,93,93,76,98,100,100,97,100,99,100,100,90
1466084852,1.216250,0.437004,0.531392,1.223750,3.594058,4.395462,0.995000,0.157472,0.156215,1.221250,0.222768,0.271062,1400,1400,1400,1400,2000,2000,2000,2000,600,90,82,93,92,76,95,100,100,96,100,100,99,100,90
1466084853,1.216250,0.440969,0.535040,1.175000,3.189360,3.747075,0.995000,0.157472,0.156215,1.220000,0.253526,0.308660,1400,1400,1400,1400,2000,2000,2000,2000,600,90,83,93,93,76,98,100,100,99,100,100,100,100,90
1466084854,1.216250,0.441701,0.536256,1.216250,3.598168,4.375168,0.995000,0.157472,0.156215,1.218750,0.252707,0.306936,1400,1400,1400,1400,2000,2000,2000,2000,600,90,82,93,92,76,98,100,100,97,100,100,100,100,90
1466084855,1.216250,0.422730,0.513152,1.245000,3.849700,4.792005,0.993750,0.157016,0.155901,1.218750,0.249522,0.303282,1400,1400,1400,1400,2000,2000,2000,2000,600,92,84,95,95,76,93,95,95,98,100,99,100,99,90
1466084856,1.216250,0.442982,0.537472,1.228750,3.386366,4.158008,0.993750,0.157472,0.155901,1.218750,0.242697,0.294756,1400,1400,1400,1400,2000,2000,2000,2000,600,92,84,95,95,76,97,99,100,99,100,100,99,100,90
1466084857,1.216250,0.435479,0.528960,1.195000,3.472128,4.149040,0.993750,0.157016,0.155901,1.218750,0.236691,0.287448,1400,1400,1400,1400,2000,2000,2000,2000,600,90,82,93,92,76,95,100,100,100,99,99,100,99,90
1466084858,1.216250,0.441701,0.536256,1.223750,3.488568,4.265824,0.993750,0.157472,0.155901,1.218750,0.255528,0.310590,1400,1400,1400,1400,2000,2000,2000,2000,600,90,83,93,92,76,96,99,100,100,100,100,100,100,90
1466084859,1.216250,0.436455,0.530176,1.238750,3.538984,4.380044,0.993750,0.157472,0.155901,1.221250,0.224224,0.273504,1400,1400,1400,1400,2000,2000,2000,2000,600,90,82,93,92,76,97,99,100,99,100,100,99,99,90
1466084860,1.216250,0.435479,0.528960,1.156250,3.348006,3.870288,0.993750,0.156712,0.154908,1.220000,0.243243,0.296460,1400,1400,1400,1400,900,900,900,900,600,90,83,93,93,76,99,100,100,100,99,100,100,100,90
1466084861,1.216250,0.435235,0.528960,1.233750,3.650228,4.500450,0.995000,0.157472,0.156215,1.220000,0.219765,0.267180,1400,1400,1400,1400,2000,2000,2000,2000,600,93,85,95,95,76,96,100,100,99,99,100,100,100,90
1466084862,1.216250,0.437004,0.531392,1.248750,3.805860,4.748640,0.995000,0.157168,0.156215,1.220000,0.223769,0.272060,1400,1400,1400,1400,2000,2000,2000,2000,600,92,84,95,94,76,99,97,100,100,100,100,100,100,90
1466084863,1.216250,0.432734,0.525312,1.200000,3.249914,3.898800,0.993750,0.157168,0.155901,1.218750,0.243243,0.295974,1400,1400,1400,1400,2000,2000,2000,2000,600,92,84,95,95,76,97,100,100,100,100,99,100,100,90
1466084864,1.216250,0.437980,0.531392,1.226250,3.534326,4.332684,0.993750,0.157168,0.155901,1.218750,0.250978,0.304500,1400,1400,1400,1400,2000,2000,2000,2000,600,91,83,94,93,76,96,100,100,99,100,100,100,100,90
1466084865,1.216250,0.434747,0.527744,1.253750,3.574056,4.478222,0.993750,0.157016,0.155901,1.218750,0.252252,0.306936,1400,1400,1400,1400,2000,2000,2000,2000,600,90,83,93,93,76,97,98,100,100,100,100,100,100,90
1466084866,1.216250,0.434503,0.527744,1.230000,3.655160,4.495650,0.993750,0.157168,0.155901,1.220000,0.234507,0.285480,1400,1400,1400,1400,2000,2000,2000,2000,600,90,82,93,92,76,97,100,100,99,98,100,99,100,90
1466084867,1.216250,0.431209,0.524096,1.228750,3.417876,4.196076,0.993750,0.157168,0.155901,1.218750,0.247247,0.300846,1400,1400,1400,1400,900,900,900,900,600,89,82,93,93,76,98,99,100,100,100,100,100,100,90
1466084868,1.216250,0.437004,0.531392,1.243750,3.880114,4.822840,0.995000,0.157016,0.156215,1.220000,0.224497,0.273280,1400,1400,1400,1400,2000,2000,2000,2000,600,92,84,95,95,76,96,100,100,99,99,99,100,100,90
1466084869,1.216250,0.435479,0.528960,1.253750,3.641186,4.562173,0.993750,0.157168,0.155901,1.218750,0.246701,0.299628,1400,1400,1400,1400,2000,2000,2000,2000,600,91,84,94,94,76,97,98,100,100,100,100,100,99,90
1466084870,1.216250,0.435479,0.528960,1.255000,3.650228,4.580750,0.993750,0.157016,0.155901,1.221250,0.223951,0.272283,1400,1400,1400,1400,2000,2000,2000,2000,600,92,84,95,95,76,99,99,100,99,100,100,100,100,90
1466084871,1.216250,0.436455,0.530176,1.228750,3.383626,4.154324,0.993750,0.157168,0.155901,1.221250,0.248703,0.302808,1400,1400,1400,1400,2000,2000,2000,2000,600,92,84,95,95,76,95,99,100,100,100,100,100,100,90
1466084872,1.216250,0.434503,0.527744,1.207500,3.645022,4.399515,0.995000,0.157168,0.156215,1.218750,0.223496,0.271614,1400,1400,1400,1400,2000,2000,2000,2000,600,92,84,95,95,76,97,99,100,100,100,100,99,99,90
1466084873,1.216250,0.432734,0.525312,1.278750,4.023690,5.141394,0.995000,0.157016,0.156215,1.217500,0.251524,0.305467,1400,1400,1400,1400,2000,2000,2000,2000,600,92,84,95,95,76,98,99,100,99,100,100,100,100,90
1466084874,1.216250,0.435235,0.528960,1.225000,3.717358,4.553325,0.995000,0.157472,0.156215,1.218750,0.244517,0.297192,1400,1400,1400,1400,2000,2000,2000,2000,600,93,84,95,95,76,97,99,100,100,99,100,100,100,90
1466084875,1.216250,0.433222,0.526528,1.248750,3.584468,4.472832,0.993750,0.157016,0.155901,1.218750,0.246246,0.299628,1400,1400,1400,1400,2000,2000,2000,2000,600,92,84,95,94,76,99,98,100,99,100,100,100,100,90
1466084876,1.216250,0.434503,0.527744,1.166250,3.220322,3.754520,0.993750,0.157016,0.155901,1.218750,0.252707,0.306936,1400,1400,1400,1400,2000,2000,2000,2000,600,91,83,94,93,76,97,100,100,100,100,99,100,100,90
1466084877,1.216250,0.437004,0.531392,1.242500,3.579536,4.445118,0.995000,0.157168,0.156215,1.220000,0.225498,0.274500,1400,1400,1400,1400,2000,2000,2000,2000,600,91,83,94,93,76,98,98,100,99,100,100,99,100,90
1466084878,1.216250,0.435235,0.528960,1.182500,3.372666,3.985704,0.993750,0.157472,0.155901,1.218750,0.257439,0.313026,1400,1400,1400,1400,2000,2000,2000,2000,600,92,84,95,95,76,97,99,100,100,100,99,100,100,90
1466084879,1.216250,0.435723,0.528960,1.228750,3.397600,4.171516,0.995000,0.157168,0.156215,1.220000,0.220493,0.268400,1400,1400,1400,1400,2000,2000,2000,2000,600,90,83,93,93,76,90,94,95,96,100,100,100,99,90
1466084880,1.216250,0.436211,0.530176,1.192500,3.717632,4.430664,0.995000,0.157168,0.156215,1.218750,0.247975,0.300846,1400,1400,1400,1400,2000,2000,2000,2000,600,90,83,93,93,76,97,99,100,99,100,100,100,100,90
1466084881,1.216250,0.435967,0.528960,1.227500,3.724482,4.569348,0.993750,0.157016,0.155901,1.218750,0.253526,0.308154,1400,1400,1400,1400,2000,2000,2000,2000,600,92,84,95,95,76,97,99,100,100,99,100,99,99,90
1466084882,1.216250,0.436699,0.530176,1.222500,3.473772,4.244006,0.993750,0.157016,0.155901,1.221250,0.221767,0.269841,1400,1400,1400,1400,900,900,900,900,600,91,84,94,95,76,97,100,100,99,100,100,100,100,90
1466084883,1.216250,0.434747,0.527744,1.175000,3.530764,4.147750,0.995000,0.157168,0.156215,1.218750,0.252525,0.306936,1400,1400,1400,1400,900,900,900,900,600,90,83,93,94,76,98,97,100,100,100,99,100,100,90
1466084884,1.216250,0.434198,0.527744,1.217500,3.367186,4.097639,0.995000,0.157168,0.156215,1.220000,0.230776,0.280600,1400,1400,1400,1400,900,900,900,900,600,91,84,95,95,76,98,98,100,99,100,100,99,100,90
1466084885,1.216250,0.433466,0.526528,1.222500,3.803120,4.647266,0.995000,0.157472,0.156215,1.218750,0.246701,0.299628,1400,1400,1400,1400,2000,2000,2000,2000,600,91,84,94,94,76,99,98,100,99,100,100,100,99,90
1466084886,1.216250,0.435235,0.528960,1.280000,3.969712,5.080320,0.995000,0.157472,0.156215,1.218750,0.239512,0.291102,1400,1400,1400,1400,2000,2000,2000,2000,600,91,83,94,93,76,98,98,100,100,100,100,100,100,90
1466084887,1.216250,0.436455,0.530176,1.227500,3.722838,4.566894,0.995000,0.157168,0.156215,1.218750,0.249249,0.303282,1400,1400,1400,1400,2000,2000,2000,2000,600,91,83,94,93,76,98,100,100,99,100,99,100,100,90
1466084888,1.216250,0.436699,0.530176,1.178750,3.297590,3.883866,0.995000,0.157016,0.156215,1.218750,0.261261,0.317898,1400,1400,1400,1400,2000,2000,2000,2000,600,91,83,94,94,76,97,98,100,100,100,99,100,100,90
1466084889,1.216250,0.437004,0.531392,1.230000,3.427740,4.215210,0.995000,0.157776,0.156215,1.218750,0.243698,0.295974,1400,1400,1400,1400,2000,2000,2000,2000,600,92,84,95,95,76,98,98,100,100,100,100,100,100,90
1466084890,1.216250,0.437492,0.531392,1.175000,3.254024,3.823450,0.995000,0.157776,0.156215,1.218750,0.252980,0.306936,1400,1400,1400,1400,2000,2000,2000,2000,600,92,84,95,95,76,97,99,100,99,99,100,100,100,90
1466084891,1.216250,0.438224,0.532608,1.226250,3.415136,4.186790,0.993750,0.157168,0.155901,1.218750,0.252980,0.306936,1400,1400,1400,1400,2000,2000,2000,2000,600,91,83,94,93,76,97,100,100,100,100,100,100,100,90
1466084892,1.216250,0.437248,0.531392,1.253750,3.561452,4.461933,0.995000,0.157472,0.156215,1.220000,0.230776,0.280600,1400,1400,1400,1400,2000,2000,2000,2000,600,91,83,93,93,76,99,98,100,99,100,99,100,100,90
1466084893,1.216250,0.437736,0.531392,1.195000,3.621184,4.327095,0.993750,0.157168,0.155901,1.220000,0.253981,0.308660,1400,1400,1400,1400,2000,2000,2000,2000,600,92,84,95,95,76,98,98,100,100,100,100,100,100,90
1466084894,1.216250,0.437492,0.531392,1.223750,3.485828,4.262155,0.993750,0.157472,0.155901,1.220000,0.252525,0.307440,1400,1400,1400,1400,2000,2000,2000,2000,600,90,83,93,93,76,96,97,100,99,100,100,99,98,90
1466084895,1.216250,0.438956,0.532608,1.193750,3.352390,3.998936,0.995000,0.157168,0.156215,1.221250,0.224224,0.273504,1400,1400,1400,1400,2000,2000,2000,2000,600,92,84,95,95,76,99,98,100,100,100,100,100,100,90
1466084896,1.216250,0.435967,0.528960,1.231250,3.632692,4.470992,0.993750,0.156712,0.154908,1.220000,0.259987,0.315980,1400,1400,1400,1400,2000,2000,2000,2000,600,92,84,95,95,76,98,99,100,100,100,99,100,100,90
1466084897,1.216250,0.436211,0.530176,1.292500,4.108630,5.307536,0.995000,0.157472,0.156215,1.218750,0.249977,0.303282,1400,1400,1400,1400,2000,2000,2000,2000,600,92,84,95,95,76,98,99,100,99,100,100,100,100,90
1466084898,1.216250,0.436211,0.530176,1.225000,3.726400,4.564350,0.995000,0.157168,0.156215,1.220000,0.227500,0.276940,1400,1400,1400,1400,2000,2000,2000,2000,600,92,84,95,95,76,96,99,100,100,100,100,99,100,90
1466084899,1.216250,0.434747,0.527744,1.226250,3.595428,4.407470,0.995000,0.157776,0.156215,1.218750,0.257712,0.313026,1400,1400,1400,1400,2000,2000,2000,2000,600,92,84,95,95,76,98,98,100,99,99,100,100,100,90
1466084900,1.216250,0.437492,0.531392,1.235000,3.694342,4.562090,0.995000,0.157472,0.156215,1.220000,0.256984,0.312320,1400,1400,1400,1400,900,900,900,900,600,89,82,93,93,76,99,98,100,100,100,100,100,100,90
1466084901,1.216250,0.435967,0.528960,1.253750,3.688040,4.621064,0.995000,0.157168,0.156215,1.221250,0.224952,0.273504,1400,1400,1400,1400,2000,2000,2000,2000,600,92,84,95,95,76,98,99,99,99,100,100,100,99,90
1466084902,1.216250,0.436699,0.530176,1.212500,3.700918,4.484400,0.995000,0.157168,0.156215,1.220000,0.241241,0.294020,1400,1400,1400,1400,900,900,900,900,600,92,84,95,95,76,99,99,100,100,100,100,100,100,90
1466084903,1.216250,0.437492,0.531392,1.230000,3.408012,4.191840,0.993750,0.157016,0.155901,1.218750,0.252707,0.306936,1400,1400,1400,1400,900,900,900,900,600,90,83,93,93,76,96,97,100,100,99,100,100,99,90
1466084904,1.216250,0.434198,0.527744,1.230000,3.703932,4.554690,0.995000,0.157168,0.156215,1.220000,0.232505,0.283040,1400,1400,1400,1400,2000,2000,2000,2000,600,92,84,95,95,76,99,99,100,99,100,100,100,100,90
1466084905,1.216250,0.437492,0.531392,1.210000,3.240598,3.920400,0.995000,0.157016,0.156215,1.220000,0.249977,0.303780,1400,1400,1400,1400,900,900,900,900,600,90,83,94,94,76,98,98,100,100,100,99,100,100,90
1466084906,1.216250,0.437736,0.531392,1.220000,3.697082,4.510340,0.993750,0.157016,0.155901,1.221250,0.224224,0.273504,1400,1400,1400,1400,2000,2000,2000,2000,600,92,84,95,95,76,94,100,100,100,100,100,100,100,90
1466084907,1.216250,0.440237,0.535040,1.255000,3.748594,4.703740,0.995000,0.157472,0.156215,1.220000,0.227773,0.276940,1400,1400,1400,1400,2000,2000,2000,2000,600,92,84,95,95,76,98,99,100,100,99,100,99,100,90
1466084908,1.216250,0.437736,0.531392,1.198750,3.218952,3.855164,0.993750,0.157168,0.155901,1.218750,0.249977,0.303282,1400,1400,1400,1400,2000,2000,2000,2000,600,92,84,95,94,76,96,99,100,99,100,100,100,99,90
1466084909,1.216250,0.437248,0.531392,1.191250,3.435138,4.091085,0.993750,0.157016,0.155901,1.218750,0.249522,0.303282,1400,1400,1400,1400,2000,2000,2000,2000,600,92,84,95,94,76,98,99,100,100,100,100,100,100,90
1466084910,1.216250,0.437248,0.531392,1.255000,3.903678,4.898265,0.993750,0.156712,0.154908,1.220000,0.237510,0.289140,1400,1400,1400,1400,2000,2000,2000,2000,600,92,84,95,95,76,96,98,100,99,100,100,100,100,90
1466084911,1.216250,0.440237,0.535040,1.240000,3.687766,4.571880,0.993750,0.157016,0.155901,1.218750,0.252525,0.306936,1400,1400,1400,1400,2000,2000,2000,2000,600,93,85,95,96,76,97,98,100,100,100,100,100,100,90
1466084912,1.216250,0.438712,0.532608,1.231250,3.610224,4.443910,0.993750,0.157016,0.155901,1.220000,0.254709,0.309880,1400,1400,1400,1400,900,900,900,900,600,89,82,93,93,76,97,100,100,99,100,100,100,100,90
1466084913,1.216250,0.439505,0.533824,1.230000,3.715440,4.569450,0.993750,0.157016,0.155901,1.220000,0.231959,0.281820,1400,1400,1400,1400,2000,2000,2000,2000,600,92,85,95,95,76,96,97,100,100,100,99,100,100,90
1466084914,1.216250,0.440969,0.535040,1.255000,3.683656,4.622165,0.993750,0.156712,0.154908,1.221250,0.225771,0.274725,1400,1400,1400,1400,900,900,900,900,600,91,83,94,94,76,98,97,100,100,100,100,99,100,90
1466084915,1.216250,0.438956,0.532608,1.250000,3.807778,4.758750,0.993750,0.157168,0.155901,1.218750,0.261443,0.317898,1400,1400,1400,1400,2000,2000,2000,2000,600,89,82,92,93,76,94,98,100,99,99,100,100,100,90
1466084916,1.216250,0.437980,0.531392,1.255000,3.786132,4.751430,0.993750,0.157016,0.155901,1.220000,0.238238,0.290360,1400,1400,1400,1400,2000,2000,2000,2000,600,92,84,95,95,76,98,100,100,100,100,100,99,99,90
1466084917,1.216250,0.437736,0.531392,1.228750,3.381708,4.151868,0.993750,0.157016,0.155901,1.220000,0.247247,0.301340,1400,1400,1400,1400,900,900,900,900,600,91,84,94,95,76,97,97,100,99,100,100,100,100,90
1466084918,1.216250,0.439505,0.533824,1.217500,3.233200,3.934561,0.995000,0.157168,0.156215,1.218750,0.248703,0.302064,1400,1400,1400,1400,900,900,900,900,600,91,84,94,95,76,97,100,100,100,99,99,100,99,90
1466084919,1.216250,0.438468,0.532608,1.210000,3.699822,4.475790,0.993750,0.157016,0.155901,1.220000,0.239512,0.291580,1400,1400,1400,1400,900,900,900,900,600,89,82,93,93,76,96,99,100,100,100,100,100,100,90
1466084920,1.216250,0.438956,0.532608,1.228750,3.410478,4.187480,0.995000,0.157168,0.156215,1.220000,0.237237,0.289140,1400,1400,1400,1400,900,900,900,900,600,90,83,93,93,76,98,99,100,99,100,100,99,99,90
1466084921,1.216250,0.438468,0.532608,1.252500,3.803668,4.761356,0.995000,0.156712,0.155220,1.218750,0.254254,0.309372,1400,1400,1400,1400,900,900,900,900,600,90,83,94,94,76,97,100,100,100,100,100,100,100,90
1466084922,1.216250,0.442982,0.537472,1.213750,3.252654,3.944676,0.995000,0.157472,0.156215,1.220000,0.215943,0.262300,1400,1400,1400,1400,2000,2000,2000,2000,600,92,84,94,94,76,97,99,100,100,100,100,100,100,90
1466084923,1.216250,0.438224,0.532608,1.236250,3.638446,4.496568,0.995000,0.157472,0.156215,1.221250,0.221494,0.269841,1400,1400,1400,1400,2000,2000,2000,2000,600,91,83,94,93,76,97,99,100,99,100,100,100,99,90
1466084924,1.216250,0.434503,0.527744,1.242500,3.735168,4.638870,0.995000,0.157016,0.156215,1.218750,0.249977,0.303282,1400,1400,1400,1400,2000,2000,2000,2000,600,92,84,95,95,76,97,99,100,100,100,100,99,100,90
1466084925,1.216250,0.433710,0.526528,1.237500,3.590770,4.440830,0.993750,0.157168,0.155901,1.220000,0.241514,0.294020,1400,1400,1400,1400,2000,2000,2000,2000,600,90,83,93,93,76,96,99,100,100,100,100,100,100,90
1466084926,1.216250,0.435967,0.528960,1.255000,3.665024,4.599575,0.993750,0.156712,0.154908,1.220000,0.252980,0.307440,1400,1400,1400,1400,2000,2000,2000,2000,600,90,83,93,93,76,97,100,100,99,100,99,100,100,90
1466084927,1.216250,0.430721,0.522880,1.192500,3.182784,3.792944,0.995000,0.156712,0.155220,1.221250,0.223496,0.272283,1400,1400,1400,1400,2000,2000,2000,2000,600,92,84,95,95,76,98,98,100,100,100,100,100,100,90
1466084928,1.216250,0.435967,0.528960,1.255000,3.801476,4.770255,0.993750,0.157016,0.155901,1.220000,0.237237,0.289140,1400,1400,1400,1400,900,900,900,900,600,92,84,95,95,76,97,98,100,99,100,100,100,99,90
1466084929,1.216250,0.433466,0.526528,1.242500,3.568576,4.431456,0.995000,0.157016,0.156215,1.220000,0.233506,0.284260,1400,1400,1400,1400,2000,2000,2000,2000,600,92,84,95,95,76,96,99,100,100,99,100,99,100,90
1466084930,1.216250,0.437004,0.531392,1.267500,3.923680,4.970441,0.995000,0.156712,0.155220,1.218750,0.246701,0.299628,1400,1400,1400,1400,2000,2000,2000,2000,600,91,84,94,94,76,98,99,100,99,100,99,100,100,90
1466084931,1.216250,0.434198,0.527744,1.233750,3.516516,4.335228,0.993750,0.157016,0.155901,1.220000,0.218764,0.265960,1400,1400,1400,1400,2000,2000,2000,2000,600,91,83,94,93,76,97,100,100,100,100,100,100,100,90
1466084932,1.216250,0.436455,0.530176,1.235000,3.822848,4.720170,0.993750,0.157016,0.155901,1.218750,0.247247,0.300846,1400,1400,1400,1400,2000,2000,2000,2000,600,92,84,95,95,76,99,99,100,99,100,99,100,99,90
1466084933,1.216250,0.438224,0.532608,1.288750,4.132742,5.322016,0.993750,0.157016,0.155901,1.218750,0.246701,0.299628,1400,1400,1400,1400,2000,2000,2000,2000,600,92,84,95,95,76,97,100,100,100,100,100,100,100,90
1466084934,1.216250,0.435479,0.528960,1.255000,3.808326,4.779040,0.993750,0.157016,0.155901,1.220000,0.221494,0.269620,1400,1400,1400,1400,900,900,900,900,600,90,83,93,94,76,97,99,100,100,100,100,100,100,90
1466084935,1.216250,0.434503,0.527744,1.200000,3.146890,3.775200,0.993750,0.157168,0.155901,1.220000,0.251706,0.306220,1400,1400,1400,1400,2000,2000,2000,2000,600,92,84,95,95,76,97,99,100,99,99,100,99,100,90
1466084936,1.216250,0.433222,0.526528,1.215000,3.692424,4.485780,0.995000,0.157472,0.156215,1.221250,0.230230,0.280830,1400,1400,1400,1400,2000,2000,2000,2000,600,92,84,95,94,76,97,100,100,100,100,100,100,100,90
1466084937,1.216250,0.432734,0.525312,1.226250,3.679820,4.510454,0.995000,0.157168,0.156215,1.218750,0.243971,0.295974,1400,1400,1400,1400,2000,2000,2000,2000,600,91,83,94,94,76,97,99,100,99,99,100,100,100,90
1466084938,1.216250,0.434503,0.527744,1.228750,3.567206,4.380276,0.993750,0.157168,0.155901,1.220000,0.220948,0.268400,1400,1400,1400,1400,2000,2000,2000,2000,600,91,83,94,93,76,96,99,100,100,100,100,99,99,90
1466084939,1.216250,0.434991,0.527744,1.230000,3.654338,4.494420,0.993750,0.157016,0.155901,1.220000,0.245245,0.298900,1400,1400,1400,1400,2000,2000,2000,2000,600,91,83,94,93,76,98,98,100,99,100,100,100,100,90
1466084940,1.217500,0.432490,0.525744,1.156250,3.361706,3.885316,0.993750,0.157016,0.155901,1.220000,0.248521,0.302560,1400,1400,1400,1400,2000,2000,2000,2000,600,90,83,93,92,76,96,99,100,100,100,100,99,100,90
1466084941,1.216250,0.435479,0.528960,1.278750,3.832986,4.897296,0.993750,0.157016,0.155901,1.220000,0.247520,0.301340,1400,1400,1400,1400,900,900,900,900,600,90,83,93,93,76,97,99,100,99,100,99,100,100,90
1466084942,1.216250,0.433710,0.526528,1.193750,3.538710,4.220834,0.993750,0.157168,0.155901,1.218750,0.235508,0.286230,1400,1400,1400,1400,2000,2000,2000,2000,600,92,84,95,95,76,95,99,100,100,99,100,99,99,90
1466084943,1.216250,0.431453,0.524096,1.232500,3.391024,4.177712,0.993750,0.157016,0.155901,1.220000,0.252980,0.307440,1400,1400,1400,1400,2000,2000,2000,2000,600,92,84,95,95,76,98,100,100,99,100,100,100,100,90
1466084944,1.216250,0.434991,0.527744,1.243750,3.860112,4.797980,0.993750,0.157168,0.155901,1.218750,0.242242,0.294756,1400,1400,1400,1400,2000,2000,2000,2000,600,91,84,94,94,76,95,99,100,99,100,100,100,99,90
1466084945,1.216250,0.432246,0.525312,1.230000,3.777364,4.645710,0.993750,0.157168,0.155901,1.220000,0.241696,0.294020,1400,1400,1400,1400,2000,2000,2000,2000,600,91,83,94,93,76,96,99,100,99,100,100,100,100,90
1466084946,1.216250,0.433710,0.526528,1.172500,3.434864,4.024648,0.993750,0.156712,0.154908,1.220000,0.252525,0.307440,1400,1400,1400,1400,2000,2000,2000,2000,600,91,83,94,93,76,97,100,100,100,100,99,99,100,90
1466084947,1.216250,0.435235,0.528960,1.233750,3.746128,4.618818,0.993750,0.157016,0.155901,1.221250,0.220493,0.268620,1400,1400,1400,1400,2000,2000,2000,2000,600,92,84,95,95,76,98,98,100,100,100,100,100,100,90
1466084948,1.216250,0.435479,0.528960,1.231250,3.762842,4.631022,0.993750,0.157016,0.155901,1.218750,0.250250,0.304500,1400,1400,1400,1400,900,900,900,900,600,89,83,93,93,76,97,100,100,98,100,99,100,99,90
1466084949,1.216250,0.434503,0.527744,1.223750,3.753800,4.589919,0.993750,0.157168,0.155901,1.218750,0.235963,0.286230,1400,1400,1400,1400,900,900,900,900,600,90,83,93,94,76,97,99,100,98,100,100,100,100,90
1466084950,1.216250,0.434747,0.527744,1.230000,3.610498,4.440300,0.993750,0.156712,0.154908,1.220000,0.253708,0.308660,1400,1400,1400,1400,2000,2000,2000,2000,600,92,84,95,95,76,97,100,100,99,98,100,100,100,90
1466084951,1.216250,0.435235,0.528960,1.278750,4.033554,5.154174,0.993750,0.157016,0.155901,1.220000,0.223951,0.272060,1400,1400,1400,1400,2000,2000,2000,2000,600,91,84,94,94,76,99,97,100,98,100,100,99,100,90
1466084952,1.216250,0.437980,0.531392,1.253750,3.405546,4.266465,0.993750,0.156712,0.154908,1.221250,0.231231,0.282051,1400,1400,1400,1400,900,900,900,900,600,91,84,95,95,76,97,99,100,99,100,100,100,100,90
1466084953,1.216250,0.438468,0.532608,1.230000,3.628034,4.462440,0.993750,0.157016,0.155901,1.218750,0.253981,0.308154,1400,1400,1400,1400,2000,2000,2000,2000,600,91,83,94,93,76,96,100,100,99,100,99,100,100,90
1466084954,1.216250,0.436455,0.530176,1.238750,3.891348,4.817058,0.993750,0.157016,0.155901,1.220000,0.249977,0.303780,1400,1400,1400,1400,2000,2000,2000,2000,600,91,83,94,93,76,97,99,100,99,100,100,100,100,90
1466084955,1.216250,0.436455,0.530176,1.253750,3.657626,4.582221,0.993750,0.156712,0.154908,1.221250,0.230776,0.280830,1400,1400,1400,1400,2000,2000,2000,2000,600,91,83,94,93,76,97,100,100,99,99,100,100,100,90
1466084956,1.216250,0.436211,0.530176,1.230000,3.612690,4.442760,0.993750,0.157016,0.155901,1.218750,0.249522,0.303282,1400,1400,1400,1400,2000,2000,2000,2000,600,92,84,95,95,76,97,99,100,100,100,99,100,100,90
1466084957,1.216250,0.435479,0.528960,1.230000,3.609676,4.439070,0.993750,0.156712,0.154908,1.218750,0.236964,0.287448,1400,1400,1400,1400,2000,2000,2000,2000,600,90,83,93,92,76,97,100,100,98,99,100,99,100,90
1466084958,1.216250,0.436455,0.530176,1.232500,3.569672,4.397008,0.993750,0.157168,0.155901,1.220000,0.256711,0.312320,1400,1400,1400,1400,2000,2000,2000,2000,600,90,83,93,93,76,98,100,100,99,100,100,100,100,90
1466084959,1.216250,0.434198,0.527744,1.225000,3.725578,4.563125,0.993750,0.157168,0.155901,1.218750,0.254709,0.309372,1400,1400,1400,1400,2000,2000,2000,2000,600,90,83,93,93,76,96,97,100,100,99,100,100,100,90
1466084960,1.216250,0.436699,0.530176,1.253750,3.626938,4.543378,0.993750,0.157016,0.155901,1.221250,0.222950,0.271062,1400,1400,1400,1400,2000,2000,2000,2000,600,92,84,95,95,76,99,100,100,98,100,100,100,100,90
1466084961,1.216250,0.437248,0.531392,1.242500,3.715166,4.614030,0.993750,0.157016,0.155901,1.220000,0.255983,0.311100,1400,1400,1400,1400,900,900,900,900,600,90,83,93,94,76,97,99,100,99,100,99,100,100,90
1466084962,1.216250,0.433222,0.526528,1.208750,3.348828,4.044384,0.993750,0.156712,0.154908,1.221250,0.223223,0.272283,1400,1400,1400,1400,900,900,900,900,600,89,83,93,93,76,98,98,100,99,100,100,100,100,90
1466084963,1.216250,0.437980,0.531392,1.252500,3.775446,4.726300,0.993750,0.156712,0.154908,1.220000,0.251251,0.306220,1400,1400,1400,1400,900,900,900,900,600,90,83,93,93,76,97,100,100,100,100,100,100,100,90
1466084964,1.216250,0.435479,0.528960,1.255000,3.655982,4.587025,0.993750,0.157016,0.155901,1.221250,0.223223,0.272283,1400,1400,1400,1400,900,900,900,900,600,91,83,94,94,76,96,99,100,99,99,100,100,99,90
1466084965,1.216250,0.435967,0.528960,1.227500,3.722838,4.566894,0.993750,0.156408,0.154908,1.218750,0.222768,0.270396,1400,1400,1400,1400,2000,2000,2000,2000,600,92,84,94,94,76,99,100,100,99,100,99,100,100,90
1466084966,1.216250,0.438712,0.532608,1.198750,3.583372,4.292434,0.993750,0.157016,0.155901,1.220000,0.244699,0.297680,1400,1400,1400,1400,2000,2000,2000,2000,600,92,84,94,94,76,96,98,100,99,100,100,100,100,90
1466084967,1.216250,0.439200,0.533824,1.253750,3.422534,4.287766,0.993750,0.156712,0.154908,1.220000,0.251706,0.306220,1400,1400,1400,1400,2000,2000,2000,2000,600,92,84,94,94,76,98,99,100,99,100,100,100,100,90
1466084968,1.216250,0.439749,0.533824,1.197500,3.432946,4.108104,0.993750,0.157168,0.155901,1.220000,0.227773,0.276940,1400,1400,1400,1400,2000,2000,2000,2000,600,92,84,94,94,76,98,99,100,98,99,99,100,100,90
1466084969,1.216250,0.436699,0.530176,1.282500,4.058488,5.202356,0.993750,0.156712,0.154908,1.218750,0.253526,0.308154,1400,1400,1400,1400,2000,2000,2000,2000,600,92,84,95,95,76,97,99,99,99,100,100,100,100,90
1466084970,1.216250,0.432978,0.525312,1.240000,3.607758,4.472680,0.993750,0.157016,0.155901,1.218750,0.251979,0.305718,1400,1400,1400,1400,2000,2000,2000,2000,600,92,84,94,94,76,96,99,100,99,100,99,100,100,90
1466084971,1.216250,0.441457,0.536256,1.230000,3.636802,4.472280,0.993750,0.156712,0.154908,1.220000,0.226226,0.275720,1400,1400,1400,1400,2000,2000,2000,2000,600,92,84,94,94,76,96,99,100,98,100,100,100,100,90
1466084972,1.216250,0.436699,0.530176,1.228750,3.576248,4.391328,0.993750,0.157472,0.155901,1.221250,0.223951,0.272283,1400,1400,1400,1400,2000,2000,2000,2000,600,92,84,95,95,76,98,100,100,99,100,99,100,99,90
1466084973,1.216250,0.438224,0.532608,1.278750,3.923132,5.013594,0.993750,0.157472,0.155901,1.218750,0.252252,0.306936,1400,1400,1400,1400,2000,2000,2000,2000,600,92,84,95,95,76,99,99,100,98,100,100,100,100,90
1466084974,1.216250,0.437248,0.531392,1.248750,3.834082,4.784832,0.993750,0.156712,0.154908,1.220000,0.227773,0.276940,1400,1400,1400,1400,2000,2000,2000,2000,600,93,85,95,95,76,97,99,100,98,100,100,100,100,90
1466084975,1.216250,0.436455,0.530176,1.238750,3.722016,4.607836,0.993750,0.157472,0.155901,1.220000,0.229229,0.279380,1400,1400,1400,1400,2000,2000,2000,2000,600,92,84,95,95,76,94,99,100,99,100,99,100,100,90
1466084976,1.216250,0.439993,0.533824,1.280000,3.950806,5.056000,0.993750,0.157168,0.155901,1.220000,0.252525,0.307440,1400,1400,1400,1400,2000,2000,2000,2000,600,93,84,95,95,76,98,98,100,97,100,100,100,100,90
1466084977,1.216250,0.438712,0.532608,1.170000,3.376776,3.949920,0.993750,0.157016,0.155901,1.220000,0.234962,0.285480,1400,1400,1400,1400,2000,2000,2000,2000,600,92,84,95,95,76,97,100,100,99,100,100,100,100,90
1466084978,1.216250,0.438712,0.532608,1.280000,3.993276,5.111040,0.993750,0.157168,0.155901,1.220000,0.226954,0.275720,1400,1400,1400,1400,2000,2000,2000,2000,600,93,85,95,95,76,97,100,100,100,100,100,100,100,90
1466084980,1.216250,0.440237,0.535040,1.226250,3.718454,4.558268,0.993750,0.157016,0.155901,1.220000,0.254527,0.309880,1400,1400,1400,1400,2000,2000,2000,2000,600,92,84,95,95,76,98,100,100,99,99,99,99,99,90
1466084981,1.216250,0.437736,0.531392,1.167500,3.388284,3.953796,0.993750,0.157168,0.155901,1.220000,0.254709,0.309880,1400,1400,1400,1400,900,900,900,900,600,90,83,93,94,76,97,99,100,100,100,100,100,100,90
1466084982,1.216250,0.438224,0.532608,1.245000,3.879840,4.829355,0.993750,0.157472,0.155901,1.220000,0.234507,0.285480,1400,1400,1400,1400,2000,2000,2000,2000,600,92,84,95,95,76,98,100,100,98,100,99,100,100,90
1466084983,1.216250,0.439505,0.533824,1.245000,3.511036,4.371195,0.993750,0.157168,0.155901,1.220000,0.250250,0.305000,1400,1400,1400,1400,900,900,900,900,600,93,85,96,96,76,99,100,100,99,100,100,100,100,90
1466084984,1.216250,0.438956,0.532608,1.175000,3.240050,3.807000,0.993750,0.157016,0.155901,1.218750,0.247520,0.300846,1400,1400,1400,1400,900,900,900,900,600,91,83,94,94,76,97,100,100,99,100,100,98,100,90
1466084985,1.216250,0.437248,0.531392,1.227500,3.602826,4.419654,0.993750,0.157472,0.155901,1.221250,0.235690,0.286935,1400,1400,1400,1400,2000,2000,2000,2000,600,92,84,95,95,76,97,100,100,97,100,100,100,100,90
1466084986,1.216250,0.438224,0.532608,1.171250,3.054278,3.576234,0.993750,0.157472,0.155901,1.218750,0.241241,0.293538,1400,1400,1400,1400,2000,2000,2000,2000,600,92,84,95,95,76,96,99,100,99,100,99,99,99,90
1466084987,1.216250,0.440725,0.535040,1.227500,3.671600,4.504317,0.993750,0.157168,0.155901,1.220000,0.251251,0.306220,1400,1400,1400,1400,2000,2000,2000,2000,600,92,84,95,95,76,97,100,100,99,100,100,100,100,90
1466084988,1.216250,0.437004,0.531392,1.230000,3.635432,4.471050,0.993750,0.157168,0.155901,1.218750,0.244972,0.297192,1400,1400,1400,1400,2000,2000,2000,2000,600,93,84,95,95,76,97,100,100,98,100,99,100,99,90
1466084989,1.216250,0.439200,0.533824,1.245000,3.576248,4.452120,0.993750,0.157776,0.155901,1.220000,0.238966,0.290360,1400,1400,1400,1400,900,900,900,900,600,91,84,94,95,76,97,98,100,98,100,100,100,100,90
1466084990,1.216250,0.434747,0.527744,1.181250,3.296768,3.892576,0.993750,0.157168,0.155901,1.220000,0.246701,0.300120,1400,1400,1400,1400,2000,2000,2000,2000,600,91,84,94,94,76,98,100,100,97,100,100,99,100,90
1466084991,1.216250,0.437248,0.531392,1.187500,3.240872,3.845880,0.993750,0.157168,0.155901,1.220000,0.247520,0.301340,1400,1400,1400,1400,2000,2000,2000,2000,600,92,84,95,95,76,97,100,100,99,100,99,100,100,90
1466084992,1.216250,0.435967,0.528960,1.203750,3.182784,3.827946,0.993750,0.157472,0.155901,1.220000,0.222495,0.270840,1400,1400,1400,1400,2000,2000,2000,2000,600,91,84,94,94,76,98,100,100,99,100,100,100,100,90
1466084993,1.216250,0.438224,0.532608,1.280000,4.064516,5.201920,0.995000,0.157168,0.156215,1.220000,0.252980,0.307440,1400,1400,1400,1400,2000,2000,2000,2000,600,91,83,93,93,76,97,99,100,99,99,100,100,99,90
1466084994,1.216250,0.434991,0.527744,1.252500,3.821478,4.783892,0.995000,0.157168,0.156215,1.221250,0.223496,0.272283,1400,1400,1400,1400,2000,2000,2000,2000,600,91,83,94,93,76,98,100,100,97,100,100,100,100,90
1466084995,1.216250,0.436455,0.530176,1.230000,3.383078,4.161090,0.995000,0.157776,0.156215,1.217500,0.218218,0.265306,1400,1400,1400,1400,2000,2000,2000,2000,600,92,84,95,95,76,94,99,100,99,100,100,100,100,90
1466084996,1.216250,0.432978,0.525312,1.230000,3.509392,4.316070,0.995000,0.157776,0.156215,1.220000,0.251706,0.306220,1400,1400,1400,1400,2000,2000,2000,2000,600,92,84,95,95,76,96,100,100,99,100,100,100,100,90
1466084997,1.216250,0.436211,0.530176,1.242500,3.866414,4.801572,0.995000,0.157168,0.156215,1.218750,0.254982,0.309372,1400,1400,1400,1400,900,900,900,900,600,91,84,94,94,76,98,100,100,96,100,100,99,99,90
1466084998,1.216250,0.439749,0.533824,1.241250,3.660092,4.542060,0.993750,0.157168,0.155901,1.220000,0.228774,0.278160,1400,1400,1400,1400,900,900,900,900,600,91,84,94,95,76,98,100,100,98,100,100,100,100,90
1466084999,1.216250,0.437980,0.531392,1.236250,3.741470,4.623876,0.995000,0.157168,0.156215,1.221250,0.221767,0.269841,1400,1400,1400,1400,900,900,900,900,600,92,85,95,95,76,95,99,100,98,99,100,100,100,90
1466085000,1.216250,0.437248,0.531392,1.280000,3.936010,5.038080,0.993750,0.157472,0.155901,1.218750,0.253253,0.308154,1400,1400,1400,1400,900,900,900,900,600,92,84,95,95,76,98,100,100,99,100,99,100,100,90
1466085001,1.216250,0.438224,0.532608,1.230000,3.616526,4.447680,0.993750,0.157168,0.155901,1.220000,0.230776,0.280600,1400,1400,1400,1400,900,900,900,900,600,92,84,95,95,76,99,100,100,99,100,100,100,100,90
1466085002,1.216250,0.433710,0.526528,1.233750,3.895458,4.802535,0.993750,0.157168,0.155901,1.220000,0.221767,0.269620,1400,1400,1400,1400,2000,2000,2000,2000,600,92,84,95,95,76,98,100,100,99,100,100,100,100,90
1466085003,1.216250,0.437492,0.531392,1.220000,3.621458,4.417620,0.993750,0.157472,0.155901,1.218750,0.251524,0.305718,1400,1400,1400,1400,2000,2000,2000,2000,600,93,84,95,95,76,98,100,100,98,100,100,100,100,90
1466085004,1.216250,0.432490,0.525312,1.253750,3.572412,4.475716,0.993750,0.156712,0.154908,1.220000,0.221494,0.269620,1400,1400,1400,1400,2000,2000,2000,2000,600,92,84,94,94,76,96,99,100,98,100,100,99,100,90
1466085005,1.216250,0.436699,0.530176,1.226250,3.697904,4.532522,0.993750,0.157016,0.155901,1.221250,0.220766,0.268620,1400,1400,1400,1400,2000,2000,2000,2000,600,92,84,94,94,76,98,100,100,99,100,100,100,100,90
1466085006,1.216250,0.439505,0.533824,1.195000,3.165248,3.782175,0.993750,0.156712,0.154908,1.220000,0.255983,0.311100,1400,1400,1400,1400,2000,2000,2000,2000,600,92,84,95,95,76,99,100,100,98,99,100,99,100,90
1466085007,1.216250,0.432734,0.525312,1.253750,3.805312,4.767665,0.993750,0.157168,0.155901,1.221250,0.223769,0.272283,1400,1400,1400,1400,2000,2000,2000,2000,600,92,84,95,95,76,98,100,100,98,100,99,100,100,90
1466085008,1.216250,0.435967,0.528960,1.211250,3.606662,4.366866,0.993750,0.157472,0.155901,1.220000,0.237237,0.289140,1400,1400,1400,1400,2000,2000,2000,2000,600,92,84,95,95,76,97,100,100,97,100,100,98,99,90
1466085009,1.216250,0.435235,0.528960,1.196250,3.233200,3.866668,0.993750,0.157016,0.155901,1.220000,0.254982,0.309880,1400,1400,1400,1400,2000,2000,2000,2000,600,92,84,95,95,76,97,99,100,98,99,100,100,100,90
1466085010,1.216250,0.435967,0.528960,1.238750,3.904774,4.833152,0.995000,0.157472,0.156215,1.220000,0.226954,0.275720,1400,1400,1400,1400,2000,2000,2000,2000,600,91,83,94,93,76,98,99,100,100,100,99,100,99,90
1466085011,1.216250,0.434991,0.527744,1.281250,3.864496,4.949784,0.995000,0.157472,0.156215,1.218750,0.252707,0.306936,1400,1400,1400,1400,2000,2000,2000,2000,600,91,83,94,93,76,97,100,100,98,100,100,100,100,90
1466085012,1.216250,0.435235,0.528960,1.242500,3.764486,4.674888,0.995000,0.157776,0.156215,1.220000,0.229775,0.279380,1400,1400,1400,1400,2000,2000,2000,2000,600,91,83,94,93,76,99,100,100,97,100,100,100,100,90
1466085013,1.216250,0.438468,0.532608,1.230000,3.621458,4.453830,0.995000,0.157776,0.156215,1.220000,0.224770,0.273280,1400,1400,1400,1400,2000,2000,2000,2000,600,90,83,93,93,76,99,100,100,97,100,99,99,100,90
1466085014,1.216250,0.432978,0.525312,1.188750,3.187716,3.786156,0.995000,0.157776,0.156215,1.218750,0.253708,0.308154,1400,1400,1400,1400,2000,2000,2000,2000,600,90,82,93,92,76,97,100,100,98,100,100,100,100,90
1466085015,1.216250,0.434991,0.527744,1.223750,3.576248,4.373448,0.995000,0.157776,0.156215,1.220000,0.225498,0.274500,1400,1400,1400,1400,2000,2000,2000,2000,600,92,84,95,95,76,98,99,100,98,99,100,99,99,90
1466085016,1.216250,0.434991,0.527744,1.181250,3.145794,3.714245,0.995000,0.157472,0.156215,1.218750,0.253253,0.308154,1400,1400,1400,1400,2000,2000,2000,2000,600,92,84,95,95,76,96,100,100,98,100,100,100,100,90
1466085017,1.216250,0.435967,0.528960,1.230000,3.794078,4.666620,0.995000,0.157776,0.156215,1.220000,0.242515,0.295240,1400,1400,1400,1400,2000,2000,2000,2000,600,92,84,94,94,76,98,100,100,97,99,100,100,99,90
1466085018,1.216250,0.436699,0.530176,1.245000,3.815450,4.749675,0.995000,0.157168,0.156215,1.221250,0.224224,0.273504,1400,1400,1400,1400,2000,2000,2000,2000,600,91,84,94,94,76,98,100,100,98,100,100,100,100,90
1466085019,1.216250,0.438712,0.532608,1.248750,3.891348,4.855968,0.995000,0.157776,0.156215,1.220000,0.253526,0.308660,1400,1400,1400,1400,2000,2000,2000,2000,600,91,83,94,93,76,97,99,100,96,100,99,100,99,90
1466085020,1.216250,0.437004,0.531392,1.242500,3.797914,4.715874,0.995000,0.157472,0.156215,1.220000,0.220948,0.268400,1400,1400,1400,1400,2000,2000,2000,2000,600,91,84,94,94,76,98,100,100,97,100,100,100,100,90
1466085021,1.216250,0.435235,0.528960,1.183750,3.266354,3.863678,0.995000,0.157472,0.156215,1.218750,0.255255,0.310590,1400,1400,1400,1400,2000,2000,2000,2000,600,92,84,95,95,76,97,100,100,99,99,100,100,100,90
1466085022,1.216250,0.438712,0.532608,1.250000,3.823670,4.778750,0.995000,0.157928,0.156215,1.220000,0.239239,0.291580,1400,1400,1400,1400,2000,2000,2000,2000,600,92,84,95,95,76,98,100,100,97,100,100,100,100,90
1466085023,1.216250,0.438956,0.532608,1.277500,3.985604,5.088845,0.995000,0.157168,0.156215,1.220000,0.232505,0.283040,1400,1400,1400,1400,2000,2000,2000,2000,600,91,83,94,94,76,96,100,100,99,99,99,99,100,90
1466085024,1.217500,0.433954,0.526961,1.223750,3.929434,4.805167,0.995000,0.157168,0.156215,1.220000,0.252252,0.307440,1400,1400,1400,1400,2000,2000,2000,2000,600,91,83,94,94,76,97,99,100,99,100,100,100,100,90
1466085025,1.216250,0.439505,0.533824,1.175000,3.241694,3.808175,0.995000,0.157928,0.156215,1.218750,0.255528,0.310590,1400,1400,1400,1400,2000,2000,2000,2000,600,92,84,95,95,76,98,100,100,97,100,100,99,100,90
1466085026,1.216250,0.436699,0.530176,1.241250,3.503364,4.347223,0.995000,0.157168,0.156215,1.220000,0.226226,0.275720,1400,1400,1400,1400,2000,2000,2000,2000,600,92,84,95,95,76,97,100,100,98,100,100,99,99,90
1466085027,1.216250,0.437004,0.531392,1.226250,3.665024,4.493290,0.995000,0.157472,0.156215,1.218750,0.253526,0.308154,1400,1400,1400,1400,2000,2000,2000,2000,600,91,83,94,93,76,97,100,100,99,100,100,100,100,90
1466085028,1.216250,0.438956,0.532608,1.163750,3.361980,3.908843,0.995000,0.157168,0.156215,1.217500,0.258986,0.313986,1400,1400,1400,1400,2000,2000,2000,2000,600,92,84,95,95,76,97,99,100,98,99,99,100,100,90
1466085029,1.216250,0.438224,0.532608,1.280000,4.056296,5.191680,0.993750,0.157168,0.155901,1.220000,0.242515,0.295240,1400,1400,1400,1400,2000,2000,2000,2000,600,91,83,94,93,76,100,100,100,99,100,100,100,100,90
1466085030,1.216250,0.438468,0.532608,1.198750,3.388010,4.058824,0.993750,0.157016,0.155901,1.220000,0.244244,0.297680,1400,1400,1400,1400,2000,2000,2000,2000,600,92,84,95,95,76,97,100,100,98,100,100,99,100,90
1466085031,1.216250,0.440237,0.535040,1.227500,3.712426,4.554624,0.995000,0.157472,0.156215,1.220000,0.252252,0.307440,1400,1400,1400,1400,2000,2000,2000,2000,600,91,83,94,93,76,98,100,100,96,100,100,100,100,90
1466085032,1.216250,0.439200,0.533824,1.255000,3.656256,4.588280,0.995000,0.157472,0.156215,1.220000,0.250705,0.305000,1400,1400,1400,1400,2000,2000,2000,2000,600,92,84,95,95,76,99,100,100,98,99,100,100,99,90
1466085033,1.216250,0.435479,0.528960,1.255000,3.797092,4.765235,0.995000,0.157472,0.156215,1.221250,0.230503,0.280830,1400,1400,1400,1400,2000,2000,2000,2000,600,91,83,94,94,76,97,98,100,97,100,100,100,100,90
1466085034,1.216250,0.439749,0.533824,1.176250,3.208266,3.772608,0.993750,0.157016,0.155901,1.218750,0.240695,0.292320,1400,1400,1400,1400,2000,2000,2000,2000,600,91,83,94,93,76,99,100,100,99,99,99,99,100,90
1466085035,1.216250,0.437492,0.531392,1.241250,3.713248,4.607833,0.995000,0.157776,0.156215,1.220000,0.251706,0.306220,1400,1400,1400,1400,2000,2000,2000,2000,600,91,83,94,93,76,99,100,100,99,100,100,100,100,90
1466085036,1.216250,0.436211,0.530176,1.226250,3.693520,4.527618,0.995000,0.157016,0.156215,1.220000,0.224770,0.273280,1400,1400,1400,1400,2000,2000,2000,2000,600,91,83,94,93,76,97,100,100,98,100,100,100,99,90
1466085037,1.216250,0.437980,0.531392,1.258750,4.018210,5.054644,0.995000,0.157472,0.156215,1.218750,0.256438,0.311808,1400,1400,1400,1400,2000,2000,2000,2000,600,91,83,94,94,76,98,99,100,99,100,99,100,100,90
1466085038,1.216250,0.437736,0.531392,1.186250,3.305536,3.919730,0.995000,0.157928,0.156215,1.220000,0.261261,0.318420,1400,1400,1400,1400,2000,2000,2000,2000,600,91,83,94,94,76,97,100,100,98,99,100,100,100,90
1466085039,1.216250,0.434503,0.527744,1.230000,3.375132,4.151250,0.995000,0.157168,0.156215,1.220000,0.256984,0.312320,1400,1400,1400,1400,2000,2000,2000,2000,600,91,83,94,94,76,99,100,100,99,100,100,100,100,90
1466085040,1.216250,0.438956,0.532608,1.166250,3.221966,3.755686,0.993750,0.157472,0.155901,1.220000,0.235690,0.286700,1400,1400,1400,1400,2000,2000,2000,2000,600,91,83,94,94,76,98,100,100,98,100,100,100,100,90
1466085041,1.216250,0.435479,0.528960,1.237500,3.590222,4.440830,0.993750,0.157168,0.155901,1.218750,0.258258,0.314244,1400,1400,1400,1400,2000,2000,2000,2000,600,91,83,94,93,76,99,99,100,99,100,100,99,100,90
1466085042,1.216250,0.441213,0.536256,1.173750,3.212376,3.767676,0.993750,0.157168,0.155901,1.221250,0.223951,0.272283,1400,1400,1400,1400,2000,2000,2000,2000,600,92,84,95,95,76,99,100,100,98,100,100,99,100,90
1466085043,1.216250,0.437248,0.531392,1.255000,3.722290,4.671110,0.993750,0.157472,0.155901,1.218750,0.248521,0.302064,1400,1400,1400,1400,2000,2000,2000,2000,600,92,84,95,95,76,98,100,100,98,100,99,100,99,90
1466085044,1.216250,0.435479,0.528960,1.285000,3.878196,4.983230,0.993750,0.157016,0.155901,1.221250,0.237237,0.289377,1400,1400,1400,1400,2000,2000,2000,2000,600,92,84,95,95,76,99,100,100,99,100,100,100,100,90
1466085045,1.216250,0.438224,0.532608,1.155000,3.363624,3.884265,0.993750,0.157472,0.155901,1.218750,0.258986,0.314244,1400,1400,1400,1400,2000,2000,2000,2000,600,91,83,94,93,76,96,100,100,99,100,100,100,100,90
1466085046,1.216250,0.437492,0.531392,1.247500,3.811614,4.752317,0.993750,0.157472,0.155901,1.221250,0.220493,0.268620,1400,1400,1400,1400,2000,2000,2000,2000,600,91,83,94,93,76,98,99,100,98,100,100,100,100,90
1466085047,1.216250,0.437736,0.531392,1.278750,3.939572,5.034042,0.993750,0.157472,0.155901,1.218750,0.252980,0.306936,1400,1400,1400,1400,2000,2000,2000,2000,600,91,83,94,93,76,99,100,100,98,99,99,100,99,90
1466085048,1.216250,0.436211,0.530176,1.230000,3.646118,4.484580,0.993750,0.157168,0.155901,1.218750,0.240513,0.292320,1400,1400,1400,1400,2000,2000,2000,2000,600,91,83,94,93,76,97,100,100,99,100,100,100,100,90
1466085049,1.216250,0.437736,0.531392,1.175000,3.312112,3.891600,0.993750,0.157168,0.155901,1.221250,0.224497,0.273504,1400,1400,1400,1400,2000,2000,2000,2000,600,91,84,94,94,76,98,100,100,98,100,100,100,99,90
1466085050,1.216250,0.435723,0.528960,1.198750,3.324716,3.982152,0.993750,0.157016,0.155901,1.218750,0.247520,0.300846,1400,1400,1400,1400,2000,2000,2000,2000,600,91,83,94,93,76,96,100,100,98,100,99,100,100,90
1466085051,1.216250,0.435479,0.528960,1.246250,3.857646,4.805822,0.993750,0.157168,0.155901,1.218750,0.252707,0.306936,1400,1400,1400,1400,2000,2000,2000,2000,600,91,83,94,93,76,99,99,100,99,100,100,100,100,90
1466085052,1.216250,0.435235,0.528960,1.203750,3.116750,3.748548,0.993750,0.157168,0.155901,1.218750,0.249704,0.303282,1400,1400,1400,1400,900,900,900,900,600,90,83,93,93,76,97,100,100,99,99,99,100,100,90
1466085053,1.216250,0.435235,0.528960,1.253750,3.794626,4.753882,0.993750,0.157168,0.155901,1.220000,0.232778,0.283040,1400,1400,1400,1400,900,900,900,900,600,91,84,95,95,76,99,100,100,97,100,100,100,100,90
1466085054,1.216250,0.434747,0.527744,1.200000,3.578714,4.293600,0.993750,0.157016,0.155901,1.220000,0.220493,0.268400,1400,1400,1400,1400,2000,2000,2000,2000,600,92,84,95,95,76,97,100,100,97,100,100,99,100,90
1466085055,1.216250,0.435723,0.528960,1.166250,3.206074,3.738196,0.993750,0.157168,0.155901,1.218750,0.244244,0.297192,1400,1400,1400,1400,2000,2000,2000,2000,600,91,84,94,94,76,98,100,100,99,100,100,100,100,90
1466085056,1.216250,0.435723,0.528960,1.247500,3.648584,4.549056,0.993750,0.157016,0.155901,1.221250,0.231504,0.282051,1400,1400,1400,1400,2000,2000,2000,2000,600,92,84,95,95,76,98,98,100,99,100,99,99,100,90
1466085057,1.216250,0.433954,0.526528,1.231250,3.668860,4.515308,0.993750,0.156712,0.154908,1.220000,0.247520,0.301340,1400,1400,1400,1400,2000,2000,2000,2000,600,91,83,93,93,76,97,100,100,98,100,100,100,100,90
1466085058,1.216250,0.435967,0.528960,1.196250,3.191278,3.816436,0.993750,0.157016,0.155901,1.221250,0.221767,0.269841,1400,1400,1400,1400,2000,2000,2000,2000,600,92,84,95,95,76,98,100,100,99,99,100,100,99,90
1466085059,1.216250,0.434503,0.527744,1.238750,3.855180,4.772490,0.993750,0.156712,0.154908,1.218750,0.245700,0.298410,1400,1400,1400,1400,2000,2000,2000,2000,600,92,84,95,95,76,97,100,100,99,100,100,98,100,90
1466085060,1.216250,0.435479,0.528960,1.245000,3.828054,4.765860,0.993750,0.156712,0.154908,1.220000,0.230958,0.280600,1400,1400,1400,1400,2000,2000,2000,2000,600,92,84,95,95,76,99,100,100,99,100,100,100,99,90
1466085061,1.216250,0.435967,0.528960,1.191250,3.280602,3.906480,0.993750,0.157168,0.155901,1.218750,0.244244,0.297192,1400,1400,1400,1400,2000,2000,2000,2000,600,92,84,95,94,76,98,99,100,98,100,100,99,100,90
1466085062,1.216250,0.435723,0.528960,1.242500,3.705028,4.601610,0.993750,0.157168,0.155901,1.221250,0.218764,0.266178,1400,1400,1400,1400,2000,2000,2000,2000,600,91,84,94,94,76,98,100,100,99,100,100,100,100,90
1466085063,1.216250,0.438224,0.532608,1.178750,3.201690,3.770778,0.993750,0.157168,0.155901,1.220000,0.249522,0.303780,1400,1400,1400,1400,2000,2000,2000,2000,600,92,84,95,95,76,98,100,100,99,99,99,100,99,90
1466085064,1.216250,0.437736,0.531392,1.230000,3.511584,4.318530,0.993750,0.157168,0.155901,1.218750,0.250523,0.304500,1400,1400,1400,1400,2000,2000,2000,2000,600,91,83,94,93,76,98,100,100,99,100,100,100,100,90
1466085065,1.216250,0.437248,0.531392,1.250000,3.707494,4.633750,0.993750,0.157016,0.155901,1.218750,0.243243,0.295974,1400,1400,1400,1400,2000,2000,2000,2000,600,91,83,94,93,76,96,99,100,98,99,100,99,100,90
1466085066,1.216250,0.436211,0.530176,1.245000,3.870250,4.818150,0.993750,0.157016,0.155901,1.221250,0.238238,0.290598,1400,1400,1400,1400,2000,2000,2000,2000,600,91,83,94,94,76,97,100,100,99,100,100,100,100,90
1466085067,1.216250,0.429989,0.521664,1.225000,3.745854,4.587625,0.993750,0.156712,0.154908,1.218750,0.249977,0.303282,1400,1400,1400,1400,2000,2000,2000,2000,600,92,84,95,95,76,99,92,100,98,99,100,100,99,90
1466085068,1.216250,0.438712,0.532608,1.278750,3.739004,4.778442,0.993750,0.156712,0.154908,1.220000,0.228501,0.278160,1400,1400,1400,1400,2000,2000,2000,2000,600,91,83,94,93,76,98,99,100,98,100,100,99,100,90
1466085069,1.216250,0.436699,0.530176,1.192500,3.461716,4.125512,0.993750,0.157016,0.155901,1.220000,0.248976,0.302560,1400,1400,1400,1400,2000,2000,2000,2000,600,92,84,95,95,76,97,100,100,100,100,100,100,100,90
1466085070,1.216250,0.436211,0.530176,1.231250,3.630774,4.468530,0.993750,0.157472,0.155901,1.221250,0.236236,0.288156,1400,1400,1400,1400,2000,2000,2000,2000,600,91,83,94,93,76,100,99,100,98,99,100,100,99,90
1466085071,1.216250,0.436211,0.530176,1.272500,3.715440,4.725480,0.993750,0.157016,0.155901,1.218750,0.250705,0.304500,1400,1400,1400,1400,2000,2000,2000,2000,600,91,83,94,93,76,96,97,100,99,100,100,99,100,90
1466085072,1.216250,0.437492,0.531392,1.238750,3.906144,4.835628,0.993750,0.157472,0.155901,1.221250,0.222950,0.271062,1400,1400,1400,1400,2000,2000,2000,2000,600,91,83,94,94,76,98,100,100,98,100,100,100,100,90
1466085073,1.216250,0.438468,0.532608,1.255000,3.530216,4.430150,0.993750,0.157168,0.155901,1.220000,0.254254,0.309880,1400,1400,1400,1400,2000,2000,2000,2000,600,92,84,95,95,76,99,98,100,99,99,100,100,99,90
1466085074,1.216250,0.436455,0.530176,1.278750,3.765308,4.811670,0.993750,0.157168,0.155901,1.218750,0.230230,0.280140,1400,1400,1400,1400,2000,2000,2000,2000,600,91,83,94,93,76,99,100,100,99,100,100,99,100,90
1466085075,1.216250,0.438224,0.532608,1.246250,3.334580,4.154164,0.993750,0.157016,0.155901,1.221250,0.226772,0.275946,1400,1400,1400,1400,2000,2000,2000,2000,600,91,83,94,94,76,98,98,100,98,100,99,100,100,90
1466085076,1.216250,0.434991,0.527744,1.181250,3.453222,4.077993,0.993750,0.157168,0.155901,1.220000,0.249249,0.303780,1400,1400,1400,1400,2000,2000,2000,2000,600,91,83,94,94,76,98,97,100,99,100,100,99,100,90
1466085077,1.216250,0.437004,0.531392,1.230000,3.373214,4.148790,0.993750,0.157168,0.155901,1.220000,0.253981,0.308660,1400,1400,1400,1400,2000,2000,2000,2000,600,92,84,95,95,76,97,100,100,98,100,100,100,100,90
1466085078,1.216250,0.435235,0.528960,1.231250,3.651050,4.494381,0.993750,0.157168,0.155901,1.220000,0.224497,0.273280,1400,1400,1400,1400,2000,2000,2000,2000,600,91,83,94,93,76,98,98,100,99,100,99,100,100,90
1466085079,1.216250,0.435967,0.528960,1.230000,3.522818,4.332060,0.993750,0.157016,0.155901,1.218750,0.255255,0.310590,1400,1400,1400,1400,2000,2000,2000,2000,600,91,83,94,93,76,97,99,100,98,100,100,100,100,90
1466085080,1.216250,0.441213,0.536256,1.236250,3.713796,4.589268,0.993750,0.157016,0.155901,1.220000,0.251524,0.306220,1400,1400,1400,1400,2000,2000,2000,2000,600,91,83,94,93,76,98,99,100,98,99,99,99,99,90
1466085081,1.216250,0.435235,0.528960,1.241250,3.901486,4.841141,0.993750,0.157168,0.155901,1.220000,0.221767,0.269620,1400,1400,1400,1400,2000,2000,2000,2000,600,91,83,94,93,76,97,100,100,99,100,100,100,100,90
1466085082,1.216250,0.434503,0.527744,1.181250,3.336498,3.939816,0.993750,0.157168,0.155901,1.220000,0.249977,0.303780,1400,1400,1400,1400,2000,2000,2000,2000,600,91,83,94,93,76,98,99,100,99,100,100,100,99,90
1466085083,1.216250,0.437248,0.531392,1.223750,3.487746,4.264601,0.993750,0.157016,0.155901,1.218750,0.250250,0.304500,1400,1400,1400,1400,2000,2000,2000,2000,600,91,83,94,93,76,98,98,100,99,100,100,100,100,90
1466085084,1.216250,0.437736,0.531392,1.183750,3.450756,4.081350,0.993750,0.157016,0.155901,1.220000,0.241696,0.294020,1400,1400,1400,1400,2000,2000,2000,2000,600,92,84,95,95,76,99,99,100,99,100,100,98,100,90
1466085085,1.216250,0.440969,0.535040,1.275000,3.700918,4.717500,0.993750,0.157016,0.155901,1.220000,0.250978,0.305000,1400,1400,1400,1400,2000,2000,2000,2000,600,91,83,94,93,76,99,100,100,97,100,100,100,100,90
1466085086,1.216250,0.438468,0.532608,1.240000,3.439522,4.264360,0.993750,0.157168,0.155901,1.218750,0.256256,0.311808,1400,1400,1400,1400,2000,2000,2000,2000,600,90,83,93,93,76,98,99,100,100,100,99,99,99,90
1466085087,1.216250,0.437736,0.531392,1.227500,3.716536,4.559532,0.993750,0.157168,0.155901,1.220000,0.235508,0.286700,1400,1400,1400,1400,2000,2000,2000,2000,600,91,83,93,93,76,100,99,100,98,100,100,100,100,90
1466085088,1.216250,0.441213,0.536256,1.258750,3.692972,4.644536,0.993750,0.157168,0.155901,1.220000,0.246246,0.300120,1400,1400,1400,1400,2000,2000,2000,2000,600,91,83,94,93,76,97,97,100,99,100,100,100,100,90
1466085089,1.216250,0.439505,0.533824,1.210000,3.334032,4.034140,0.993750,0.157016,0.155901,1.220000,0.251524,0.306220,1400,1400,1400,1400,2000,2000,2000,2000,600,92,84,95,95,76,98,99,100,99,100,99,100,100,90
1466085090,1.216250,0.438224,0.532608,1.225000,3.690506,4.520250,0.993750,0.156712,0.154908,1.220000,0.242970,0.295240,1400,1400,1400,1400,2000,2000,2000,2000,600,92,84,95,95,76,100,100,100,97,100,100,100,99,90
1466085091,1.216250,0.437736,0.531392,1.253750,3.851892,4.825303,0.995000,0.157168,0.156215,1.220000,0.236509,0.287920,1400,1400,1400,1400,2000,2000,2000,2000,600,92,84,95,95,76,96,99,100,100,100,100,100,99,90
1466085092,1.217500,0.438468,0.533046,1.223750,3.591044,4.391793,0.995000,0.157776,0.156215,1.218750,0.251706,0.305718,1400,1400,1400,1400,2000,2000,2000,2000,600,91,83,94,93,76,98,99,100,98,100,100,100,100,90
1466085093,1.216250,0.437736,0.531392,1.182500,3.553232,4.199646,0.993750,0.157472,0.155901,1.218750,0.252525,0.306936,1400,1400,1400,1400,2000,2000,2000,2000,600,91,83,93,93,76,97,100,100,99,100,99,99,100,90
1466085094,1.216250,0.438224,0.532608,1.228750,3.527476,4.331156,0.995000,0.157168,0.156215,1.220000,0.227955,0.276940,1400,1400,1400,1400,2000,2000,2000,2000,600,91,83,94,93,76,99,99,100,99,100,100,100,100,90
1466085095,1.217500,0.437004,0.531829,1.168750,3.358144,3.922144,0.993750,0.157016,0.155901,1.218750,0.259441,0.315462,1400,1400,1400,1400,2000,2000,2000,2000,600,91,83,94,93,76,99,99,100,99,99,99,100,100,90
1466085096,1.216250,0.435723,0.528960,1.205000,3.177030,3.828285,0.993750,0.156408,0.154908,1.218750,0.244244,0.297192,1400,1400,1400,1400,2000,2000,2000,2000,600,91,83,93,93,76,97,98,100,99,100,100,100,100,90
1466085097,1.216250,0.438956,0.532608,1.250000,3.785584,4.731250,0.995000,0.157016,0.156215,1.220000,0.252980,0.307440,1400,1400,1400,1400,2000,2000,2000,2000,600,91,83,94,93,76,98,99,100,99,99,100,100,100,90
1466085098,1.217500,0.436211,0.530612,1.238750,3.581454,4.433278,0.993750,0.157168,0.155901,1.220000,0.239239,0.291580,1400,1400,1400,1400,2000,2000,2000,2000,600,90,83,93,93,76,96,99,100,99,100,100,100,100,90
1466085099,1.216250,0.434991,0.527744,1.231250,3.692424,4.544852,0.995000,0.157472,0.156215,1.218750,0.251979,0.305718,1400,1400,1400,1400,2000,2000,2000,2000,600,90,83,94,93,76,99,98,100,98,100,100,100,99,90
1466085100,1.217500,0.436455,0.530612,1.216250,3.392120,4.124672,0.993750,0.157168,0.155901,1.221250,0.223223,0.272283,1400,1400,1400,1400,2000,2000,2000,2000,600,90,83,93,93,76,98,100,100,98,99,100,100,100,90
1466085101,1.216250,0.438712,0.532608,1.241250,3.743662,4.645063,0.993750,0.157016,0.155901,1.221250,0.224224,0.273504,1400,1400,1400,1400,2000,2000,2000,2000,600,91,83,94,93,76,99,97,100,99,100,99,100,100,90
1466085102,1.216250,0.435235,0.528960,1.213750,3.640638,4.415320,0.993750,0.157472,0.155901,1.218750,0.253981,0.308154,1400,1400,1400,1400,2000,2000,2000,2000,600,90,83,93,93,76,98,100,100,99,100,100,99,100,90
1466085103,1.216250,0.435967,0.528960,1.245000,3.734072,4.648830,0.993750,0.157168,0.155901,1.220000,0.250978,0.305000,1400,1400,1400,1400,2000,2000,2000,2000,600,90,83,93,93,76,97,99,99,99,100,100,100,100,90
1466085104,1.216250,0.434991,0.527744,1.163750,3.316222,3.856508,0.993750,0.157168,0.155901,1.220000,0.244517,0.297680,1400,1400,1400,1400,2000,2000,2000,2000,600,91,83,93,93,76,98,100,100,100,100,99,100,100,90
1466085105,1.216250,0.435967,0.528960,1.238750,3.596250,4.451848,0.995000,0.157168,0.156215,1.218750,0.249704,0.303282,1400,1400,1400,1400,2000,2000,2000,2000,600,90,82,93,92,76,97,99,100,99,100,100,99,100,90
1466085106,1.216250,0.438712,0.532608,1.247500,3.585838,4.470495,0.993750,0.157168,0.155901,1.218750,0.250250,0.304500,1400,1400,1400,1400,2000,2000,2000,2000,600,92,84,95,95,76,90,93,95,94,94,95,96,94,90
1466085107,1.236250,0.151768,0.186636,1.287500,1.160664,1.492920,0.993750,0.150936,0.148950,1.216250,0.017472,0.020672,1400,1400,1400,1400,2000,2000,2000,2000,600,78,73,80,79,71,0,0,0,0,0,0,0,0,90
1466085108,1.237500,0.142252,0.175654,1.286250,1.081478,1.390166,0.993750,0.139688,0.138027,1.216250,0.019474,0.023104,1400,1400,1400,1400,2000,2000,2000,2000,600,74,70,76,74,67,0,0,0,0,0,0,0,0,90
1466085109,1.237500,0.132004,0.163284,1.286250,1.001196,1.287286,0.993750,0.132240,0.131076,1.216250,0.016289,0.019456,1400,1400,1400,1400,2000,2000,2000,2000,600,72,67,73,71,65,0,0,0,0,0,0,0,0,90
1466085110,1.237500,0.128771,0.158336,1.286250,1.042844,1.340012,0.993750,0.127224,0.126111,1.216250,0.017745,0.020672,1400,1400,1400,1400,2000,2000,2000,2000,600,70,66,72,69,64,0,0,0,0,0,0,0,0,90
1466085111,1.237500,0.128771,0.158336,1.286250,0.956534,1.229416,0.993750,0.125248,0.124125,1.216250,0.016016,0.019456,1400,1400,1400,1400,2000,2000,2000,2000,600,69,64,70,68,62,0,0,0,0,0,0,0,0,90
1466085112,1.237500,0.125721,0.154625,1.286250,0.971604,1.248706,0.993750,0.122056,0.121146,1.216250,0.017472,0.020672,1400,1400,1400,1400,2000,2000,2000,2000,600,68,63,69,67,62,0,0,0,0,0,0,0,0,50
1466085113,1.237500,0.123769,0.152151,1.286250,0.931874,1.197266,0.993750,0.119776,0.118167,1.216250,0.015743,0.018240,1400,1400,1400,1400,2000,2000,2000,2000,600,67,63,68,66,61,0,0,0,0,0,0,0,0,50
1466085114,1.237500,0.122976,0.150914,1.286250,0.968316,1.244848,0.993750,0.117800,0.116181,1.216250,0.017472,0.020672,1400,1400,1400,1400,2000,2000,2000,2000,600,66,62,67,65,60,0,0,0,0,0,0,0,0,50
146