Timestamp,A7_Volt,A7_Amp,A7_Watt,A15_Volt,A15_Amp,A15_Watt,GPU_Volt,GPU_Amp,GPU_Watt,Mem_Volt,Mem_Amp,Mem_Watt,CPU0_Freq,CPU1_Freq,CPU2_Freq,CPU3_Freq,CPU4_Freq,CPU5_Freq,CPU6_Freq,CPU7_Freq,GPU_Freq,CPU4_Temp,CPU5_Temp,CPU6_Temp,CPU7_Temp,GPU_Temp,CPU0_USG,CPU1_USG,CPU2_USG,CPU3_USG,CPU4_USG,CPU5_USG,CPU6_USG,CPU7_USG,Fan_Speed_%
1466083983,1.237500,0.114985,0.141018,1.285000,0.872964,1.120520,0.992500,0.107464,0.106144,1.216250,0.015470,0.018240,1400,1400,1400,1400,2000,2000,2000,2000,600,62,58,64,61,56,0,0,0,0,0,1,0,1,0
1466083984,1.237500,0.114741,0.141018,1.283750,0.870224,1.116210,0.992500,0.107464,0.106144,1.216250,0.016471,0.019456,1400,1400,1400,1400,2000,2000,2000,2000,600,62,58,63,61,56,0,1,0,0,0,0,0,0,0
1466083985,1.237500,0.113521,0.139781,1.285000,0.869950,1.116665,0.992500,0.107312,0.106144,1.216250,0.015470,0.018240,1400,1400,1400,1400,2000,2000,2000,2000,600,62,58,63,61,56,0,0,1,2,0,0,0,0,0
1466083986,1.236250,0.119499,0.147084,1.285000,0.897898,1.152645,0.992500,0.107312,0.106144,1.216250,0.018291,0.021888,1400,1400,1400,1400,2000,2000,2000,2000,600,62,57,63,61,56,0,1,0,0,0,0,0,0,0
1466083987,1.237500,0.112972,0.138544,1.285000,0.868854,1.115380,0.992500,0.106704,0.105152,1.216250,0.015743,0.018240,1400,1400,1400,1400,2000,2000,2000,2000,600,62,58,63,61,56,0,0,0,0,0,0,0,0,0
1466083988,1.237500,0.113216,0.139781,1.285000,0.897076,1.152645,0.992500,0.106704,0.105152,1.216250,0.015743,0.018240,1400,1400,1400,1400,2000,2000,2000,2000,600,62,57,63,60,56,0,2,0,0,0,0,0,0,0
1466083989,1.237500,0.113765,0.139781,1.285000,0.868580,1.115380,0.992500,0.106704,0.105152,1.216250,0.015470,0.018240,1400,1400,1400,1400,2000,2000,2000,2000,600,62,57,63,60,56,0,0,0,0,0,0,0,0,0
1466083990,1.237500,0.115473,0.142255,1.285000,0.869950,1.116665,0.992500,0.106704,0.105152,1.216250,0.018018,0.021888,1400,1400,1400,1400,2000,2000,2000,2000,600,62,57,63,60,56,0,1,0,0,0,0,0,0,0
1466083991,1.237500,0.114009,0.141018,1.285000,0.868032,1.115380,0.992500,0.106552,0.105152,1.216250,0.015743,0.018240,1400,1400,1400,1400,2000,2000,2000,2000,600,62,57,63,60,56,0,0,0,0,0,0,0,0,0
1466083992,1.236250,0.119011,0.147084,1.285000,0.869128,1.116665,0.992500,0.106704,0.105152,1.216250,0.018473,0.021888,1400,1400,1400,1400,2000,2000,2000,2000,600,62,57,64,62,56,0,0,0,0,0,0,0,0,0
1466083993,1.237500,0.121268,0.149677,1.291250,2.017188,2.603947,0.993750,0.107920,0.106251,1.220000,0.072709,0.087840,1400,1400,1400,1400,2000,2000,2000,2000,600,66,60,68,73,58,0,0,0,0,0,41,0,0,0
1466083994,1.236250,0.125965,0.154500,1.290000,1.769492,2.282010,0.993750,0.110960,0.109230,1.225000,0.166257,0.203350,1400,1400,1400,1400,2000,2000,2000,2000,600,67,61,68,71,59,0,1,0,0,0,62,0,0,0
1466083995,1.236250,0.124013,0.153264,1.290000,1.805660,2.328450,0.992500,0.112784,0.111104,1.222500,0.105014,0.128310,1400,1400,1400,1400,2000,2000,2000,2000,600,68,62,69,74,60,0,0,0,0,0,99,0,0,50
1466083996,1.236250,0.130235,0.160680,1.293750,2.586286,3.343698,0.993750,0.114760,0.113202,1.221250,0.149695,0.181929,1400,1400,1400,1400,2000,2000,2000,2000,600,71,64,73,79,61,0,0,0,0,0,100,0,0,50
1466083997,1.236250,0.133224,0.164388,1.295000,2.581354,3.342395,0.992500,0.117496,0.116064,1.221250,0.148512,0.180708,1400,1400,1400,1400,2000,2000,2000,2000,600,72,65,74,81,62,0,0,0,0,0,100,0,0,50
1466083998,1.235000,0.142496,0.175370,1.295000,2.617796,3.389015,0.992500,0.119168,0.118048,1.221250,0.150514,0.183150,1400,1400,1400,1400,2000,2000,2000,2000,600,73,66,75,82,63,0,0,0,0,0,100,0,0,50
1466083999,1.236250,0.139507,0.171804,1.293750,2.618892,3.385074,0.993750,0.121448,0.120153,1.221250,0.148512,0.180708,1400,1400,1400,1400,2000,2000,2000,2000,600,74,67,76,83,64,0,0,0,0,0,100,0,0,50
1466084000,1.236250,0.139751,0.171804,1.295000,2.683282,3.474485,0.993750,0.122512,0.121146,1.221250,0.150514,0.183150,1400,1400,1400,1400,2000,2000,2000,2000,600,75,67,77,83,64,0,1,0,0,0,100,0,0,50
1466084001,1.236250,0.140727,0.173040,1.293750,2.632592,3.403176,0.992500,0.123424,0.122016,1.220000,0.149695,0.181780,1400,1400,1400,1400,2000,2000,2000,2000,600,75,68,77,83,65,0,0,0,0,0,100,0,0,50
1466084002,1.235000,0.145973,0.179075,1.295000,2.689036,3.482255,0.993750,0.124184,0.123132,1.221250,0.150241,0.183150,1400,1400,1400,1400,2000,2000,2000,2000,600,75,68,77,84,65,0,1,0,0,0,100,1,0,50
1466084003,1.236250,0.140483,0.173040,1.295000,2.648758,3.429160,0.993750,0.125248,0.124125,1.221250,0.149513,0.181929,1400,1400,1400,1400,2000,2000,2000,2000,600,76,68,78,84,65,0,0,0,0,0,100,0,0,50
1466084004,1.236250,0.148718,0.182928,1.295000,2.710682,3.509450,0.992500,0.125704,0.124000,1.221250,0.151697,0.184371,1400,1400,1400,1400,2000,2000,2000,2000,600,76,68,78,84,65,0,0,0,0,0,100,0,0,50
1466084005,1.236250,0.142740,0.175512,1.295000,2.664924,3.449880,0.993750,0.126008,0.125118,1.221250,0.150241,0.183150,1400,1400,1400,1400,2000,2000,2000,2000,600,76,69,78,85,66,0,0,0,0,0,100,0,0,90
1466084006,1.236250,0.140727,0.173040,1.295000,2.714792,3.514630,0.993750,0.126160,0.125118,1.221250,0.151970,0.184371,1400,1400,1400,1400,2000,2000,2000,2000,600,76,69,78,85,66,0,2,0,0,0,100,0,0,90
1466084007,1.236250,0.142984,0.175512,1.295000,2.660266,3.444700,0.993750,0.126768,0.125118,1.221250,0.149513,0.181929,1400,1400,1400,1400,2000,2000,2000,2000,600,76,69,78,85,66,0,0,0,0,0,100,0,0,90
1466084008,1.236250,0.152744,0.187872,1.295000,2.700270,3.496500,0.993750,0.126920,0.125118,1.221250,0.151697,0.184371,1400,1400,1400,1400,2000,2000,2000,2000,600,76,69,78,85,66,0,1,0,0,0,100,1,0,90
1466084009,1.236250,0.142984,0.175512,1.295000,2.658896,3.442110,0.993750,0.126920,0.125118,1.221250,0.149240,0.181929,1400,1400,1400,1400,2000,2000,2000,2000,600,76,69,78,85,66,0,0,0,0,0,100,0,0,90
1466084010,1.236250,0.145485,0.179220,1.295000,2.730136,3.535350,0.993750,0.127224,0.126111,1.221250,0.150969,0.183150,1400,1400,1400,1400,2000,2000,2000,2000,600,76,69,78,85,66,0,0,0,0,0,100,0,0,90
1466084011,1.236250,0.142008,0.175512,1.295000,2.661910,3.445995,0.993750,0.127224,0.126111,1.221250,0.148967,0.180708,1400,1400,1400,1400,2000,2000,2000,2000,600,76,69,78,85,66,0,0,0,0,0,100,0,0,90
1466084012,1.236250,0.142740,0.175512,1.295000,2.709586,3.508155,0.992500,0.126920,0.124992,1.221250,0.149240,0.181929,1400,1400,1400,1400,2000,2000,2000,2000,600,76,69,78,85,66,0,1,0,0,0,100,0,0,90
1466084013,1.236250,0.142496,0.175512,1.295000,2.663006,3.448585,0.993750,0.127528,0.126111,1.221250,0.150241,0.183150,1400,1400,1400,1400,2000,2000,2000,2000,600,76,69,78,85,66,0,0,0,0,0,100,0,0,90
1466084014,1.235000,0.146766,0.180310,1.293750,2.668760,3.449724,0.993750,0.127224,0.126111,1.221250,0.150969,0.183150,1400,1400,1400,1400,2000,2000,2000,2000,600,76,69,78,85,66,0,1,0,0,0,100,0,0,90
1466084015,1.236250,0.144021,0.177984,1.295000,2.656978,3.439520,0.993750,0.127528,0.126111,1.221250,0.150241,0.183150,1400,1400,1400,1400,2000,2000,2000,2000,600,76,69,78,85,66,0,0,0,0,0,100,0,0,90
1466084016,1.236250,0.144021,0.177984,1.295000,2.649306,3.430455,0.993750,0.127528,0.126111,1.221250,0.151242,0.184371,1400,1400,1400,1400,2000,2000,2000,2000,600,76,69,78,85,66,0,1,0,0,0,100,0,0,90
1466084017,1.236250,0.144265,0.177984,1.295000,2.666842,3.452470,0.993750,0.127528,0.126111,1.221250,0.149695,0.181929,1400,1400,1400,1400,2000,2000,2000,2000,600,76,69,78,85,66,0,0,0,0,0,100,0,0,90
1466084018,1.235000,0.147010,0.181545,1.295000,2.707942,3.505565,0.993750,0.127528,0.126111,1.221250,0.149240,0.181929,1400,1400,1400,1400,2000,2000,2000,2000,600,76,69,78,85,66,0,0,0,0,0,100,0,0,90
1466084019,1.236250,0.141520,0.174276,1.293750,2.657526,3.435501,0.993750,0.127528,0.126111,1.221250,0.149513,0.181929,1400,1400,1400,1400,2000,2000,2000,2000,600,76,69,78,85,66,0,0,0,0,0,100,0,0,90
1466084020,1.235000,0.149755,0.184015,1.295000,2.714244,3.514630,0.993750,0.127224,0.126111,1.221250,0.151242,0.184371,1400,1400,1400,1400,2000,2000,2000,2000,600,76,69,78,85,66,0,0,0,1,0,100,0,0,90
1466084021,1.236250,0.142496,0.175512,1.295000,2.660266,3.444700,0.993750,0.126920,0.125118,1.221250,0.149695,0.181929,1400,1400,1400,1400,2000,2000,2000,2000,600,76,69,78,85,66,0,0,0,0,0,100,0,0,90
1466084022,1.236250,0.142496,0.175512,1.295000,2.655882,3.438225,0.993750,0.127224,0.126111,1.221250,0.150241,0.183150,1400,1400,1400,1400,2000,2000,2000,2000,600,76,69,78,85,66,0,1,0,0,0,100,0,0,90
1466084023,1.236250,0.142984,0.175512,1.293750,2.659992,3.438087,0.993750,0.126920,0.125118,1.221250,0.149240,0.181929,1400,1400,1400,1400,2000,2000,2000,2000,600,76,69,78,85,66,0,0,0,0,0,100,0,0,90
1466084024,1.235000,0.149511,0.184015,1.293750,2.655060,3.432915,0.993750,0.126768,0.125118,1.221250,0.150241,0.183150,1400,1400,1400,1400,2000,2000,2000,2000,600,76,69,78,85,66,0,1,0,0,0,100,0,0,90
1466084025,1.236250,0.142984,0.175512,1.293750,2.654512,3.431622,0.993750,0.126920,0.125118,1.221250,0.148967,0.180708,1400,1400,1400,1400,2000,2000,2000,2000,600,76,69,78,85,66,0,0,0,0,0,100,0,0,90
1466084026,1.236250,0.141764,0.174276,1.295000,2.657252,3.440815,0.993750,0.126768,0.125118,1.221250,0.149240,0.181929,1400,1400,1400,1400,2000,2000,2000,2000,600,76,69,78,85,66,0,0,0,0,0,100,0,0,90
1466084027,1.236250,0.142008,0.175512,1.295000,2.658074,3.442110,0.993750,0.126768,0.125118,1.221250,0.150241,0.183150,1400,1400,1400,1400,2000,2000,2000,2000,600,76,69,78,85,65,0,0,0,0,0,100,0,0,90
1466084028,1.236250,0.142008,0.175512,1.295000,2.703284,3.500385,0.993750,0.126464,0.125118,1.221250,0.150514,0.183150,1400,1400,1400,1400,2000,2000,2000,2000,600,76,69,78,85,66,0,1,0,0,0,100,0,0,90
1466084029,1.236250,0.142008,0.175512,1.295000,2.665472,3.451175,0.993750,0.126160,0.125118,1.221250,0.149968,0.181929,1400,1400,1400,1400,2000,2000,2000,2000,600,76,69,78,85,65,0,0,0,0,0,100,0,0,90
1466084030,1.236250,0.143716,0.176748,1.295000,2.657252,3.440815,0.993750,0.126160,0.125118,1.221250,0.148785,0.180708,1400,1400,1400,1400,2000,2000,2000,2000,600,76,69,78,85,65,0,1,0,0,0,100,0,0,90
1466084031,1.236250,0.140971,0.173040,1.293750,2.664924,3.444552,0.993750,0.126160,0.125118,1.221250,0.148785,0.180708,1400,1400,1400,1400,2000,2000,2000,2000,600,76,68,78,85,65,0,0,0,0,0,100,0,0,90
1466084032,1.236250,0.142740,0.175512,1.295000,2.647936,3.427865,0.993750,0.126008,0.125118,1.221250,0.149968,0.181929,1400,1400,1400,1400,2000,2000,2000,2000,600,76,69,78,85,65,0,1,0,0,0,100,0,0,90
1466084033,1.236250,0.142984,0.175512,1.293750,2.657252,3.435501,0.993750,0.126160,0.125118,1.221250,0.149240,0.181929,1400,1400,1400,1400,2000,2000,2000,2000,600,76,68,78,84,65,0,0,0,0,0,100,0,0,90
1466084034,1.236250,0.141764,0.174276,1.295000,2.657252,3.440815,0.993750,0.126160,0.125118,1.221250,0.149513,0.181929,1400,1400,1400,1400,2000,2000,2000,2000,600,76,68,78,84,65,0,1,0,0,0,100,0,0,90
1466084035,1.236250,0.140239,0.173040,1.295000,2.647936,3.427865,0.993750,0.126160,0.125118,1.221250,0.150514,0.183150,1400,1400,1400,1400,2000,2000,2000,2000,600,76,68,78,84,65,0,0,0,0,0,100,0,0,90
1466084036,1.236250,0.141215,0.174276,1.295000,2.663006,3.448585,0.993750,0.125704,0.124125,1.221250,0.148785,0.180708,1400,1400,1400,1400,2000,2000,2000,2000,600,76,68,78,84,65,0,1,0,0,0,100,0,0,90
1466084037,1.236250,0.140483,0.173040,1.293750,2.658074,3.436794,0.993750,0.125704,0.124125,1.220000,0.149240,0.181780,1400,1400,1400,1400,2000,2000,2000,2000,600,75,68,78,84,65,0,0,0,0,0,100,0,0,90
1466084038,1.236250,0.142252,0.175512,1.295000,2.648758,3.429160,0.993750,0.125552,0.124125,1.221250,0.148785,0.180708,1400,1400,1400,1400,2000,2000,2000,2000,600,76,68,78,84,65,0,0,0,0,0,100,0,0,90
1466084039,1.236250,0.142008,0.175512,1.295000,2.660814,3.444700,0.993750,0.125704,0.124125,1.221250,0.149968,0.181929,1400,1400,1400,1400,2000,2000,2000,2000,600,75,68,78,84,65,0,0,0,0,0,100,0,0,90
1466084040,1.236250,0.142008,0.175512,1.295000,2.644374,3.423980,0.993750,0.125704,0.124125,1.221250,0.150241,0.183150,1400,1400,1400,1400,2000,2000,2000,2000,600,76,68,78,84,65,0,1,0,0,0,100,0,0,90
1466084041,1.236250,0.141215,0.174276,1.295000,2.658896,3.442110,0.993750,0.125248,0.124125,1.221250,0.148785,0.180708,1400,1400,1400,1400,2000,2000,2000,2000,600,75,68,78,84,65,0,0,0,0,0,100,0,0,90
1466084042,1.236250,0.142252,0.175512,1.293750,2.643004,3.417399,0.993750,0.125552,0.124125,1.221250,0.149240,0.181929,1400,1400,1400,1400,2000,2000,2000,2000,600,76,68,78,84,65,0,1,0,0,0,100,0,0,90
1466084043,1.236250,0.140971,0.173040,1.293750,2.654238,3.431622,0.993750,0.125248,0.124125,1.221250,0.149968,0.181929,1400,1400,1400,1400,2000,2000,2000,2000,600,75,68,77,84,65,0,0,0,0,0,100,0,0,90
1466084044,1.236250,0.140483,0.173040,1.295000,2.648484,3.429160,0.993750,0.124944,0.123132,1.221250,0.150514,0.183150,1400,1400,1400,1400,2000,2000,2000,2000,600,76,68,78,84,65,0,0,0,0,0,100,0,0,70
1466084045,1.236250,0.141520,0.174276,1.293750,2.654512,3.431622,0.993750,0.125248,0.124125,1.221250,0.148785,0.180708,1400,1400,1400,1400,2000,2000,2000,2000,600,75,68,77,84,65,0,0,0,0,0,100,0,0,70
1466084046,1.236250,0.140727,0.173040,1.293750,2.655060,3.432915,0.993750,0.124944,0.123132,1.221250,0.148785,0.180708,1400,1400,1400,1400,2000,2000,2000,2000,600,75,68,78,84,65,0,0,0,0,0,100,0,0,70
1466084047,1.236250,0.140971,0.173040,1.295000,2.655060,3.438225,0.993750,0.124944,0.123132,1.221250,0.150514,0.183150,1400,1400,1400,1400,2000,2000,2000,2000,600,75,68,77,84,65,0,0,0,0,0,100,0,0,70
1466084048,1.236250,0.140971,0.173040,1.293750,2.646018,3.421278,0.993750,0.124792,0.123132,1.221250,0.149695,0.181929,1400,1400,1400,1400,2000,2000,2000,2000,600,75,68,77,84,65,0,0,0,0,0,100,0,0,70
1466084049,1.236250,0.141215,0.174276,1.295000,2.652868,3.434340,0.993750,0.124944,0.123132,1.221250,0.149240,0.181929,1400,1400,1400,1400,2000,2000,2000,2000,600,75,68,77,84,65,0,1,0,0,0,100,0,0,70
1466084050,1.236250,0.140239,0.173040,1.295000,2.647114,3.427865,0.993750,0.124792,0.123132,1.221250,0.149240,0.181929,1400,1400,1400,1400,2000,2000,2000,2000,600,75,68,77,84,65,0,0,0,0,0,100,0,0,70
1466084051,1.236250,0.141520,0.174276,1.295000,2.648484,3.429160,0.993750,0.124792,0.123132,1.221250,0.149968,0.181929,1400,1400,1400,1400,2000,2000,2000,2000,600,75,68,77,84,65,0,1,0,0,0,100,0,0,70
1466084052,1.236250,0.140727,0.173040,1.295000,2.646018,3.426570,0.993750,0.124792,0.123132,1.220000,0.150514,0.183000,1400,1400,1400,1400,2000,2000,2000,2000,600,75,68,77,84,65,0,0,0,0,0,100,0,0,70
1466084053,1.236250,0.139995,0.171804,1.295000,2.651224,3.433045,0.993750,0.124488,0.123132,1.221250,0.148967,0.180708,1400,1400,1400,1400,2000,2000,2000,2000,600,75,68,77,84,65,0,1,0,0,0,100,0,0,70
1466084054,1.236250,0.141520,0.174276,1.295000,2.645744,3.425275,0.993750,0.124792,0.123132,1.221250,0.149513,0.181929,1400,1400,1400,1400,2000,2000,2000,2000,600,75,68,77,84,65,0,0,0,0,0,100,0,0,70
1466084055,1.236250,0.141764,0.174276,1.293750,2.649580,3.425157,0.993750,0.124488,0.123132,1.221250,0.149695,0.181929,1400,1400,1400,1400,2000,2000,2000,2000,600,75,68,77,84,65,0,1,0,0,0,100,0,0,70
1466084056,1.236250,0.140483,0.173040,1.295000,2.643826,3.422685,0.993750,0.124184,0.123132,1.221250,0.149513,0.181929,1400,1400,1400,1400,2000,2000,2000,2000,600,75,68,77,84,65,0,0,0,0,0,100,0,0,70
1466084057,1.236250,0.142252,0.175512,1.293750,2.648484,3.423864,0.993750,0.124488,0.123132,1.221250,0.148967,0.180708,1400,1400,1400,1400,2000,2000,2000,2000,600,75,68,77,84,65,0,0,0,0,0,100,0,0,70
1466084058,1.236250,0.140727,0.173040,1.295000,2.648758,3.429160,0.993750,0.124184,0.123132,1.221250,0.148967,0.180708,1400,1400,1400,1400,2000,2000,2000,2000,600,75,68,77,84,65,0,0,0,0,0,100,0,0,70
1466084059,1.236250,0.139995,0.171804,1.295000,2.640812,3.418800,0.993750,0.124488,0.123132,1.221250,0.150241,0.183150,1400,1400,1400,1400,2000,2000,2000,2000,600,75,68,77,84,65,0,1,0,0,0,100,1,0,70
1466084060,1.236250,0.139751,0.171804,1.293750,2.638894,3.410934,0.993750,0.124792,0.123132,1.221250,0.149513,0.181929,1400,1400,1400,1400,2000,2000,2000,2000,600,75,68,77,84,65,0,0,0,0,0,100,0,0,70
1466084061,1.236250,0.140483,0.173040,1.293750,2.631770,3.401883,0.993750,0.124184,0.123132,1.221250,0.148512,0.180708,1400,1400,1400,1400,2000,2000,2000,2000,600,75,68,77,84,65,0,0,0,0,0,100,0,0,70
1466084062,1.236250,0.139019,0.171804,1.295000,2.643004,3.422685,0.993750,0.124184,0.123132,1.221250,0.148512,0.180708,1400,1400,1400,1400,2000,2000,2000,2000,600,75,68,77,84,65,0,0,0,0,0,100,0,0,70
1466084063,1.236250,0.140971,0.173040,1.295000,2.646018,3.426570,0.993750,0.124184,0.123132,1.221250,0.150241,0.183150,1400,1400,1400,1400,2000,2000,2000,2000,600,75,68,77,83,64,0,1,0,0,0,100,0,0,70
1466084064,1.236250,0.141520,0.174276,1.295000,2.632044,3.408440,0.993750,0.124184,0.123132,1.221250,0.148967,0.180708,1400,1400,1400,1400,2000,2000,2000,2000,600,75,68,77,84,64,0,0,0,0,0,100,0,0,70
1466084065,1.236250,0.140971,0.173040,1.295000,2.635880,3.412325,0.993750,0.123728,0.122139,1.221250,0.148967,0.180708,1400,1400,1400,1400,2000,2000,2000,2000,600,75,68,77,84,64,0,0,0,0,0,100,0,0,70
1466084066,1.236250,0.140971,0.173040,1.295000,2.643004,3.422685,0.993750,0.124184,0.123132,1.221250,0.149240,0.181929,1400,1400,1400,1400,2000,2000,2000,2000,600,75,68,77,83,64,0,0,0,0,0,100,0,0,70
1466084067,1.236250,0.140483,0.173040,1.293750,2.634236,3.405762,0.993750,0.124032,0.123132,1.221250,0.150241,0.183150,1400,1400,1400,1400,2000,2000,2000,2000,600,75,68,77,83,64,0,0,0,0,0,100,0,0,70
1466084068,1.236250,0.139751,0.171804,1.293750,2.638620,3.410934,0.993750,0.123728,0.122139,1.221250,0.148512,0.180708,1400,1400,1400,1400,2000,2000,2000,2000,600,75,68,77,83,64,0,0,0,0,0,100,0,0,70
1466084069,1.236250,0.139507,0.171804,1.293750,2.636976,3.408348,0.993750,0.123728,0.122139,1.221250,0.148785,0.180708,1400,1400,1400,1400,2000,2000,2000,2000,600,75,68,77,83,64,0,0,0,0,0,100,0,0,70
1466084070,1.236250,0.139995,0.171804,1.295000,2.632044,3.408440,0.993750,0.123424,0.122139,1.221250,0.149513,0.181929,1400,1400,1400,1400,2000,2000,2000,2000,600,75,68,77,83,64,0,0,0,0,0,100,0,0,70
1466084071,1.236250,0.138714,0.170568,1.295000,2.636154,3.413620,0.993750,0.123424,0.122139,1.220000,0.150241,0.183000,1400,1400,1400,1400,2000,2000,2000,2000,600,75,67,77,83,64,0,1,0,0,0,100,0,0,70
1466084072,1.236250,0.139995,0.171804,1.293750,2.632592,3.403176,0.993750,0.123424,0.122139,1.221250,0.149240,0.181929,1400,1400,1400,1400,2000,2000,2000,2000,600,75,67,77,83,64,0,0,0,0,0,100,0,0,70
1466084073,1.236250,0.140971,0.173040,1.293750,2.628756,3.398004,0.993750,0.123728,0.122139,1.221250,0.148967,0.180708,1400,1400,1400,1400,2000,2000,2000,2000,600,75,67,77,83,64,0,1,0,0,0,100,0,0,70
1466084074,1.236250,0.139995,0.171804,1.293750,2.638620,3.410934,0.993750,0.123424,0.122139,1.221250,0.150514,0.183150,1400,1400,1400,1400,2000,2000,2000,2000,600,75,67,77,83,64,0,0,0,0,0,100,0,0,70
1466084075,1.236250,0.139019,0.171804,1.293750,2.636428,3.408348,0.993750,0.123424,0.122139,1.221250,0.149968,0.181929,1400,1400,1400,1400,2000,2000,2000,2000,600,75,67,77,83,64,0,1,0,0,0,100,0,0,70
1466084076,1.236250,0.140483,0.173040,1.293750,2.634510,3.405762,0.993750,0.123424,0.122139,1.221250,0.149513,0.181929,1400,1400,1400,1400,2000,2000,2000,2000,600,74,67,77,83,64,0,0,0,0,0,100,0,0,70
1466084077,1.236250,0.138714,0.170568,1.293750,2.630400,3.400590,0.993750,0.123272,0.122139,1.221250,0.148785,0.180708,1400,1400,1400,1400,2000,2000,2000,2000,600,75,67,77,83,64,0,1,0,0,0,100,0,0,70
1466084078,1.236250,0.138714,0.170568,1.293750,2.635058,3.407055,0.993750,0.123272,0.122139,1.220000,0.149695,0.181780,1400,1400,1400,1400,2000,2000,2000,2000,600,75,67,77,83,64,0,0,0,0,0,100,0,0,70
1466084079,1.236250,0.140239,0.173040,1.295000,2.630126,3.405850,0.993750,0.123272,0.122139,1.221250,0.148785,0.180708,1400,1400,1400,1400,2000,2000,2000,2000,600,75,67,77,83,64,0,1,0,0,0,100,0,0,70
1466084080,1.236250,0.140727,0.173040,1.293750,2.636702,3.408348,0.993750,0.123272,0.122139,1.221250,0.148967,0.180708,1400,1400,1400,1400,2000,2000,2000,2000,600,75,67,76,83,64,0,0,0,0,0,100,0,0,70
1466084081,1.235000,0.143716,0.176605,1.295000,2.674240,3.462830,0.993750,0.122968,0.121146,1.220000,0.149513,0.181780,1400,1400,1400,1400,2000,2000,2000,2000,600,74,67,76,83,64,0,1,0,0,0,100,0,0,70
1466084082,1.236250,0.140971,0.173040,1.295000,2.637250,3.414915,0.993750,0.123272,0.122139,1.221250,0.148967,0.180708,1400,1400,1400,1400,2000,2000,2000,2000,600,74,67,76,83,64,0,0,0,0,0,100,0,0,70
1466084083,1.236250,0.139507,0.171804,1.293750,2.624098,3.392832,0.993750,0.122968,0.121146,1.221250,0.149513,0.181929,1400,1400,1400,1400,2000,2000,2000,2000,600,75,67,76,83,64,0,0,0,0,0,100,0,0,70
1466084084,1.236250,0.139019,0.171804,1.293750,2.633962,3.404469,0.993750,0.122968,0.121146,1.221250,0.148239,0.180708,1400,1400,1400,1400,2000,2000,2000,2000,600,74,67,76,83,64,0,0,0,0,0,100,0,0,70
1466084085,1.236250,0.139019,0.171804,1.293750,2.629578,3.399297,0.993750,0.122664,0.121146,1.221250,0.149513,0.181929,1400,1400,1400,1400,2000,2000,2000,2000,600,74,67,76,83,64,0,0,0,0,0,100,0,0,70
1466084086,1.236250,0.139019,0.171804,1.295000,2.638894,3.416210,0.993750,0.122968,0.121146,1.221250,0.150241,0.183150,1400,1400,1400,1400,2000,2000,2000,2000,600,74,67,76,83,64,0,0,0,0,0,100,0,0,70
1466084087,1.235000,0.147010,0.181545,1.295000,2.679720,3.469305,0.993750,0.122664,0.121146,1.221250,0.148512,0.180708,1400,1400,1400,1400,2000,2000,2000,2000,600,74,67,76,83,64,0,1,0,0,0,100,0,0,70
1466084088,1.236250,0.139263,0.171804,1.293750,2.634510,3.405762,0.993750,0.122664,0.121146,1.221250,0.149240,0.181929,1400,1400,1400,1400,2000,2000,2000,2000,600,74,67,76,83,64,0,0,0,0,0,100,0,0,70
1466084089,1.236250,0.141215,0.174276,1.293750,2.627934,3.396711,0.993750,0.122664,0.121146,1.221250,0.151242,0.184371,1400,1400,1400,1400,2000,2000,2000,2000,600,74,67,76,83,64,0,1,0,0,0,100,0,0,70
1466084090,1.236250,0.138714,0.170568,1.293750,2.637250,3.409641,0.993750,0.122664,0.121146,1.221250,0.150241,0.183150,1400,1400,1400,1400,2000,2000,2000,2000,600,74,67,76,83,64,0,0,0,0,0,100,0,0,70
1466084091,1.236250,0.147742,0.181692,1.295000,2.675610,3.464125,0.993750,0.122512,0.121146,1.221250,0.150514,0.183150,1400,1400,1400,1400,2000,2000,2000,2000,600,74,67,76,83,64,0,0,0,0,0,100,0,0,70
1466084092,1.236250,0.138470,0.170568,1.293750,2.636154,3.408348,0.993750,0.122208,0.121146,1.221250,0.148512,0.180708,1400,1400,1400,1400,2000,2000,2000,2000,600,74,67,76,83,64,0,0,0,0,0,100,0,0,70
1466084093,1.236250,0.138714,0.170568,1.295000,2.624372,3.398080,0.993750,0.122512,0.121146,1.221250,0.150514,0.183150,1400,1400,1400,1400,2000,2000,2000,2000,600,74,67,76,83,64,0,1,0,0,0,100,0,0,70
1466084094,1.236250,0.139751,0.171804,1.295000,2.632866,3.408440,0.993750,0.122512,0.121146,1.221250,0.149240,0.181929,1400,1400,1400,1400,2000,2000,2000,2000,600,74,67,76,83,64,0,0,0,0,0,100,0,0,70
1466084095,1.235000,0.147254,0.181545,1.295000,2.684652,3.475780,0.993750,0.122208,0.121146,1.221250,0.149968,0.181929,1400,1400,1400,1400,2000,2000,2000,2000,600,74,67,76,83,64,0,0,0,0,0,100,0,0,70
1466084096,1.236250,0.138226,0.170568,1.293750,2.624098,3.392832,0.993750,0.122056,0.121146,1.221250,0.148512,0.180708,1400,1400,1400,1400,2000,2000,2000,2000,600,74,67,76,83,64,0,0,0,0,0,100,0,0,70
1466084097,1.235000,0.145729,0.179075,1.293750,2.670952,3.452310,0.993750,0.122208,0.121146,1.220000,0.150241,0.183000,1400,1400,1400,1400,2000,2000,2000,2000,600,74,67,76,83,64,0,1,0,0,0,100,0,0,70
1466084098,1.236250,0.139995,0.171804,1.293750,2.627934,3.396711,0.993750,0.122208,0.121146,1.220000,0.149968,0.181780,1400,1400,1400,1400,2000,2000,2000,2000,600,74,67,76,83,64,0,0,0,0,0,100,0,0,70
1466084099,1.236250,0.139507,0.171804,1.295000,2.632592,3.408440,0.993750,0.122056,0.121146,1.221250,0.148785,0.180708,1400,1400,1400,1400,2000,2000,2000,2000,600,74,67,76,83,64,0,1,0,0,0,100,0,0,70
1466084100,1.236250,0.137982,0.169332,1.295000,2.628756,3.403260,0.993750,0.122208,0.121146,1.221250,0.149695,0.181929,1400,1400,1400,1400,2000,2000,2000,2000,600,74,67,76,83,64,0,0,0,0,0,100,0,0,70
1466084101,1.236250,0.147986,0.181692,1.295000,2.629030,3.404555,0.993750,0.122056,0.121146,1.221250,0.150969,0.183150,1400,1400,1400,1400,2000,2000,2000,2000,600,74,67,76,83,64,0,1,0,0,0,100,0,0,70
1466084102,1.236250,0.138470,0.170568,1.295000,2.616152,3.387720,0.993750,0.122208,0.121146,1.221250,0.149968,0.181929,1400,1400,1400,1400,2000,2000,2000,2000,600,74,67,76,83,64,0,0,0,0,0,100,0,0,70
1466084103,1.235000,0.142008,0.175370,1.295000,2.669308,3.456355,0.993750,0.122208,0.121146,1.221250,0.150514,0.183150,1400,1400,1400,1400,2000,2000,2000,2000,600,74,67,76,83,64,0,1,0,0,0,100,0,0,70
1466084104,1.236250,0.139507,0.171804,1.295000,2.633140,3.409735,0.993750,0.122056,0.121146,1.221250,0.148785,0.180708,1400,1400,1400,1400,2000,2000,2000,2000,600,74,67,76,83,64,0,0,0,0,0,100,0,0,70
1466084105,1.236250,0.147986,0.181692,1.295000,2.678350,3.468010,0.993750,0.122056,0.121146,1.221250,0.150696,0.183150,1400,1400,1400,1400,2000,2000,2000,2000,600,74,67,76,83,64,0,1,0,0,0,100,0,0,70
1466084106,1.236250,0.138714,0.170568,1.295000,2.623824,3.396785,0.993750,0.122056,0.121146,1.221250,0.149695,0.181929,1400,1400,1400,1400,2000,2000,2000,2000,600,74,67,76,83,64,0,0,0,0,0,100,0,0,70
1466084107,1.235000,0.144265,0.177840,1.295000,2.679994,3.469305,0.993750,0.121752,0.120153,1.221250,0.149968,0.181929,1400,1400,1400,1400,2000,2000,2000,2000,600,74,67,76,83,64,0,1,0,0,0,100,0,0,70
1466084108,1.236250,0.137982,0.169332,1.293750,2.618070,3.385074,0.993750,0.121752,0.120153,1.221250,0.148967,0.180708,1400,1400,1400,1400,2000,2000,2000,2000,600,74,67,76,83,64,0,0,0,0,0,100,0,0,70
1466084109,1.235000,0.146217,0.180310,1.295000,2.663280,3.448585,0.993750,0.122056,0.121146,1.221250,0.151242,0.184371,1400,1400,1400,1400,2000,2000,2000,2000,600,74,67,76,83,64,0,1,0,0,0,100,0,0,70
1466084110,1.236250,0.139019,0.171804,1.295000,2.628482,3.403260,0.993750,0.121752,0.120153,1.221250,0.148512,0.180708,1400,1400,1400,1400,2000,2000,2000,2000,600,74,67,76,83,64,0,0,0,0,0,100,0,0,70
1466084111,1.236250,0.137982,0.169332,1.295000,2.632318,3.408440,0.993750,0.122056,0.121146,1.221250,0.148785,0.180708,1400,1400,1400,1400,2000,2000,2000,2000,600,74,67,76,83,64,0,1,0,0,0,100,0,0,70
1466084112,1.236250,0.138714,0.170568,1.295000,2.620810,3.392900,0.993750,0.121752,0.120153,1.221250,0.149695,0.181929,1400,1400,1400,1400,2000,2000,2000,2000,600,74,67,76,83,64,0,0,0,0,0,100,0,0,70
1466084113,1.235000,0.146217,0.180310,1.295000,2.672870,3.460240,0.993750,0.121752,0.120153,1.221250,0.150696,0.183150,1400,1400,1400,1400,2000,2000,2000,2000,600,74,67,76,83,64,0,1,0,0,0,100,0,0,70
1466084114,1.236250,0.139507,0.171804,1.295000,2.629852,3.404555,0.993750,0.122056,0.121146,1.221250,0.148967,0.180708,1400,1400,1400,1400,2000,2000,2000,2000,600,74,67,76,83,64,0,0,0,0,0,100,0,0,70
1466084115,1.235000,0.144265,0.177840,1.295000,2.635606,3.412325,0.993750,0.121448,0.120153,1.221250,0.149513,0.181929,1400,1400,1400,1400,2000,2000,2000,2000,600,74,67,76,83,64,0,1,0,0,0,100,0,0,70
1466084116,1.236250,0.139507,0.171804,1.295000,2.618892,3.390310,0.993750,0.121448,0.120153,1.221250,0.148785,0.180708,1400,1400,1400,1400,2000,2000,2000,2000,600,74,67,76,83,64,0,0,0,0,0,100,0,0,70
1466084117,1.236250,0.139019,0.171804,1.295000,2.626838,3.400670,0.993750,0.121448,0.120153,1.221250,0.149968,0.181929,1400,1400,1400,1400,2000,2000,2000,2000,600,74,67,76,83,64,0,1,0,0,0,100,0,0,70
1466084118,1.236250,0.137982,0.169332,1.293750,2.617522,3.383781,0.993750,0.121752,0.120153,1.221250,0.148785,0.180708,1400,1400,1400,1400,2000,2000,2000,2000,600,74,67,76,82,64,0,0,0,0,0,100,0,0,70
1466084119,1.232500,0.169214,0.208208,1.295000,2.670952,3.457650,0.993750,0.121752,0.120153,1.221250,0.149695,0.181929,1400,1400,1400,1400,2000,2000,2000,2000,600,74,67,76,83,64,2,4,1,2,0,100,1,0,70
1466084120,1.236250,0.139507,0.171804,1.295000,2.623550,3.396785,0.993750,0.121448,0.120153,1.221250,0.149968,0.181929,1400,1400,1400,1400,2000,2000,2000,2000,600,74,67,76,83,64,0,0,0,0,0,100,0,0,70
1466084121,1.236250,0.137494,0.169332,1.295000,2.627660,3.401965,0.993750,0.121448,0.120153,1.221250,0.148239,0.180708,1400,1400,1400,1400,2000,2000,2000,2000,600,74,67,76,83,64,0,1,0,0,0,100,0,0,70
1466084122,1.236250,0.138470,0.170568,1.295000,2.619714,3.391605,0.993750,0.121448,0.120153,1.221250,0.148785,0.180708,1400,1400,1400,1400,2000,2000,2000,2000,600,74,67,76,83,64,0,0,0,0,0,100,0,0,70
1466084123,1.236250,0.146522,0.180456,1.293750,2.620536,3.387660,0.993750,0.121448,0.120153,1.221250,0.148239,0.180708,1400,1400,1400,1400,2000,2000,2000,2000,600,74,67,76,82,64,0,1,0,0,0,100,0,0,70
1466084124,1.236250,0.138470,0.170568,1.295000,2.613686,3.383835,0.992500,0.121296,0.120032,1.221250,0.149513,0.181929,1400,1400,1400,1400,2000,2000,2000,2000,600,74,67,76,83,64,0,0,0,0,0,100,0,0,70
1466084125,1.236250,0.137250,0.169332,1.293750,2.652320,3.429036,0.993750,0.121296,0.120153,1.221250,0.150241,0.183150,1400,1400,1400,1400,2000,2000,2000,2000,600,74,67,76,83,63,0,1,0,0,0,100,0,0,70
1466084126,1.236250,0.139019,0.171804,1.295000,2.618070,3.390310,0.993750,0.121448,0.120153,1.221250,0.148512,0.180708,1400,1400,1400,1400,2000,2000,2000,2000,600,74,67,76,82,63,0,0,0,0,0,100,0,0,70
1466084127,1.236250,0.137982,0.169332,1.295000,2.625194,3.399375,0.993750,0.121448,0.120153,1.221250,0.148239,0.180708,1400,1400,1400,1400,2000,2000,2000,2000,600,74,67,76,82,63,0,1,0,0,0,100,0,0,70
1466084128,1.236250,0.137494,0.169332,1.293750,2.609028,3.373437,0.993750,0.120992,0.119160,1.220000,0.149695,0.181780,1400,1400,1400,1400,2000,2000,2000,2000,600,74,67,76,82,64,0,0,0,0,0,100,0,0,70
1466084129,1.236250,0.138714,0.170568,1.295000,2.670404,3.457650,0.993750,0.121296,0.120153,1.221250,0.149695,0.181929,1400,1400,1400,1400,2000,2000,2000,2000,600,74,67,76,82,63,0,1,0,0,0,100,0,0,70
1466084130,1.236250,0.139263,0.171804,1.293750,2.611494,3.376023,0.993750,0.120992,0.119160,1.221250,0.148967,0.180708,1400,1400,1400,1400,2000,2000,2000,2000,600,74,67,76,82,63,0,0,0,0,0,100,0,0,70
1466084131,1.236250,0.138470,0.170568,1.293750,2.600808,3.361800,0.993750,0.121296,0.120153,1.221250,0.148512,0.180708,1400,1400,1400,1400,2000,2000,2000,2000,600,74,67,76,82,63,0,1,0,0,0,100,0,0,70
1466084132,1.236250,0.139019,0.171804,1.293750,2.615056,3.381195,0.993750,0.121296,0.120153,1.221250,0.149968,0.181929,1400,1400,1400,1400,2000,2000,2000,2000,600,74,67,76,82,63,0,0,0,0,0,100,0,0,70
1466084133,1.236250,0.139019,0.171804,1.293750,2.617522,3.383781,0.993750,0.121296,0.120153,1.221250,0.148785,0.180708,1400,1400,1400,1400,2000,2000,2000,2000,600,74,67,76,82,63,0,1,0,0,0,100,0,0,70
1466084134,1.236250,0.137006,0.169332,1.293750,2.607658,3.370851,0.993750,0.121296,0.120153,1.221250,0.148512,0.180708,1400,1400,1400,1400,2000,2000,2000,2000,600,74,66,76,82,63,0,0,0,0,0,100,0,0,70
1466084135,1.236250,0.137982,0.169332,1.293750,2.661910,3.440673,0.993750,0.120992,0.119160,1.221250,0.148967,0.180708,1400,1400,1400,1400,2000,2000,2000,2000,600,74,67,76,82,63,0,1,0,0,1,100,0,0,70
1466084136,1.236250,0.137006,0.169332,1.293750,2.613960,3.378609,0.993750,0.120992,0.119160,1.221250,0.149695,0.181929,1400,1400,1400,1400,2000,2000,2000,2000,600,74,66,76,82,63,0,0,0,0,0,100,0,0,70
1466084137,1.236250,0.138226,0.170568,1.293750,2.616700,3.382488,0.993750,0.120992,0.119160,1.221250,0.150241,0.183150,1400,1400,1400,1400,2000,2000,2000,2000,600,74,67,76,82,63,0,1,0,0,0,100,0,0,70
1466084138,1.236250,0.137250,0.169332,1.295000,2.620262,3.392900,0.993750,0.120992,0.119160,1.221250,0.147966,0.179487,1400,1400,1400,1400,2000,2000,2000,2000,600,74,66,76,82,63,0,0,0,0,0,100,0,0,70
1466084139,1.236250,0.137006,0.169332,1.293750,2.603274,3.365679,0.993750,0.120688,0.119160,1.221250,0.149513,0.181929,1400,1400,1400,1400,2000,2000,2000,2000,600,74,67,76,82,63,0,0,0,0,0,100,0,0,70
1466084140,1.236250,0.137250,0.169332,1.293750,2.609028,3.373437,0.993750,0.121296,0.120153,1.221250,0.149240,0.181929,1400,1400,1400,1400,2000,2000,2000,2000,600,74,66,76,82,63,0,0,0,0,0,100,0,0,70
1466084141,1.236250,0.138714,0.170568,1.295000,2.613960,3.383835,0.993750,0.120992,0.119160,1.221250,0.149513,0.181929,1400,1400,1400,1400,2000,2000,2000,2000,600,74,67,76,82,63,0,1,0,0,0,100,0,0,70
1466084142,1.236250,0.138470,0.170568,1.295000,2.615056,3.386425,0.993750,0.120688,0.119160,1.221250,0.148239,0.180708,1400,1400,1400,1400,2000,2000,2000,2000,600,74,66,76,82,63,0,0,0,0,0,100,0,0,70
1466084143,1.236250,0.137738,0.169332,1.295000,2.610124,3.379950,0.993750,0.120688,0.119160,1.221250,0.148785,0.180708,1400,1400,1400,1400,2000,2000,2000,2000,600,74,66,76,82,63,0,1,0,0,0,100,0,0,70
1466084144,1.236250,0.136518,0.168096,1.293750,2.622180,3.390246,0.993750,0.120688,0.119160,1.221250,0.148967,0.180708,1400,1400,1400,1400,2000,2000,2000,2000,600,74,66,76,82,63,0,0,0,0,0,100,0,0,70
1466084145,1.236250,0.138226,0.170568,1.293750,2.620262,3.387660,0.993750,0.120688,0.119160,1.221250,0.148239,0.180708,1400,1400,1400,1400,2000,2000,2000,2000,600,75,67,76,82,63,0,1,0,0,0,100,0,0,70
1466084146,1.236250,0.137006,0.169332,1.293750,2.622454,3.390246,0.993750,0.120688,0.119160,1.221250,0.148512,0.180708,1400,1400,1400,1400,2000,2000,2000,2000,600,74,67,76,82,63,0,0,0,0,0,100,0,0,70
1466084147,1.236250,0.139751,0.171804,1.293750,2.611768,3.376023,0.993750,0.120536,0.119160,1.221250,0.148967,0.180708,1400,1400,1400,1400,2000,2000,2000,2000,600,74,67,76,82,63,0,0,0,0,0,100,1,0,70
1466084148,1.236250,0.139507,0.171804,1.295000,2.615056,3.386425,0.993750,0.120992,0.119160,1.221250,0.150241,0.183150,1400,1400,1400,1400,2000,2000,2000,2000,600,74,66,75,82,63,0,1,0,0,0,100,0,0,70
1466084149,1.236250,0.137982,0.169332,1.293750,2.619988,3.386367,0.993750,0.120536,0.119160,1.221250,0.148239,0.180708,1400,1400,1400,1400,2000,2000,2000,2000,600,74,66,76,82,63,0,0,0,0,0,100,0,0,70
1466084150,1.236250,0.137006,0.169332,1.293750,2.603822,3.365679,0.993750,0.120688,0.119160,1.221250,0.150241,0.183150,1400,1400,1400,1400,2000,2000,2000,2000,600,73,66,75,82,63,0,0,0,0,0,100,0,0,70
1466084151,1.236250,0.138470,0.170568,1.293750,2.611768,3.376023,0.993750,0.120688,0.119160,1.221250,0.149695,0.181929,1400,1400,1400,1400,2000,2000,2000,2000,600,73,66,75,82,63,0,0,0,0,0,100,0,0,70
1466084152,1.236250,0.137250,0.169332,1.293750,2.617522,3.383781,0.993750,0.120536,0.119160,1.221250,0.148785,0.180708,1400,1400,1400,1400,2000,2000,2000,2000,600,74,66,75,82,63,0,1,0,0,0,100,0,0,70
1466084153,1.236250,0.136213,0.168096,1.293750,2.609850,3.373437,0.993750,0.120536,0.119160,1.221250,0.148967,0.180708,1400,1400,1400,1400,2000,2000,2000,2000,600,73,66,76,82,63,0,0,0,0,0,100,0,0,70
1466084154,1.236250,0.137738,0.169332,1.293750,2.617796,3.383781,0.993750,0.120536,0.119160,1.221250,0.149240,0.181929,1400,1400,1400,1400,2000,2000,2000,2000,600,73,66,75,82,63,0,1,0,0,0,100,0,0,70
1466084155,1.236250,0.137982,0.169332,1.293750,2.618892,3.385074,0.993750,0.120536,0.119160,1.221250,0.149695,0.181929,1400,1400,1400,1400,2000,2000,2000,2000,600,73,66,75,82,63,0,0,0,0,0,100,0,0,70
1466084156,1.236250,0.137494,0.169332,1.295000,2.614508,3.385130,0.993750,0.120688,0.119160,1.221250,0.149968,0.181929,1400,1400,1400,1400,2000,2000,2000,2000,600,73,66,75,82,63,0,1,0,0,0,100,0,0,70
1466084157,1.236250,0.138714,0.170568,1.295000,2.614508,3.385130,0.993750,0.120536,0.119160,1.221250,0.148239,0.180708,1400,1400,1400,1400,2000,2000,2000,2000,600,74,66,75,82,63,0,0,0,0,0,100,0,0,70
1466084158,1.236250,0.138226,0.170568,1.295000,2.615330,3.386425,0.993750,0.120536,0.119160,1.221250,0.150241,0.183150,1400,1400,1400,1400,2000,2000,2000,2000,600,74,66,75,82,63,0,1,0,0,0,100,0,0,70
1466084159,1.236250,0.136518,0.168096,1.295000,2.609576,3.378655,0.993750,0.120232,0.119160,1.221250,0.149240,0.181929,1400,1400,1400,1400,2000,2000,2000,2000,600,73,66,75,82,63,0,0,0,0,0,100,0,0,70
1466084160,1.236250,0.137006,0.169332,1.295000,2.609302,3.378655,0.993750,0.120232,0.119160,1.221250,0.148967,0.180708,1400,1400,1400,1400,2000,2000,2000,2000,600,73,66,75,82,63,0,0,0,0,0,100,0,0,70
1466084161,1.236250,0.137494,0.169332,1.295000,2.607658,3.376065,0.993750,0.120536,0.119160,1.221250,0.148512,0.180708,1400,1400,1400,1400,2000,2000,2000,2000,600,73,66,75,82,63,0,0,0,0,0,100,0,0,70
1466084162,1.236250,0.138226,0.170568,1.295000,2.616974,3.387720,0.993750,0.120232,0.119160,1.221250,0.148785,0.180708,1400,1400,1400,1400,2000,2000,2000,2000,600,73,66,75,82,63,0,0,0,0,0,100,0,0,70
1466084163,1.236250,0.137494,0.169332,1.295000,2.610946,3.379950,0.993750,0.120232,0.119160,1.220000,0.148967,0.180560,1400,1400,1400,1400,2000,2000,2000,2000,600,73,66,75,82,63,0,0,0,0,0,100,0,0,70
1466084164,1.236250,0.138470,0.170568,1.293750,2.605192,3.368265,0.993750,0.120536,0.119160,1.221250,0.148512,0.180708,1400,1400,1400,1400,2000,2000,2000,2000,600,73,66,75,82,63,0,1,0,0,0,100,0,0,70
1466084165,1.236250,0.137250,0.169332,1.293750,2.618070,3.385074,0.993750,0.119928,0.118167,1.221250,0.149240,0.181929,1400,1400,1400,1400,2000,2000,2000,2000,600,73,66,75,82,63,0,0,0,0,0,100,0,0,70
1466084166,1.236250,0.137982,0.169332,1.293750,2.619988,3.386367,0.993750,0.120536,0.119160,1.221250,0.149240,0.181929,1400,1400,1400,1400,2000,2000,2000,2000,600,73,66,75,82,63,0,0,0,0,0,100,0,0,70
1466084167,1.236250,0.138226,0.170568,1.293750,2.603000,3.365679,0.993750,0.120232,0.119160,1.221250,0.150696,0.183150,1400,1400,1400,1400,2000,2000,2000,2000,600,73,66,75,82,63,0,0,0,0,0,100,0,0,70
1466084168,1.236250,0.137006,0.169332,1.293750,2.616426,3.382488,0.993750,0.120536,0.119160,1.221250,0.148239,0.180708,1400,1400,1400,1400,2000,2000,2000,2000,600,73,66,75,82,63,0,1,0,0,0,100,0,0,70
1466084169,1.236250,0.136213,0.168096,1.293750,2.608206,3.372144,0.993750,0.119928,0.118167,1.221250,0.149240,0.181929,1400,1400,1400,1400,2000,2000,2000,2000,600,73,66,75,82,63,0,0,0,0,0,100,0,0,70
1466084170,1.236250,0.137738,0.169332,1.295000,2.609850,3.378655,0.993750,0.120232,0.119160,1.221250,0.149513,0.181929,1400,1400,1400,1400,2000,2000,2000,2000,600,73,66,75,82,63,0,1,0,0,0,100,1,0,70
1466084171,1.236250,0.136762,0.168096,1.295000,2.603822,3.370885,0.993750,0.120536,0.119160,1.221250,0.149695,0.181929,1400,1400,1400,1400,2000,2000,2000,2000,600,73,66,75,82,63,0,0,0,0,0,100,0,0,70
1466084172,1.236250,0.137250,0.169332,1.295000,2.613412,3.383835,0.993750,0.119928,0.118167,1.221250,0.148512,0.180708,1400,1400,1400,1400,2000,2000,2000,2000,600,73,66,75,82,63,1,0,0,0,0,100,0,0,70
1466084173,1.236250,0.138470,0.170568,1.293750,2.610672,3.374730,0.993750,0.119928,0.118167,1.221250,0.150241,0.183150,1400,1400,1400,1400,2000,2000,2000,2000,600,73,66,75,82,63,0,0,0,0,0,100,0,0,70
1466084174,1.236250,0.137006,0.169332,1.295000,2.620810,3.392900,0.993750,0.119928,0.118167,1.221250,0.149968,0.181929,1400,1400,1400,1400,2000,2000,2000,2000,600,73,66,75,82,63,0,1,0,0,0,100,0,0,70
1466084175,1.236250,0.135969,0.166860,1.295000,2.606014,3.374770,0.993750,0.120232,0.119160,1.221250,0.148785,0.180708,1400,1400,1400,1400,2000,2000,2000,2000,600,73,66,75,82,63,0,0,0,0,0,100,0,0,70
1466084176,1.236250,0.137738,0.169332,1.295000,2.620262,3.392900,0.993750,0.120232,0.119160,1.221250,0.148239,0.180708,1400,1400,1400,1400,2000,2000,2000,2000,600,73,66,75,82,63,0,1,0,0,0,100,0,0,70
1466084177,1.236250,0.138714,0.170568,1.295000,2.606836,3.374770,0.993750,0.120536,0.119160,1.221250,0.149513,0.181929,1400,1400,1400,1400,2000,2000,2000,2000,600,73,66,75,82,63,0,0,0,0,0,100,0,0,70
1466084178,1.236250,0.135969,0.166860,1.293750,2.614234,3.379902,0.993750,0.120232,0.119160,1.221250,0.149968,0.181929,1400,1400,1400,1400,2000,2000,2000,2000,600,73,66,75,82,63,0,1,0,0,0,100,0,0,70
1466084179,1.236250,0.137738,0.169332,1.295000,2.607110,3.376065,0.993750,0.120232,0.119160,1.221250,0.148239,0.180708,1400,1400,1400,1400,2000,2000,2000,2000,600,73,66,75,82,63,0,0,0,0,0,100,0,0,70
1466084180,1.236250,0.137738,0.169332,1.295000,2.606014,3.374770,0.993750,0.119928,0.118167,1.221250,0.148785,0.180708,1400,1400,1400,1400,2000,2000,2000,2000,600,73,66,75,82,63,0,1,0,0,0,100,0,0,70
1466084181,1.236250,0.137006,0.169332,1.293750,2.617796,3.383781,0.993750,0.119928,0.118167,1.221250,0.148785,0.180708,1400,1400,1400,1400,2000,2000,2000,2000,600,73,66,75,82,63,0,0,0,0,0,100,0,0,70
1466084182,1.236250,0.138226,0.170568,1.295000,2.653964,3.435635,0.993750,0.120232,0.119160,1.221250,0.150514,0.183150,1400,1400,1400,1400,2000,2000,2000,2000,600,73,66,75,82,63,0,1,0,0,0,100,0,0,70
1466084183,1.236250,0.137494,0.169332,1.295000,2.609028,3.378655,0.993750,0.119928,0.118167,1.221250,0.147966,0.179487,1400,1400,1400,1400,2000,2000,2000,2000,600,73,66,75,82,63,0,0,0,0,0,100,0,0,70
1466084184,1.236250,0.135969,0.166860,1.295000,2.615604,3.386425,0.993750,0.120232,0.119160,1.221250,0.148967,0.180708,1400,1400,1400,1400,2000,2000,2000,2000,600,73,66,75,82,63,0,1,0,0,0,100,0,0,70
1466084185,1.236250,0.136213,0.168096,1.295000,2.609028,3.378655,0.993750,0.119928,0.118167,1.221250,0.149513,0.181929,1400,1400,1400,1400,2000,2000,2000,2000,600,73,66,75,82,63,0,0,0,0,0,100,0,0,70
1466084186,1.235000,0.145729,0.179075,1.295000,2.625194,3.399375,0.993750,0.119928,0.118167,1.221250,0.148239,0.180708,1400,1400,1400,1400,2000,2000,2000,2000,600,73,66,75,82,63,0,0,0,0,0,100,0,0,70
1466084187,1.236250,0.135237,0.166860,1.295000,2.600534,3.367000,0.993750,0.120232,0.119160,1.221250,0.148967,0.180708,1400,1400,1400,1400,2000,2000,2000,2000,600,73,66,75,82,63,0,0,0,0,0,100,0,0,70
1466084188,1.236250,0.138226,0.170568,1.295000,2.659444,3.443405,0.993750,0.119928,0.118167,1.221250,0.150969,0.183150,1400,1400,1400,1400,2000,2000,2000,2000,600,73,66,75,82,63,0,1,0,0,0,100,0,0,70
1466084189,1.236250,0.138226,0.170568,1.293750,2.603822,3.365679,0.995000,0.119928,0.118405,1.221250,0.149968,0.181929,1400,1400,1400,1400,2000,2000,2000,2000,600,73,66,75,82,63,0,0,0,0,0,100,0,0,70
1466084190,1.236250,0.137250,0.169332,1.293750,2.617796,3.383781,0.993750,0.119928,0.118167,1.221250,0.147966,0.179487,1400,1400,1400,1400,2000,2000,2000,2000,600,73,66,75,82,63,0,0,0,0,0,100,0,0,70
1466084191,1.236250,0.137250,0.169332,1.295000,2.610672,3.379950,0.993750,0.119928,0.118167,1.221250,0.148512,0.180708,1400,1400,1400,1400,2000,2000,2000,2000,600,73,66,75,82,63,0,0,0,0,0,100,0,0,70
1466084192,1.235000,0.141764,0.174135,1.295000,2.661088,3.445995,0.993750,0.119928,0.118167,1.221250,0.149695,0.181929,1400,1400,1400,1400,2000,2000,2000,2000,600,73,66,75,82,63,1,1,0,0,0,100,0,0,70
1466084193,1.236250,0.138470,0.170568,1.293750,2.598890,3.359214,0.993750,0.120232,0.119160,1.221250,0.150514,0.183150,1400,1400,1400,1400,2000,2000,2000,2000,600,73,66,75,82,63,0,0,0,0,0,100,0,0,70
1466084194,1.235000,0.144021,0.177840,1.295000,2.609028,3.378655,0.993750,0.119928,0.118167,1.221250,0.149968,0.181929,1400,1400,1400,1400,2000,2000,2000,2000,600,73,66,75,82,63,0,1,0,0,0,100,0,0,70
1466084195,1.236250,0.136762,0.168096,1.295000,2.608754,3.377360,0.993750,0.119776,0.118167,1.221250,0.149240,0.181929,1400,1400,1400,1400,2000,2000,2000,2000,600,73,66,75,82,63,0,0,0,0,0,100,0,0,70
1466084196,1.235000,0.142496,0.175370,1.295000,2.658348,3.442110,0.993750,0.119928,0.118167,1.221250,0.150696,0.183150,1400,1400,1400,1400,2000,2000,2000,2000,600,73,66,75,82,63,0,1,0,0,0,100,0,0,70
1466084197,1.236250,0.136762,0.168096,1.295000,2.610124,3.379950,0.993750,0.119472,0.118167,1.221250,0.149513,0.181929,1400,1400,1400,1400,2000,2000,2000,2000,600,73,66,75,82,63,0,0,0,0,0,100,0,0,70
1466084198,1.236250,0.139019,0.171804,1.295000,2.656978,3.439520,0.993750,0.119472,0.118167,1.221250,0.149240,0.181929,1400,1400,1400,1400,2000,2000,2000,2000,600,73,66,75,82,63,0,1,0,0,0,100,0,0,70
1466084199,1.236250,0.137006,0.169332,1.295000,2.607932,3.376065,0.993750,0.119776,0.118167,1.221250,0.150241,0.183150,1400,1400,1400,1400,2000,2000,2000,2000,600,73,66,75,82,63,0,0,0,0,0,100,0,0,70
1466084200,1.235000,0.142496,0.175370,1.295000,2.609576,3.378655,0.993750,0.119776,0.118167,1.221250,0.150696,0.183150,1400,1400,1400,1400,2000,2000,2000,2000,600,73,66,75,82,63,0,0,0,0,0,100,0,1,70
1466084201,1.236250,0.139019,0.171804,1.295000,2.607932,3.376065,0.993750,0.119472,0.118167,1.221250,0.149240,0.181929,1400,1400,1400,1400,2000,2000,2000,2000,600,73,66,75,82,63,0,0,0,0,0,100,0,0,70
1466084202,1.235000,0.141520,0.174135,1.295000,2.663828,3.448585,0.993750,0.119928,0.118167,1.221250,0.149513,0.181929,1400,1400,1400,1400,2000,2000,2000,2000,600,73,66,75,82,63,0,1,0,0,0,100,0,0,70
1466084203,1.236250,0.135969,0.166860,1.295000,2.601904,3.368295,0.993750,0.119776,0.118167,1.221250,0.149695,0.181929,1400,1400,1400,1400,2000,2000,2000,2000,600,73,66,75,82,63,0,0,0,0,0,100,0,0,70
1466084204,1.236250,0.144265,0.177984,1.295000,2.658622,3.442110,0.993750,0.119776,0.118167,1.221250,0.150696,0.183150,1400,1400,1400,1400,2000,2000,2000,2000,600,73,66,75,82,63,0,1,0,0,0,100,0,0,70
1466084205,1.236250,0.137250,0.169332,1.295000,2.602178,3.369590,0.993750,0.119472,0.118167,1.221250,0.148512,0.180708,1400,1400,1400,1400,2000,2000,2000,2000,600,73,66,75,82,63,0,0,0,0,0,100,0,0,70
1466084206,1.235000,0.139751,0.171665,1.295000,2.655334,3.438225,0.993750,0.119472,0.118167,1.221250,0.150241,0.183150,1400,1400,1400,1400,2000,2000,2000,2000,600,73,66,75,82,63,0,1,0,0,0,100,0,0,70
1466084207,1.236250,0.137494,0.169332,1.295000,2.598890,3.364410,0.993750,0.119776,0.118167,1.221250,0.149968,0.181929,1400,1400,1400,1400,2000,2000,2000,2000,600,73,66,75,82,63,0,0,0,0,0,100,0,0,70
1466084208,1.236250,0.139263,0.171804,1.295000,2.660814,3.444700,0.993750,0.119168,0.118167,1.221250,0.151515,0.184371,1400,1400,1400,1400,2000,2000,2000,2000,600,73,66,75,82,63,0,0,0,0,0,100,0,0,70
1466084209,1.236250,0.135969,0.166860,1.295000,2.604918,3.372180,0.993750,0.119776,0.118167,1.221250,0.147966,0.179487,1400,1400,1400,1400,2000,2000,2000,2000,600,73,66,75,82,63,1,0,0,0,0,100,0,0,70
1466084210,1.235000,0.140239,0.172900,1.295000,2.655334,3.438225,0.993750,0.119472,0.118167,1.221250,0.150514,0.183150,1400,1400,1400,1400,2000,2000,2000,2000,600,73,66,75,82,63,0,0,0,0,0,100,0,0,70
1466084211,1.236250,0.138714,0.170568,1.293750,2.606014,3.369558,0.993750,0.119472,0.118167,1.221250,0.149968,0.181929,1400,1400,1400,1400,2000,2000,2000,2000,600,73,66,75,82,63,0,0,0,0,0,100,0,0,70
1466084212,1.235000,0.142984,0.175370,1.295000,2.603274,3.370885,0.993750,0.119776,0.118167,1.221250,0.149968,0.181929,1400,1400,1400,1400,2000,2000,2000,2000,600,73,66,75,82,63,0,1,0,0,0,100,0,0,70
1466084213,1.236250,0.136762,0.168096,1.293750,2.595054,3.355335,0.993750,0.119168,0.118167,1.221250,0.148512,0.180708,1400,1400,1400,1400,2000,2000,2000,2000,600,73,66,75,82,63,1,0,0,0,0,100,0,0,70
1466084214,1.235000,0.141520,0.174135,1.295000,2.647662,3.427865,0.993750,0.119016,0.118167,1.221250,0.149513,0.181929,1400,1400,1400,1400,2000,2000,2000,2000,600,73,66,75,82,63,0,1,0,0,0,100,0,0,70
1466084215,1.236250,0.137250,0.169332,1.295000,2.604096,3.372180,0.993750,0.119472,0.118167,1.221250,0.149968,0.181929,1400,1400,1400,1400,2000,2000,2000,2000,600,73,66,75,82,63,0,0,0,0,0,100,0,0,70
1466084216,1.236250,0.138714,0.170568,1.293750,2.612316,3.377316,0.993750,0.119168,0.118167,1.221250,0.149695,0.181929,1400,1400,1400,1400,2000,2000,2000,2000,600,73,66,75,82,63,0,1,0,0,0,100,0,0,70
1466084217,1.236250,0.137250,0.169332,1.293750,2.600260,3.361800,0.993750,0.119016,0.118167,1.220000,0.148785,0.180560,1400,1400,1400,1400,2000,2000,2000,2000,600,73,66,75,81,63,0,0,0,0,0,100,0,0,70
1466084218,1.236250,0.136762,0.168096,1.295000,2.604370,3.372180,0.993750,0.119016,0.118167,1.221250,0.150969,0.183150,1400,1400,1400,1400,2000,2000,2000,2000,600,73,66,75,81,63,0,2,0,0,0,100,0,0,70
1466084219,1.236250,0.135725,0.166860,1.295000,2.597520,3.363115,0.993750,0.119016,0.118167,1.221250,0.148512,0.180708,1400,1400,1400,1400,2000,2000,2000,2000,600,73,66,75,81,63,0,0,0,0,0,100,0,0,70
1466084220,1.235000,0.141215,0.174135,1.295000,2.645744,3.425275,0.993750,0.119472,0.118167,1.221250,0.148785,0.180708,1400,1400,1400,1400,2000,2000,2000,2000,600,73,66,75,81,63,0,1,0,0,0,100,0,0,70
1466084221,1.236250,0.135481,0.166860,1.293750,2.604644,3.366972,0.993750,0.119016,0.118167,1.221250,0.148512,0.180708,1400,1400,1400,1400,2000,2000,2000,2000,600,73,66,75,81,63,0,0,0,0,0,100,0,0,70
1466084222,1.236250,0.142496,0.175512,1.293750,2.608206,3.372144,0.993750,0.119168,0.118167,1.221250,0.149695,0.181929,1400,1400,1400,1400,2000,2000,2000,2000,600,73,66,75,81,63,0,1,0,0,1,100,0,0,70
1466084223,1.236250,0.136762,0.168096,1.295000,2.600260,3.367000,0.993750,0.119016,0.118167,1.221250,0.149240,0.181929,1400,1400,1400,1400,2000,2000,2000,2000,600,73,66,75,81,63,0,0,0,0,0,100,0,0,70
1466084224,1.236250,0.137250,0.169332,1.295000,2.601356,3.368295,0.993750,0.119016,0.118167,1.221250,0.148967,0.180708,1400,1400,1400,1400,2000,2000,2000,2000,600,73,66,75,82,63,0,1,0,0,0,100,0,0,70
1466084225,1.236250,0.136213,0.168096,1.295000,2.588752,3.351460,0.993750,0.118712,0.117174,1.220000,0.149695,0.181780,1400,1400,1400,1400,2000,2000,2000,2000,600,73,66,75,81,63,0,0,0,0,0,100,0,0,70
1466084226,1.236250,0.137738,0.169332,1.293750,2.647388,3.422571,0.993750,0.119168,0.118167,1.220000,0.148785,0.180560,1400,1400,1400,1400,2000,2000,2000,2000,600,73,66,75,82,63,0,1,0,0,0,100,0,0,70
1466084227,1.236250,0.136213,0.168096,1.295000,2.600260,3.367000,0.993750,0.119016,0.118167,1.220000,0.148967,0.180560,1400,1400,1400,1400,2000,2000,2000,2000,600,73,66,75,81,63,0,0,0,0,0,100,0,0,70
1466084228,1.236250,0.136213,0.168096,1.293750,2.602178,3.364386,0.993750,0.119016,0.118167,1.221250,0.147966,0.179487,1400,1400,1400,1400,2000,2000,2000,2000,600,73,66,75,81,63,0,1,0,0,0,100,0,0,70
1466084229,1.236250,0.136762,0.168096,1.293750,2.583820,3.339819,0.993750,0.119016,0.118167,1.221250,0.148785,0.180708,1400,1400,1400,1400,2000,2000,2000,2000,600,73,66,75,81,63,0,0,0,0,0,100,0,0,70
1466084230,1.236250,0.137738,0.169332,1.295000,2.643552,3.422685,0.993750,0.118712,0.117174,1.220000,0.149968,0.181780,1400,1400,1400,1400,2000,2000,2000,2000,600,73,66,75,81,63,0,0,0,0,0,100,0,0,70
1466084231,1.236250,0.137494,0.169332,1.295000,2.596972,3.361820,0.993750,0.119168,0.118167,1.220000,0.148512,0.180560,1400,1400,1400,1400,2000,2000,2000,2000,600,73,66,75,81,63,0,0,0,0,0,100,0,0,70
1466084232,1.236250,0.136762,0.168096,1.295000,2.593684,3.357935,0.993750,0.119168,0.118167,1.221250,0.148785,0.180708,1400,1400,1400,1400,2000,2000,2000,2000,600,73,66,75,81,63,0,1,0,0,0,100,0,0,70
1466084233,1.236250,0.137738,0.169332,1.295000,2.599712,3.365705,0.993750,0.119016,0.118167,1.221250,0.149695,0.181929,1400,1400,1400,1400,2000,2000,2000,2000,600,73,66,75,81,63,0,0,0,0,0,100,0,0,70
1466084234,1.236250,0.136213,0.168096,1.295000,2.606836,3.374770,0.993750,0.119016,0.118167,1.220000,0.149513,0.181780,1400,1400,1400,1400,2000,2000,2000,2000,600,73,66,75,81,63,0,0,0,0,1,100,0,0,70
1466084235,1.236250,0.135725,0.166860,1.293750,2.594780,3.354042,0.993750,0.119016,0.118167,1.221250,0.148785,0.180708,1400,1400,1400,1400,2000,2000,2000,2000,600,73,66,75,81,63,0,0,0,0,0,100,0,0,70
1466084236,1.235000,0.142496,0.175370,1.293750,2.641086,3.414813,0.993750,0.119016,0.118167,1.220000,0.149968,0.181780,1400,1400,1400,1400,2000,2000,2000,2000,600,73,66,75,81,63,0,0,0,0,0,100,0,0,70
1466084237,1.236250,0.135725,0.166860,1.295000,2.593410,3.357935,0.993750,0.119168,0.118167,1.221250,0.150241,0.183150,1400,1400,1400,1400,2000,2000,2000,2000,600,73,66,75,81,63,0,0,0,0,0,100,0,0,70
1466084238,1.236250,0.135481,0.166860,1.293750,2.608206,3.372144,0.993750,0.118712,0.117174,1.221250,0.148785,0.180708,1400,1400,1400,1400,2000,2000,2000,2000,600,73,66,75,81,63,0,1,0,0,0,100,0,0,70
1466084239,1.236250,0.138470,0.170568,1.295000,2.600260,3.367000,0.993750,0.119016,0.118167,1.221250,0.148512,0.180708,1400,1400,1400,1400,2000,2000,2000,2000,600,73,66,75,81,63,0,0,0,0,0,100,0,0,70
1466084240,1.236250,0.136762,0.168096,1.293750,2.601082,3.363093,0.993750,0.118712,0.117174,1.221250,0.149513,0.181929,1400,1400,1400,1400,2000,2000,2000,2000,600,73,66,75,81,63,0,0,0,0,0,100,0,0,70
1466084241,1.236250,0.135969,0.166860,1.293750,2.593958,3.352749,0.993750,0.119016,0.118167,1.221250,0.148785,0.180708,1400,1400,1400,1400,2000,2000,2000,2000,600,73,66,75,81,63,0,0,0,0,0,100,0,0,70
1466084242,1.236250,0.137738,0.169332,1.293750,2.602452,3.364386,0.993750,0.118712,0.117174,1.220000,0.149240,0.181780,1400,1400,1400,1400,2000,2000,2000,2000,600,73,66,75,81,63,0,1,0,0,0,100,0,0,70
1466084243,1.236250,0.136762,0.168096,1.293750,2.592862,3.351456,0.993750,0.119016,0.118167,1.221250,0.148785,0.180708,1400,1400,1400,1400,2000,2000,2000,2000,600,73,66,75,81,63,0,0,0,0,0,100,0,0,70
1466084244,1.236250,0.135237,0.166860,1.293750,2.605192,3.368265,0.993750,0.118712,0.117174,1.220000,0.149968,0.181780,1400,1400,1400,1400,2000,2000,2000,2000,600,73,66,75,81,63,0,1,0,0,0,100,0,0,70
1466084245,1.236250,0.137494,0.169332,1.293750,2.596698,3.356628,0.993750,0.118712,0.117174,1.221250,0.148239,0.180708,1400,1400,1400,1400,2000,2000,2000,2000,600,73,66,75,81,63,0,0,0,0,0,100,0,0,70
1466084246,1.236250,0.136213,0.168096,1.295000,2.609302,3.378655,0.993750,0.118712,0.117174,1.221250,0.147784,0.179487,1400,1400,1400,1400,2000,2000,2000,2000,600,73,66,76,81,63,0,1,0,0,0,100,0,0,70
1466084247,1.236250,0.136213,0.168096,1.295000,2.607932,3.376065,0.993750,0.118712,0.117174,1.220000,0.147966,0.179340,1400,1400,1400,1400,2000,2000,2000,2000,600,73,66,75,81,63,0,0,0,0,0,100,0,0,70
1466084248,1.236250,0.137250,0.169332,1.293750,2.601630,3.363093,0.993750,0.118712,0.117174,1.221250,0.148785,0.180708,1400,1400,1400,1400,2000,2000,2000,2000,600,73,66,75,81,63,0,0,0,0,0,100,0,0,70
1466084249,1.236250,0.137494,0.169332,1.295000,2.603274,3.370885,0.993750,0.118712,0.117174,1.221250,0.148239,0.180708,1400,1400,1400,1400,2000,2000,2000,2000,600,73,66,75,81,63,0,1,0,0,0,100,0,0,70
1466084250,1.236250,0.135481,0.166860,1.295000,2.607384,3.376065,0.993750,0.118712,0.117174,1.221250,0.148239,0.180708,1400,1400,1400,1400,2000,2000,2000,2000,600,73,66,75,81,63,0,0,0,0,0,100,0,0,70
1466084251,1.236250,0.135725,0.166860,1.295000,2.595602,3.360525,0.993750,0.118560,0.117174,1.220000,0.149240,0.181780,1400,1400,1400,1400,2000,2000,2000,2000,600,73,66,75,81,63,0,1,0,0,0,100,0,0,70
1466084252,1.236250,0.136213,0.168096,1.295000,2.603822,3.370885,0.993750,0.118712,0.117174,1.221250,0.149695,0.181929,1400,1400,1400,1400,2000,2000,2000,2000,600,73,66,75,81,63,0,0,0,0,0,100,0,0,70
1466084253,1.236250,0.135725,0.166860,1.295000,2.604096,3.372180,0.993750,0.118560,0.117174,1.220000,0.149968,0.181780,1400,1400,1400,1400,2000,2000,2000,2000,600,73,66,75,81,63,0,0,0,0,0,100,0,0,70
1466084254,1.236250,0.137006,0.169332,1.295000,2.599986,3.365705,0.993750,0.118712,0.117174,1.220000,0.148239,0.180560,1400,1400,1400,1400,2000,2000,2000,2000,600,73,66,75,81,62,0,0,0,0,0,100,0,0,70
1466084255,1.236250,0.136518,0.168096,1.295000,2.603274,3.370885,0.993750,0.118560,0.117174,1.220000,0.149240,0.181780,1400,1400,1400,1400,2000,2000,2000,2000,600,73,66,75,81,63,0,0,0,0,0,100,1,0,70
1466084256,1.236250,0.137250,0.169332,1.295000,2.606562,3.374770,0.993750,0.118560,0.117174,1.220000,0.149695,0.181780,1400,1400,1400,1400,2000,2000,2000,2000,600,73,66,75,81,62,0,0,0,0,0,100,0,0,70
1466084257,1.236250,0.137494,0.169332,1.295000,2.602726,3.369590,0.993750,0.118712,0.117174,1.221250,0.148785,0.180708,1400,1400,1400,1400,2000,2000,2000,2000,600,73,66,75,81,63,0,0,0,0,0,100,0,0,70
1466084258,1.236250,0.137006,0.169332,1.295000,2.603000,3.370885,0.993750,0.118712,0.117174,1.220000,0.148512,0.180560,1400,1400,1400,1400,2000,2000,2000,2000,600,73,66,75,81,63,0,0,0,0,0,100,0,0,70
1466084259,1.236250,0.136518,0.168096,1.295000,2.603274,3.370885,0.993750,0.118712,0.117174,1.220000,0.148239,0.180560,1400,1400,1400,1400,2000,2000,2000,2000,600,73,66,75,81,63,0,0,0,0,0,100,0,0,70
1466084260,1.236250,0.137982,0.169332,1.295000,2.596150,3.361820,0.993750,0.118560,0.117174,1.221250,0.150241,0.183150,1400,1400,1400,1400,2000,2000,2000,2000,600,73,66,75,81,63,0,0,0,0,0,100,0,0,70
1466084261,1.236250,0.135481,0.166860,1.295000,2.603274,3.370885,0.993750,0.119016,0.118167,1.221250,0.148239,0.180708,1400,1400,1400,1400,2000,2000,2000,2000,600,73,66,75,81,62,0,1,0,0,0,100,0,0,70
1466084262,1.236250,0.137494,0.169332,1.295000,2.587930,3.350165,0.993750,0.119016,0.118167,1.221250,0.147966,0.179487,1400,1400,1400,1400,2000,2000,2000,2000,600,73,66,75,81,63,0,0,0,0,0,100,0,0,70
1466084263,1.236250,0.136213,0.168096,1.295000,2.603822,3.370885,0.993750,0.118560,0.117174,1.221250,0.149695,0.181929,1400,1400,1400,1400,2000,2000,2000,2000,600,73,66,75,81,63,0,1,0,0,0,100,0,0,70
1466084264,1.236250,0.136213,0.168096,1.295000,2.597520,3.363115,0.993750,0.118256,0.117174,1.221250,0.149513,0.181929,1400,1400,1400,1400,2000,2000,2000,2000,600,73,66,75,81,62,0,0,0,0,0,100,0,0,70
1466084265,1.236250,0.137006,0.169332,1.295000,2.599164,3.365705,0.993750,0.118712,0.117174,1.221250,0.148785,0.180708,1400,1400,1400,1400,2000,2000,2000,2000,600,73,66,75,81,62,0,1,0,0,0,100,0,0,70
1466084266,1.236250,0.136213,0.168096,1.295000,2.606288,3.374770,0.993750,0.118712,0.117174,1.220000,0.148512,0.180560,1400,1400,1400,1400,2000,2000,2000,2000,600,73,66,75,81,63,0,0,0,0,0,100,0,0,70
1466084267,1.236250,0.136518,0.168096,1.295000,2.597794,3.363115,0.993750,0.118712,0.117174,1.220000,0.148785,0.180560,1400,1400,1400,1400,2000,2000,2000,2000,600,73,66,75,81,62,0,1,0,0,0,100,0,0,70
1466084268,1.236250,0.136762,0.168096,1.293750,2.595602,3.355335,0.993750,0.117952,0.116181,1.221250,0.148785,0.180708,1400,1400,1400,1400,2000,2000,2000,2000,600,73,66,75,81,63,1,0,0,0,0,100,0,0,70
1466084269,1.236250,0.135481,0.166860,1.295000,2.604644,3.372180,0.993750,0.118560,0.117174,1.221250,0.147784,0.179487,1400,1400,1400,1400,2000,2000,2000,2000,600,73,66,75,81,62,0,1,0,0,0,100,0,0,70
1466084270,1.236250,0.135969,0.166860,1.295000,2.584916,3.346280,0.993750,0.118256,0.117174,1.220000,0.148512,0.180560,1400,1400,1400,1400,2000,2000,2000,2000,600,73,66,75,81,62,0,0,0,0,0,100,0,0,70
1466084271,1.236250,0.136213,0.168096,1.295000,2.592862,3.356640,0.993750,0.118256,0.117174,1.221250,0.148239,0.180708,1400,1400,1400,1400,2000,2000,2000,2000,600,73,66,75,81,62,0,1,0,0,0,100,0,0,70
1466084272,1.236250,0.134749,0.165624,1.295000,2.592314,3.356640,0.993750,0.118256,0.117174,1.220000,0.150241,0.183000,1400,1400,1400,1400,2000,2000,2000,2000,600,73,66,74,81,62,0,0,0,0,0,100,0,0,70
1466084273,1.236250,0.135725,0.166860,1.295000,2.599438,3.365705,0.993750,0.118560,0.117174,1.221250,0.148239,0.180708,1400,1400,1400,1400,2000,2000,2000,2000,600,73,66,75,81,63,0,0,0,0,0,100,0,0,70
1466084274,1.236250,0.137738,0.169332,1.295000,2.589300,3.352755,0.993750,0.118560,0.117174,1.221250,0.148512,0.180708,1400,1400,1400,1400,2000,2000,2000,2000,600,73,65,75,81,62,0,0,0,0,0,100,0,0,70
1466084275,1.236250,0.134993,0.165624,1.295000,2.606836,3.374770,0.993750,0.118560,0.117174,1.221250,0.148967,0.180708,1400,1400,1400,1400,2000,2000,2000,2000,600,73,65,75,81,62,0,1,0,0,0,100,0,0,70
1466084276,1.236250,0.135725,0.166860,1.293750,2.591766,3.350163,0.993750,0.117952,0.116181,1.220000,0.148239,0.180560,1400,1400,1400,1400,2000,2000,2000,2000,600,73,66,75,81,62,0,0,0,0,0,100,0,0,70
1466084277,1.236250,0.139263,0.171804,1.293750,2.605192,3.368265,0.993750,0.118256,0.117174,1.221250,0.148785,0.180708,1400,1400,1400,1400,2000,2000,2000,2000,600,73,66,75,81,62,0,1,0,0,0,100,0,0,70
1466084278,1.236250,0.136213,0.168096,1.295000,2.587930,3.350165,0.993750,0.118256,0.117174,1.220000,0.149513,0.181780,1400,1400,1400,1400,2000,2000,2000,2000,600,73,65,75,81,62,0,0,0,0,0,100,0,0,70
1466084279,1.236250,0.134749,0.165624,1.295000,2.597246,3.363115,0.993750,0.118560,0.117174,1.221250,0.149695,0.181929,1400,1400,1400,1400,2000,2000,2000,2000,600,73,66,75,81,62,0,1,0,0,0,100,0,0,70
1466084280,1.236250,0.135481,0.166860,1.295000,2.597520,3.363115,0.993750,0.118256,0.117174,1.221250,0.148512,0.180708,1400,1400,1400,1400,2000,2000,2000,2000,600,73,65,75,81,62,0,0,0,0,0,100,0,0,70
1466084281,1.236250,0.137250,0.169332,1.295000,2.590122,3.354050,0.993750,0.118256,0.117174,1.221250,0.149513,0.181929,1400,1400,1400,1400,2000,2000,2000,2000,600,73,65,75,81,62,0,1,0,0,0,100,0,0,70
1466084282,1.236250,0.135969,0.166860,1.295000,2.600808,3.367000,0.993750,0.118560,0.117174,1.221250,0.149240,0.181929,1400,1400,1400,1400,2000,2000,2000,2000,600,73,65,74,81,62,0,0,0,0,0,100,0,0,70
1466084283,1.235000,0.141520,0.174135,1.295000,2.653690,3.435635,0.993750,0.118256,0.117174,1.221250,0.148967,0.180708,1400,1400,1400,1400,2000,2000,2000,2000,600,73,66,75,81,62,0,1,0,0,0,100,0,0,70
1466084284,1.236250,0.136518,0.168096,1.295000,2.591492,3.355345,0.993750,0.118256,0.117174,1.221250,0.147966,0.179487,1400,1400,1400,1400,2000,2000,2000,2000,600,73,65,75,81,62,0,0,0,0,0,100,0,0,70
1466084285,1.236250,0.137494,0.169332,1.295000,2.605192,3.373475,0.993750,0.117952,0.116181,1.221250,0.148239,0.180708,1400,1400,1400,1400,2000,2000,2000,2000,600,72,66,74,81,62,0,1,0,0,0,100,0,1,70
1466084286,1.236250,0.134261,0.165624,1.295000,2.592314,3.356640,0.993750,0.118256,0.117174,1.220000,0.149513,0.181780,1400,1400,1400,1400,2000,2000,2000,2000,600,73,65,74,81,62,0,0,0,0,0,100,0,0,70
1466084287,1.236250,0.138714,0.170568,1.295000,2.609850,3.378655,0.993750,0.118256,0.117174,1.221250,0.149968,0.181929,1400,1400,1400,1400,2000,2000,2000,2000,600,73,66,74,81,62,0,1,0,0,0,100,0,0,70
1466084288,1.236250,0.134993,0.165624,1.295000,2.589848,3.352755,0.993750,0.117952,0.116181,1.220000,0.148239,0.180560,1400,1400,1400,1400,2000,2000,2000,2000,600,73,65,75,81,62,0,0,0,0,0,100,0,0,70
1466084289,1.236250,0.135969,0.166860,1.295000,2.655882,3.438225,0.993750,0.118560,0.117174,1.220000,0.148785,0.180560,1400,1400,1400,1400,2000,2000,2000,2000,600,73,65,75,81,62,0,0,0,0,0,100,0,0,70
1466084290,1.236250,0.137006,0.169332,1.293750,2.593136,3.352749,0.993750,0.118256,0.117174,1.221250,0.148967,0.180708,1400,1400,1400,1400,2000,2000,2000,2000,600,73,65,75,81,62,0,0,0,0,0,100,0,0,70
1466084291,1.236250,0.137738,0.169332,1.293750,2.603548,3.365679,0.993750,0.118560,0.117174,1.220000,0.147966,0.179340,1400,1400,1400,1400,2000,2000,2000,2000,600,73,66,74,81,62,0,1,0,0,0,100,0,0,70
1466084292,1.236250,0.136762,0.168096,1.295000,2.603000,3.370885,0.993750,0.118256,0.117174,1.221250,0.149513,0.181929,1400,1400,1400,1400,2000,2000,2000,2000,600,72,65,74,81,62,0,0,0,0,0,100,0,0,70
1466084293,1.235000,0.143228,0.176605,1.295000,2.655334,3.438225,0.993750,0.117952,0.116181,1.221250,0.149968,0.181929,1400,1400,1400,1400,2000,2000,2000,2000,600,72,65,74,81,62,0,1,0,0,0,100,0,0,70
1466084294,1.236250,0.137250,0.169332,1.295000,2.591766,3.355345,0.993750,0.117800,0.116181,1.221250,0.149968,0.181929,1400,1400,1400,1400,2000,2000,2000,2000,600,73,65,74,81,62,0,0,0,0,0,100,0,0,70
1466084295,1.236250,0.134749,0.165624,1.295000,2.601082,3.368295,0.993750,0.118256,0.117174,1.221250,0.147784,0.179487,1400,1400,1400,1400,2000,2000,2000,2000,600,73,65,74,81,62,0,1,0,0,0,100,0,0,70
1466084296,1.236250,0.135481,0.166860,1.295000,2.598068,3.364410,0.993750,0.117952,0.116181,1.221250,0.149513,0.181929,1400,1400,1400,1400,2000,2000,2000,2000,600,72,65,74,81,62,0,0,0,0,0,100,0,0,70
1466084297,1.235000,0.139751,0.171665,1.295000,2.632044,3.408440,0.993750,0.117952,0.116181,1.220000,0.151242,0.184220,1400,1400,1400,1400,2000,2000,2000,2000,600,73,65,74,81,62,0,1,0,0,0,100,0,0,70
1466084298,1.236250,0.137494,0.169332,1.293750,2.602452,3.364386,0.993750,0.117952,0.116181,1.221250,0.149695,0.181929,1400,1400,1400,1400,2000,2000,2000,2000,600,73,65,74,81,62,0,0,0,0,0,100,0,0,70
1466084299,1.236250,0.144509,0.177984,1.293750,2.653690,3.430329,0.993750,0.118256,0.117174,1.221250,0.149968,0.181929,1400,1400,1400,1400,2000,2000,2000,2000,600,72,65,74,81,62,0,0,0,0,0,100,0,0,70
1466084300,1.236250,0.137494,0.169332,1.295000,2.595328,3.360525,0.995000,0.118256,0.117410,1.221250,0.148512,0.180708,1400,1400,1400,1400,2000,2000,2000,2000,600,73,65,74,81,62,0,0,0,0,0,100,0,0,70
1466084301,1.236250,0.136213,0.168096,1.293750,2.600534,3.361800,0.993750,0.118256,0.117174,1.220000,0.150241,0.183000,1400,1400,1400,1400,2000,2000,2000,2000,600,73,65,74,81,62,0,1,0,0,0,100,0,0,70
1466084302,1.236250,0.136762,0.168096,1.293750,2.602452,3.364386,0.993750,0.118256,0.117174,1.220000,0.149695,0.181780,1400,1400,1400,1400,2000,2000,2000,2000,600,72,65,74,81,62,0,0,0,0,0,100,0,0,70
1466084303,1.235000,0.143228,0.176605,1.295000,2.650402,3.431750,0.993750,0.117952,0.116181,1.221250,0.149968,0.181929,1400,1400,1400,1400,2000,2000,2000,2000,600,73,66,74,81,62,0,0,0,0,0,100,0,0,70
1466084304,1.236250,0.134749,0.165624,1.293750,2.595054,3.355335,0.993750,0.118560,0.117174,1.220000,0.149240,0.181780,1400,1400,1400,1400,2000,2000,2000,2000,600,72,65,74,81,62,0,0,0,0,0,100,0,0,70
1466084305,1.235000,0.135481,0.166725,1.293750,2.651772,3.427743,0.993750,0.117952,0.116181,1.221250,0.150514,0.183150,1400,1400,1400,1400,2000,2000,2000,2000,600,73,65,74,81,62,0,1,0,0,0,100,0,0,70
1466084306,1.236250,0.137738,0.169332,1.295000,2.596972,3.361820,0.993750,0.117952,0.116181,1.221250,0.149240,0.181929,1400,1400,1400,1400,2000,2000,2000,2000,600,73,65,74,81,62,0,0,0,0,0,100,0,0,70
1466084307,1.236250,0.139019,0.171804,1.292500,2.136652,2.759712,0.993750,0.117952,0.116181,1.218750,0.100282,0.121800,1400,1400,1400,1400,2000,2000,2000,2000,600,68,63,70,69,61,0,1,0,0,0,46,0,0,70
1466084308,1.236250,0.121268,0.149556,1.285000,0.915160,1.175775,0.993750,0.113544,0.112209,1.216250,0.016016,0.019456,1400,1400,1400,1400,2000,2000,2000,2000,600,65,60,66,64,58,0,0,0,0,0,0,0,0,70
1466084309,1.236250,0.122488,0.150792,1.285000,0.923654,1.186055,0.993750,0.109440,0.108237,1.216250,0.017290,0.020672,1400,1400,1400,1400,2000,2000,2000,2000,600,63,58,64,62,57,0,1,0,0,0,0,0,0,70
1466084310,1.237500,0.114009,0.141018,1.285000,0.869402,1.116665,0.993750,0.106704,0.105258,1.216250,0.015015,0.018240,1400,1400,1400,1400,2000,2000,2000,2000,600,62,57,6