Timestamp,A7_Volt,A7_Amp,A7_Watt,A15_Volt,A15_Amp,A15_Watt,GPU_Volt,GPU_Amp,GPU_Watt,Mem_Volt,Mem_Amp,Mem_Watt,CPU0_Freq,CPU1_Freq,CPU2_Freq,CPU3_Freq,CPU4_Freq,CPU5_Freq,CPU6_Freq,CPU7_Freq,GPU_Freq,CPU4_Temp,CPU5_Temp,CPU6_Temp,CPU7_Temp,GPU_Temp,CPU0_USG,CPU1_USG,CPU2_USG,CPU3_USG,CPU4_USG,CPU5_USG,CPU6_USG,CPU7_USG,Fan_Speed_%
1466084527,1.237500,0.114253,0.141018,1.285000,0.878444,1.128230,0.992500,0.108528,0.107136,1.216250,0.015470,0.018240,1400,1400,1400,1400,2000,2000,2000,2000,600,62,58,64,61,57,0,0,0,0,2,6,0,1,0
1466084528,1.237500,0.114497,0.141018,1.285000,0.874882,1.123090,0.992500,0.107920,0.106144,1.216250,0.015470,0.018240,1400,1400,1400,1400,2000,2000,2000,2000,600,62,58,63,61,56,0,0,0,0,0,0,0,0,0
1466084529,1.237500,0.114985,0.141018,1.285000,0.874060,1.123090,0.992500,0.107920,0.106144,1.216250,0.015470,0.018240,1400,1400,1400,1400,2000,2000,2000,2000,600,62,58,63,61,56,0,0,0,0,0,0,0,0,0
1466084530,1.237500,0.114497,0.141018,1.285000,0.871046,1.119235,0.992500,0.107464,0.106144,1.216250,0.015743,0.018240,1400,1400,1400,1400,2000,2000,2000,2000,600,62,58,63,61,56,0,0,0,0,0,0,0,0,0
1466084531,1.237500,0.114497,0.141018,1.285000,0.871868,1.119235,0.992500,0.107464,0.106144,1.216250,0.015743,0.018240,1400,1400,1400,1400,2000,2000,2000,2000,600,62,58,63,61,56,0,0,0,0,0,0,0,0,0
1466084532,1.237500,0.115229,0.142255,1.285000,0.868306,1.115380,0.992500,0.107312,0.106144,1.216250,0.015470,0.018240,1400,1400,1400,1400,2000,2000,2000,2000,600,62,58,63,61,56,0,0,0,0,0,0,0,0,0
1466084533,1.237500,0.114009,0.141018,1.285000,0.869402,1.116665,0.992500,0.107008,0.106144,1.216250,0.015470,0.018240,1400,1400,1400,1400,2000,2000,2000,2000,600,62,58,63,60,56,0,0,0,0,0,0,0,0,0
1466084534,1.237500,0.113521,0.139781,1.285000,0.869676,1.116665,0.992500,0.107008,0.106144,1.216250,0.015470,0.018240,1400,1400,1400,1400,2000,2000,2000,2000,600,62,58,63,61,56,0,0,0,0,0,0,0,0,0
1466084535,1.237500,0.114253,0.141018,1.285000,0.868580,1.115380,0.992500,0.107008,0.106144,1.216250,0.016016,0.019456,1400,1400,1400,1400,2000,2000,2000,2000,600,62,58,63,60,56,0,1,0,0,0,0,0,0,0
1466084536,1.237500,0.113521,0.139781,1.285000,0.866662,1.112810,0.993750,0.107008,0.106251,1.216250,0.015470,0.018240,1400,1400,1400,1400,2000,2000,2000,2000,600,63,58,64,63,56,0,0,0,0,0,0,0,0,0
1466084537,1.236250,0.134749,0.165624,1.308750,5.185998,6.781980,0.995000,0.111416,0.110445,1.225000,0.136773,0.166600,1400,1400,1400,1400,2000,2000,2000,2000,600,77,71,81,81,62,0,0,0,0,68,56,56,64,0
1466084538,1.236250,0.150243,0.185400,1.307500,4.708416,6.153356,0.993750,0.120688,0.119160,1.216250,0.293748,0.356288,1400,1400,1400,1400,2000,2000,2000,2000,600,84,78,90,90,66,0,0,0,0,100,99,100,98,90
1466084539,1.235000,0.170983,0.209950,1.271250,5.121334,6.508791,0.993750,0.131480,0.130083,1.213750,0.322504,0.390586,1400,1400,1400,1400,2000,2000,2000,2000,600,87,81,93,93,70,0,0,0,0,100,99,100,100,90
1466084540,1.235000,0.167994,0.206245,1.210000,4.277962,5.175170,0.995000,0.138776,0.137310,1.216250,0.322504,0.391552,1400,1400,1400,1400,2000,2000,2000,2000,600,88,82,93,93,71,0,0,0,0,100,100,100,99,90
1466084541,1.235000,0.170495,0.209950,1.228750,4.472228,5.491616,0.993750,0.141664,0.140013,1.213750,0.312494,0.378456,1400,1400,1400,1400,900,900,900,900,600,87,81,93,93,72,0,0,1,0,99,100,100,100,90
1466084542,1.235000,0.169763,0.208715,1.165000,4.430854,5.160950,0.993750,0.144704,0.142992,1.217500,0.310492,0.377270,1400,1400,1400,1400,2000,2000,2000,2000,600,87,81,92,93,73,0,0,0,0,100,100,99,99,90
1466084543,1.233750,0.172752,0.212076,1.168750,4.248370,4.961664,0.993750,0.146224,0.144978,1.217500,0.310765,0.377270,1400,1400,1400,1400,2000,2000,2000,2000,600,89,83,94,94,73,0,0,0,0,100,100,100,100,90
1466084544,1.235000,0.172996,0.212420,1.198750,3.970808,4.756060,0.993750,0.147288,0.145971,1.215000,0.310219,0.376650,1400,1400,1400,1400,2000,2000,2000,2000,600,90,84,95,95,73,0,0,0,0,99,99,100,100,90
1466084545,1.235000,0.172264,0.212420,1.165000,4.125618,4.805625,0.993750,0.148048,0.146964,1.212500,0.299936,0.362388,1400,1400,1400,1400,2000,2000,2000,2000,600,87,81,92,92,73,0,0,0,0,100,100,100,100,90
1466084546,1.233750,0.173728,0.213309,1.165000,4.121782,4.800965,0.993750,0.148656,0.146964,1.217500,0.304486,0.369968,1400,1400,1400,1400,2000,2000,2000,2000,600,90,84,95,95,74,0,0,1,0,100,99,100,99,90
1466084547,1.235000,0.173240,0.213655,1.156250,3.874086,4.478344,0.993750,0.149264,0.147957,1.212500,0.307944,0.372084,1400,1400,1400,1400,2000,2000,2000,2000,600,88,82,93,92,74,0,0,0,0,100,100,100,100,90
1466084548,1.235000,0.175009,0.216125,1.172500,4.040952,4.734880,0.995000,0.150024,0.149250,1.215000,0.302211,0.366930,1400,1400,1400,1400,900,900,900,900,600,89,83,95,95,74,0,0,0,0,100,100,99,100,90
1466084549,1.235000,0.172264,0.212420,1.143750,4.137948,4.728591,0.993750,0.150176,0.148950,1.215000,0.311766,0.377865,1400,1400,1400,1400,2000,2000,2000,2000,600,90,84,95,95,74,0,0,0,0,100,100,100,100,90
1466084550,1.233750,0.175253,0.215775,1.170000,4.086436,4.780620,0.993750,0.150480,0.148950,1.212500,0.296023,0.358752,1400,1400,1400,1400,2000,2000,2000,2000,600,91,84,95,95,74,0,0,0,0,100,99,100,100,90
1466084551,1.235000,0.173484,0.213655,1.146250,3.831342,4.390326,0.993750,0.151240,0.149943,1.221250,0.307216,0.374847,1400,1400,1400,1400,2000,2000,2000,2000,600,90,83,95,94,74,0,0,0,0,100,100,100,100,90
1466084552,1.233750,0.172020,0.212076,1.175000,4.098492,4.815150,0.993750,0.150936,0.148950,1.217500,0.298753,0.362666,1400,1400,1400,1400,2000,2000,2000,2000,600,89,83,94,93,74,0,0,0,0,100,100,100,100,90
1466084553,1.235000,0.175009,0.216125,1.156250,3.675984,4.248300,0.993750,0.151240,0.149943,1.215000,0.305760,0.370575,1400,1400,1400,1400,2000,2000,2000,2000,600,89,83,94,94,74,1,0,0,0,99,100,100,100,90
1466084554,1.235000,0.175741,0.216125,1.180000,3.980672,4.696400,0.995000,0.150936,0.149250,1.217500,0.304941,0.369968,1400,1400,1400,1400,2000,2000,2000,2000,600,87,82,92,92,74,0,0,0,1,100,100,100,100,90
1466084555,1.233750,0.175985,0.215775,1.172500,4.060680,4.758320,0.993750,0.151240,0.149943,1.217500,0.300755,0.365100,1400,1400,1400,1400,2000,2000,2000,2000,600,87,82,92,92,74,0,0,0,0,100,100,100,100,90
1466084556,1.235000,0.175253,0.216125,1.120000,3.687218,4.129440,0.993750,0.151240,0.149943,1.215000,0.306943,0.371790,1400,1400,1400,1400,2000,2000,2000,2000,600,89,83,94,93,74,0,0,0,0,100,100,100,100,90
1466084557,1.235000,0.175985,0.216125,1.177500,4.011634,4.720947,0.993750,0.151240,0.149943,1.220000,0.299936,0.364780,1400,1400,1400,1400,2000,2000,2000,2000,600,89,83,94,93,74,0,0,0,0,100,100,99,99,90
1466084558,1.235000,0.173728,0.213655,1.172500,4.024512,4.716128,0.993750,0.151696,0.149943,1.217500,0.300937,0.365100,1400,1400,1400,1400,2000,2000,2000,2000,600,90,83,94,94,74,0,0,0,0,100,100,100,100,90
1466084559,1.233750,0.173728,0.213309,1.180000,3.929982,4.636220,0.993750,0.151544,0.149943,1.213750,0.302484,0.366326,1400,1400,1400,1400,2000,2000,2000,2000,600,90,83,95,94,74,0,0,0,0,100,100,100,100,90
1466084560,1.235000,0.174216,0.214890,1.148750,3.871346,4.443908,0.993750,0.151696,0.149943,1.220000,0.299754,0.364780,1400,1400,1400,1400,2000,2000,2000,2000,600,90,84,95,95,74,0,1,0,0,100,99,100,100,90
1466084561,1.233750,0.172752,0.212076,1.153750,4.053830,4.673109,0.993750,0.152000,0.150936,1.221250,0.313222,0.382173,1400,1400,1400,1400,2000,2000,2000,2000,600,91,84,95,95,74,0,0,0,0,100,100,100,100,90
1466084562,1.235000,0.174216,0.214890,1.175000,4.086162,4.801050,0.993750,0.152000,0.150936,1.216250,0.298025,0.362368,1400,1400,1400,1400,2000,2000,2000,2000,600,90,84,95,95,74,0,1,0,0,98,97,99,97,90
1466084563,1.235000,0.176717,0.217360,1.170000,4.082052,4.775940,0.993750,0.152000,0.150936,1.217500,0.301756,0.366317,1400,1400,1400,1400,2000,2000,2000,2000,600,91,84,95,95,74,0,0,0,0,100,100,100,100,90
1466084564,1.235000,0.173728,0.213655,1.133750,3.823122,4.331459,0.995000,0.152304,0.151240,1.217500,0.298935,0.362666,1400,1400,1400,1400,900,900,900,900,600,89,83,95,95,74,0,0,0,0,100,99,100,100,90
1466084565,1.233750,0.177266,0.218241,1.137500,3.827780,4.351299,0.995000,0.152304,0.151240,1.217500,0.293748,0.356581,1400,1400,1400,1400,900,900,900,900,600,88,82,93,93,74,0,0,0,0,100,100,100,100,90
1466084566,1.233750,0.181231,0.223173,1.180000,4.210284,4.967800,0.995000,0.152304,0.151240,1.213750,0.310492,0.376030,1400,1400,1400,1400,2000,2000,2000,2000,600,87,82,92,92,74,0,0,0,0,100,100,100,100,90
1466084567,1.233750,0.174216,0.214542,1.175000,4.050816,4.758750,0.995000,0.152000,0.151240,1.217500,0.304759,0.369968,1400,1400,1400,1400,2000,2000,2000,2000,600,89,83,94,93,74,0,0,0,1,100,100,100,100,90
1466084568,1.233750,0.180011,0.221940,1.182500,3.956560,4.675992,0.993750,0.152000,0.150936,1.216250,0.302757,0.367232,1400,1400,1400,1400,2000,2000,2000,2000,600,90,84,95,94,74,0,0,0,0,100,99,100,100,90
1466084569,1.235000,0.175985,0.216125,1.175000,4.123152,4.844525,0.995000,0.151696,0.150245,1.216250,0.303212,0.368448,1400,1400,1400,1400,900,900,900,900,600,88,83,93,93,74,0,0,0,0,100,100,100,100,90
1466084570,1.233750,0.173728,0.213309,1.163750,4.270838,4.966010,0.995000,0.152304,0.151240,1.216250,0.307216,0.373312,1400,1400,1400,1400,2000,2000,2000,2000,600,89,83,94,93,74,0,0,0,0,100,100,100,99,90
1466084571,1.235000,0.175253,0.216125,1.181250,4.057940,4.791317,0.995000,0.152304,0.151240,1.217500,0.304759,0.369968,1400,1400,1400,1400,2000,2000,2000,2000,600,90,84,95,95,74,0,0,0,0,100,100,100,100,90
1466084572,1.235000,0.177266,0.218595,1.148750,3.838192,4.406024,0.995000,0.152000,0.151240,1.220000,0.312767,0.380640,1400,1400,1400,1400,900,900,900,900,600,90,84,95,95,74,0,0,1,0,99,100,100,100,90
1466084573,1.233750,0.174521,0.214542,1.123750,3.731606,4.189913,0.995000,0.152304,0.151240,1.220000,0.303485,0.369660,1400,1400,1400,1400,900,900,900,900,600,90,84,95,95,74,0,0,0,0,100,98,100,100,90
1466084574,1.233750,0.172508,0.212076,1.118750,3.794078,4.241692,0.993750,0.152304,0.150936,1.217500,0.302939,0.367534,1400,1400,1400,1400,900,900,900,900,600,88,82,93,93,74,0,0,0,0,100,100,100,100,90
1466084575,1.235000,0.174216,0.214890,1.130000,3.702562,4.183260,0.993750,0.152304,0.150936,1.213750,0.298480,0.361474,1400,1400,1400,1400,2000,2000,2000,2000,600,89,83,93,93,74,0,0,0,0,100,100,99,99,90
1466084576,1.233750,0.175009,0.215775,1.183750,3.965876,4.690595,0.993750,0.152000,0.150936,1.218750,0.300482,0.365400,1400,1400,1400,1400,2000,2000,2000,2000,600,90,83,94,93,74,0,0,0,0,100,100,100,100,90
1466084577,1.235000,0.181231,0.223535,1.188750,3.930530,4.668840,0.993750,0.152456,0.150936,1.220000,0.298480,0.363560,1400,1400,1400,1400,2000,2000,2000,2000,600,91,84,95,95,74,0,0,1,0,100,100,100,100,90
1466084578,1.235000,0.175009,0.216125,1.172500,4.096026,4.800512,0.995000,0.152456,0.151240,1.217500,0.315497,0.383355,1400,1400,1400,1400,900,900,900,900,600,91,84,96,95,74,0,0,0,0,100,100,100,100,90
1466084579,1.233750,0.176473,0.217008,1.177500,3.919022,4.612663,0.993750,0.152456,0.150936,1.215000,0.282737,0.342630,1400,1400,1400,1400,900,900,900,900,600,88,82,93,93,74,0,0,0,0,99,100,100,99,90
1466084580,1.235000,0.175253,0.216125,1.168750,4.102876,4.791136,0.995000,0.152456,0.151240,1.221250,0.304486,0.371184,1400,1400,1400,1400,2000,2000,2000,2000,600,90,83,94,93,74,0,0,0,0,100,100,100,100,90
1466084581,1.235000,0.175009,0.216125,1.161250,3.543642,4.113423,0.995000,0.152304,0.151240,1.213750,0.301210,0.365113,1400,1400,1400,1400,2000,2000,2000,2000,600,90,84,95,94,74,0,0,0,0,100,100,100,99,90
1466084582,1.233750,0.174765,0.214542,1.117500,3.644748,4.070348,0.995000,0.152456,0.151240,1.212500,0.316225,0.382992,1400,1400,1400,1400,2000,2000,2000,2000,600,91,84,95,95,74,0,0,0,1,100,100,100,100,90
1466084583,1.233750,0.175253,0.215775,1.130000,3.834904,4.332420,0.995000,0.152760,0.151240,1.218750,0.307762,0.373926,1400,1400,1400,1400,900,900,900,900,600,88,83,93,93,74,0,0,0,0,100,99,100,100,90
1466084584,1.235000,0.175009,0.216125,1.116250,3.807778,4.248612,0.995000,0.152456,0.151240,1.217500,0.307762,0.373619,1400,1400,1400,1400,2000,2000,2000,2000,600,88,82,93,92,74,0,0,0,0,100,100,100,100,90
1466084585,1.235000,0.175253,0.216125,1.158750,3.551040,4.112058,0.995000,0.152456,0.151240,1.216250,0.311220,0.378176,1400,1400,1400,1400,2000,2000,2000,2000,600,90,84,95,94,74,0,0,0,0,100,100,100,100,90
1466084586,1.235000,0.176961,0.217360,1.163750,4.098218,4.765974,0.995000,0.152456,0.151240,1.215000,0.311493,0.377865,1400,1400,1400,1400,900,900,900,900,600,89,83,94,94,74,0,0,0,1,100,100,100,99,90
1466084587,1.235000,0.176961,0.217360,1.150000,4.125344,4.743750,0.995000,0.152760,0.151240,1.217500,0.307762,0.373619,1400,1400,1400,1400,2000,2000,2000,2000,600,88,82,93,92,74,0,0,0,0,100,100,100,100,90
1466084588,1.233750,0.175253,0.215775,1.152500,3.866688,4.453632,0.995000,0.152304,0.151240,1.212500,0.306943,0.370872,1400,1400,1400,1400,2000,2000,2000,2000,600,90,84,95,94,74,0,0,0,1,99,99,100,100,90
1466084589,1.235000,0.174765,0.214890,1.118750,3.859290,4.314362,0.993750,0.152456,0.150936,1.223750,0.313222,0.382799,1400,1400,1400,1400,900,900,900,900,600,90,84,95,95,74,0,0,0,0,100,100,100,100,90
1466084590,1.235000,0.175009,0.216125,1.125000,3.598990,4.047750,0.993750,0.152760,0.150936,1.222500,0.311948,0.380042,1400,1400,1400,1400,2000,2000,2000,2000,600,90,83,94,93,74,0,0,0,0,99,100,99,100,90
1466084591,1.233750,0.173484,0.213309,1.115000,3.540902,3.947100,0.995000,0.152760,0.151240,1.215000,0.309946,0.375435,1400,1400,1400,1400,2000,2000,2000,2000,600,90,84,95,95,74,0,0,0,0,100,100,100,100,90
1466084592,1.235000,0.186477,0.229710,1.132500,3.675436,4.160100,0.995000,0.152760,0.151240,1.216250,0.305942,0.370880,1400,1400,1400,1400,900,900,900,900,600,89,83,94,94,74,0,0,0,0,100,100,100,100,90
1466084593,1.235000,0.176717,0.217360,1.138750,3.834630,4.363092,0.995000,0.152760,0.151240,1.217500,0.310947,0.377270,1400,1400,1400,1400,900,900,900,900,600,88,82,93,93,74,0,0,0,0,100,100,100,100,90
1466084594,1.235000,0.176717,0.217360,1.150000,3.993824,4.591950,0.995000,0.152760,0.151240,1.215000,0.305760,0.370575,1400,1400,1400,1400,2000,2000,2000,2000,600,90,83,94,94,74,1,1,0,0,99,100,100,100,90
1466084595,1.233750,0.173484,0.213309,1.122500,3.742566,4.198524,0.995000,0.152304,0.151240,1.217500,0.314223,0.382138,1400,1400,1400,1400,900,900,900,900,600,91,84,96,96,74,0,0,0,0,100,100,100,100,90
1466084596,1.235000,0.173972,0.213655,1.135000,3.757636,4.264195,0.995000,0.152912,0.151240,1.216250,0.302484,0.367232,1400,1400,1400,1400,2000,2000,2000,2000,600,89,83,94,93,74,0,0,0,0,100,100,100,100,90
1466084597,1.235000,0.175009,0.216125,1.162500,3.614608,4.199468,0.995000,0.152760,0.151240,1.221250,0.305214,0.372405,1400,1400,1400,1400,2000,2000,2000,2000,600,91,84,95,95,74,0,0,0,0,100,100,100,100,90
1466084598,1.235000,0.176961,0.217360,1.161250,4.010812,4.655610,0.993750,0.152760,0.150936,1.218750,0.307489,0.373926,1400,1400,1400,1400,900,900,900,900,600,88,82,93,93,74,0,0,0,0,100,100,100,100,90
1466084599,1.235000,0.176717,0.217360,1.168750,4.084792,4.770112,0.995000,0.152912,0.151240,1.215000,0.307944,0.373005,1400,1400,1400,1400,2000,2000,2000,2000,600,90,84,95,94,74,0,0,0,1,100,98,100,100,90
1466084600,1.235000,0.175497,0.216125,1.160000,4.113836,4.771080,0.993750,0.152456,0.150936,1.215000,0.306943,0.371790,1400,1400,1400,1400,900,900,900,900,600,90,84,95,95,74,0,0,0,0,100,100,100,100,90
1466084601,1.233750,0.177266,0.218241,1.148750,3.703110,4.251044,0.993750,0.152760,0.150936,1.216250,0.297024,0.361152,1400,1400,1400,1400,2000,2000,2000,2000,600,88,82,92,92,74,0,1,0,0,100,100,99,100,90
1466084602,1.235000,0.176229,0.217360,1.181250,3.749964,4.427569,0.993750,0.153216,0.151929,1.217500,0.297206,0.361449,1400,1400,1400,1400,2000,2000,2000,2000,600,91,84,95,95,74,0,0,0,0,100,100,100,100,90
1466084603,1.233750,0.180011,0.221940,1.167500,4.165348,4.860555,0.995000,0.152760,0.151240,1.217500,0.304213,0.369968,1400,1400,1400,1400,900,900,900,900,600,88,83,93,93,74,0,0,0,0,100,100,100,100,90
1466084604,1.233750,0.172996,0.212076,1.161250,4.161786,4.830921,0.995000,0.153216,0.152235,1.221250,0.310947,0.378510,1400,1400,1400,1400,2000,2000,2000,2000,600,88,82,93,92,74,0,0,0,0,100,100,100,100,90
1466084605,1.233750,0.180743,0.221940,1.185000,3.961218,4.693785,0.993750,0.152912,0.150936,1.218750,0.305214,0.371490,1400,1400,1400,1400,2000,2000,2000,2000,600,91,84,95,95,74,0,1,1,0,100,99,100,100,90
1466084606,1.235000,0.175741,0.216125,1.188750,3.962588,4.706856,0.993750,0.153216,0.151929,1.221250,0.309946,0.377289,1400,1400,1400,1400,900,900,900,900,600,89,83,93,93,74,0,0,0,0,100,100,100,100,90
1466084607,1.233750,0.173240,0.213309,1.168750,4.110274,4.800480,0.993750,0.152912,0.150936,1.220000,0.310947,0.378200,1400,1400,1400,1400,2000,2000,2000,2000,600,89,83,94,93,74,0,0,0,0,100,100,100,99,90
1466084608,1.235000,0.177510,0.218595,1.173750,4.068078,4.771764,0.995000,0.153216,0.152235,1.218750,0.301938,0.366618,1400,1400,1400,1400,2000,2000,2000,2000,600,91,84,95,95,74,0,1,0,0,100,100,100,100,90
1466084609,1.235000,0.175985,0.216125,1.148750,4.117946,4.726316,0.995000,0.152912,0.151240,1.217500,0.301756,0.366317,1400,1400,1400,1400,900,900,900,900,600,88,83,93,93,74,0,0,0,0,100,100,100,100,90
1466084610,1.233750,0.177998,0.218241,1.175000,4.066982,4.777550,0.995000,0.153520,0.152235,1.216250,0.304213,0.369664,1400,1400,1400,1400,2000,2000,2000,2000,600,89,83,94,93,74,0,0,0,0,99,99,99,100,90
1466084611,1.235000,0.175497,0.216125,1.166250,4.124522,4.808584,0.995000,0.152912,0.151240,1.215000,0.308490,0.374220,1400,1400,1400,1400,900,900,900,900,600,91,84,96,96,74,0,0,0,0,100,100,100,100,90
1466084612,1.233750,0.181963,0.223173,1.181250,3.973822,4.692113,0.993750,0.153520,0.151929,1.220000,0.299754,0.364780,1400,1400,1400,1400,900,900,900,900,600,88,83,93,93,75,0,0,0,0,100,100,100,100,90
1466084613,1.233750,0.175253,0.215775,1.128750,3.858194,4.351824,0.995000,0.153216,0.152235,1.215000,0.304759,0.369360,1400,1400,1400,1400,2000,2000,2000,2000,600,90,84,94,94,74,0,0,0,0,100,100,100,100,90
1466084614,1.233750,0.175741,0.215775,1.123750,3.535422,3.969805,0.995000,0.153216,0.152235,1.213750,0.310765,0.376030,1400,1400,1400,1400,900,900,900,900,600,89,83,94,94,74,1,0,0,0,100,100,100,100,90
1466084615,1.235000,0.176717,0.217360,1.148750,3.785310,4.345180,0.993750,0.152760,0.150936,1.218750,0.313495,0.381234,1400,1400,1400,1400,900,900,900,900,600,88,82,93,93,74,0,0,0,0,100,100,100,100,90
1466084616,1.235000,0.176473,0.217360,1.177500,4.064516,4.783328,0.993750,0.152912,0.150936,1.216250,0.307762,0.373312,1400,1400,1400,1400,2000,2000,2000,2000,600,90,84,95,94,74,0,0,0,0,100,100,99,100,90
1466084617,1.235000,0.176717,0.217360,1.160000,4.163156,4.829080,0.993750,0.152912,0.150936,1.218750,0.298207,0.362964,1400,1400,1400,1400,2000,2000,2000,2000,600,91,84,95,95,74,0,2,0,0,99,100,100,100,90
1466084618,1.235000,0.175985,0.216125,1.125000,3.925050,4.415625,0.993750,0.152912,0.150936,1.216250,0.309946,0.375744,1400,1400,1400,1400,2000,2000,2000,2000,600,89,83,93,92,75,0,0,0,0,100,100,100,100,90
1466084619,1.235000,0.175497,0.216125,1.135000,3.565288,4.046275,0.993750,0.152760,0.150936,1.217500,0.307216,0.373619,1400,1400,1400,1400,2000,2000,2000,2000,600,91,84,95,95,74,0,1,0,0,99,100,100,99,90
1466084620,1.235000,0.176229,0.217360,1.160000,4.022320,4.665520,0.993750,0.152912,0.150936,1.218750,0.308490,0.375144,1400,1400,1400,1400,900,900,900,900,600,89,83,94,94,74,0,0,0,0,100,100,100,100,90
1466084621,1.233750,0.177998,0.218241,1.168750,3.808326,4.447744,0.993750,0.153216,0.151929,1.216250,0.311493,0.378176,1400,1400,1400,1400,2000,2000,2000,2000,600,90,84,94,94,74,0,1,0,0,100,100,100,100,90
1466084622,1.235000,0.175985,0.216125,1.142500,3.552958,4.056384,0.993750,0.152912,0.150936,1.218750,0.309491,0.376362,1400,1400,1400,1400,900,900,900,900,600,90,84,95,95,74,0,0,0,0,100,100,100,100,90
1466084623,1.235000,0.178730,0.219830,1.181250,4.090820,4.830290,0.993750,0.152760,0.150936,1.216250,0.291746,0.353856,1400,1400,1400,1400,2000,2000,2000,2000,600,91,84,95,95,74,0,1,0,0,100,100,97,100,90
1466084624,1.235000,0.177754,0.218595,1.157500,3.763390,4.353791,0.993750,0.153216,0.151929,1.211250,0.309946,0.374199,1400,1400,1400,1400,900,900,900,900,600,88,82,93,93,75,0,0,0,0,100,100,100,100,90
1466084625,1.233750,0.176229,0.217008,1.138750,3.465278,3.943170,0.993750,0.153216,0.151929,1.215000,0.291018,0.353565,1400,1400,1400,1400,2000,2000,2000,2000,600,91,84,95,94,74,0,1,0,0,99,100,100,100,90
1466084626,1.235000,0.175497,0.216125,1.131250,3.843946,4.346433,0.993750,0.153216,0.151929,1.217500,0.306943,0.372402,1400,1400,1400,1400,900,900,900,900,600,89,83,94,94,75,0,0,0,0,100,100,100,100,90
1466084627,1.233750,0.175497,0.215775,1.146250,3.635432,4.165710,0.995000,0.153216,0.152235,1.213750,0.307216,0.372391,1400,1400,1400,1400,2000,2000,2000,2000,600,90,83,94,94,74,0,0,0,0,100,99,100,100,90
1466084628,1.233750,0.175497,0.215775,1.175000,4.092190,4.808100,0.995000,0.153216,0.152235,1.215000,0.300755,0.364500,1400,1400,1400,1400,900,900,900,900,600,90,84,95,95,75,0,0,0,0,100,100,100,100,90
1466084629,1.233750,0.175985,0.215775,1.165000,4.110274,4.788150,0.995000,0.153216,0.152235,1.212500,0.297206,0.359964,1400,1400,1400,1400,2000,2000,2000,2000,600,89,83,94,93,74,0,0,0,0,100,100,100,100,90
1466084630,1.233750,0.175253,0.215775,1.170000,4.159868,4.866030,0.995000,0.153520,0.152235,1.215000,0.306488,0.371790,1400,1400,1400,1400,900,900,900,900,600,90,84,95,95,74,0,0,0,0,100,99,99,100,90
1466084631,1.235000,0.175741,0.216125,1.170000,4.090272,4.785300,0.993750,0.153216,0.151929,1.216250,0.308763,0.374528,1400,1400,1400,1400,2000,2000,2000,2000,600,89,83,93,93,74,0,0,0,0,100,100,100,100,90
1466084632,1.233750,0.180255,0.221940,1.158750,3.722564,4.310076,0.993750,0.153520,0.151929,1.217500,0.309946,0.376053,1400,1400,1400,1400,2000,2000,2000,2000,600,91,84,96,95,75,0,1,0,1,100,99,100,99,90
1466084633,1.235000,0.174765,0.214890,1.111250,3.686670,4.095146,0.993750,0.153520,0.151929,1.211250,0.309946,0.374199,1400,1400,1400,1400,2000,2000,2000,2000,600,89,83,93,93,74,0,0,0,0,100,100,100,100,90
1466084634,1.233750,0.179218,0.220707,1.170000,3.997112,4.676490,0.995000,0.153672,0.152235,1.218750,0.281190,0.342258,1400,1400,1400,1400,2000,2000,2000,2000,600,91,84,95,95,74,0,1,0,0,100,100,100,100,90
1466084635,1.233750,0.173728,0.213309,1.161250,4.153018,4.821633,0.993750,0.153520,0.151929,1.218750,0.304941,0.370272,1400,1400,1400,1400,2000,2000,2000,2000,600,88,82,93,92,75,0,0,0,0,100,100,100,100,90
1466084636,1.233750,0.174765,0.214542,1.142500,3.743662,4.274506,0.993750,0.153216,0.151929,1.218750,0.303485,0.369054,1400,1400,1400,1400,2000,2000,2000,2000,600,90,84,95,94,75,0,0,0,0,100,100,99,100,90
1466084637,1.233750,0.174521,0.214542,1.170000,4.167540,4.875390,0.993750,0.153520,0.151929,1.221250,0.302211,0.368742,1400,1400,1400,1400,2000,2000,2000,2000,600,90,83,94,93,74,0,0,0,0,100,100,100,100,90
1466084638,1.235000,0.177754,0.218595,1.111250,3.680916,4.088480,0.993750,0.153672,0.151929,1.220000,0.308217,0.375760,1400,1400,1400,1400,900,900,900,900,600,90,84,94,95,75,0,1,0,0,100,100,100,100,90
1466084639,1.233750,0.177510,0.218241,1.157500,3.843946,4.446351,0.993750,0.153520,0.151929,1.218750,0.307762,0.373926,1400,1400,1400,1400,2000,2000,2000,2000,600,89,83,94,93,74,1,0,0,0,100,98,100,100,90
1466084640,1.233750,0.173240,0.213309,1.175000,4.132742,4.855100,0.993750,0.153520,0.151929,1.217500,0.310765,0.377270,1400,1400,1400,1400,900,900,900,900,600,89,83,94,94,75,0,1,0,0,100,100,100,100,90
1466084641,1.235000,0.176473,0.217360,1.167500,4.121782,4.809207,0.995000,0.153520,0.152235,1.217500,0.307762,0.373619,1400,1400,1400,1400,2000,2000,2000,2000,600,90,83,94,94,75,0,0,0,0,100,100,100,100,90
1466084642,1.233750,0.173728,0.213309,1.111250,3.680916,4.088480,0.995000,0.153520,0.152235,1.216250,0.304213,0.369664,1400,1400,1400,1400,900,900,900,900,600,88,83,93,93,74,0,0,0,0,100,100,100,100,90
1466084643,1.233750,0.173728,0.213309,1.116250,3.817368,4.259772,0.995000,0.153520,0.152235,1.220000,0.301756,0.367220,1400,1400,1400,1400,2000,2000,2000,2000,600,90,84,95,94,74,0,1,0,0,100,100,100,100,90
1466084644,1.235000,0.175985,0.216125,1.165000,4.150278,4.834750,0.995000,0.153672,0.152235,1.220000,0.309218,0.376980,1400,1400,1400,1400,900,900,900,900,600,88,83,93,93,75,0,0,0,0,100,100,100,100,90
1466084645,1.233750,0.175985,0.215775,1.146250,3.943682,4.518678,0.993750,0.153520,0.151929,1.220000,0.305942,0.372100,1400,1400,1400,1400,900,900,900,900,600,91,84,96,95,74,0,0,0,0,99,99,100,100,90
1466084646,1.235000,0.174216,0.214890,1.137500,4.039308,4.592343,0.993750,0.153216,0.151929,1.216250,0.301756,0.366016,1400,1400,1400,1400,2000,2000,2000,2000,600,89,83,93,93,74,0,1,0,0,100,100,100,100,90
1466084647,1.235000,0.178730,0.219830,1.118750,3.643926,4.072874,0.995000,0.153216,0.152235,1.215000,0.310219,0.376650,1400,1400,1400,1400,900,900,900,900,600,91,84,96,95,75,0,0,0,0,100,100,99,99,90
1466084648,1.235000,0.176473,0.217360,1.168750,3.908062,4.564544,0.993750,0.153520,0.151929,1.215000,0.305760,0.370575,1400,1400,1400,1400,900,900,900,900,600,88,83,93,93,75,0,0,0,0,100,100,100,100,90
1466084649,1.233750,0.174216,0.214542,1.178750,3.811614,4.489358,0.995000,0.153520,0.152235,1.222500,0.317772,0.387374,1400,1400,1400,1400,2000,2000,2000,2000,600,90,84,94,94,74,0,0,0,0,100,100,100,100,90
1466084650,1.235000,0.175497,0.216125,1.155000,3.546382,4.095630,0.993750,0.153520,0.151929,1.217500,0.310219,0.377270,1400,1400,1400,1400,900,900,900,900,600,90,84,95,95,75,0,0,0,1,100,100,100,100,90
1466084651,1.233750,0.173728,0.213309,1.126250,3.604196,4.058104,0.995000,0.153976,0.152235,1.218750,0.306215,0.372708,1400,1400,1400,1400,2000,2000,2000,2000,600,88,82,93,92,74,0,0,0,0,100,100,100,100,90
1466084652,1.233750,0.174521,0.214542,1.175000,3.703932,4.351025,0.993750,0.153672,0.151929,1.216250,0.311493,0.378176,1400,1400,1400,1400,2000,2000,2000,2000,600,91,84,95,95,75,0,0,0,0,100,99,100,100,90
1466084653,1.235000,0.178486,0.219830,1.180000,4.072736,4.804960,0.993750,0.153520,0.151929,1.215000,0.294749,0.357210,1400,1400,1400,1400,2000,2000,2000,2000,600,88,82,93,92,74,0,0,0,0,100,100,100,100,90
1466084654,1.233750,0.174521,0.214542,1.132500,3.954916,4.475928,0.993750,0.153520,0.151929,1.213750,0.295750,0.357835,1400,1400,1400,1400,2000,2000,2000,2000,600,91,84,95,95,75,1,0,0,0,100,100,100,100,90
1466084655,1.233750,0.175253,0.215775,1.115000,3.504734,3.906960,0.993750,0.153520,0.151929,1.218750,0.314769,0.382452,1400,1400,1400,1400,900,900,900,900,600,89,83,94,94,75,0,0,0,0,100,100,100,100,90
1466084656,1.235000,0.177754,0.218595,1.132500,3.586112,4.059352,0.993750,0.153520,0.151929,1.216250,0.306761,0.372096,1400,1400,1400,1400,2000,2000,2000,2000,600,91,84,95,95,75,0,0,0,0,100,100,100,99,90
1466084657,1.233750,0.174765,0.214542,1.183750,3.871894,4.579393,0.995000,0.153520,0.152235,1.216250,0.304941,0.369664,1400,1400,1400,1400,2000,2000,2000,2000,600,88,82,93,92,74,0,0,0,0,100,100,100,100,90
1466084658,1.235000,0.177266,0.218595,1.161250,4.001770,4.645161,0.995000,0.153976,0.152235,1.216250,0.298480,0.362368,1400,1400,1400,1400,2000,2000,2000,2000,600,91,84,95,95,74,0,0,0,0,100,98,100,100,90
1466084659,1.235000,0.177510,0.218595,1.161250,4.156854,4.825116,0.995000,0.154280,0.153230,1.220000,0.306943,0.373320,1400,1400,1400,1400,900,900,900,900,600,88,82,93,93,75,0,0,0,0,100,100,100,100,90
1466084660,1.235000,0.175009,0.216125,1.123750,3.626664,4.071998,0.995000,0.153672,0.152235,1.221250,0.310492,0.378510,1400,1400,1400,1400,2000,2000,2000,2000,600,91,84,95,95,75,0,0,0,0,100,100,100,99,90
1466084661,1.233750,0.176961,0.217008,1.142500,3.963410,4.525746,0.993750,0.153520,0.151929,1.218750,0.307762,0.373926,1400,1400,1400,1400,900,900,900,900,600,89,83,93,94,75,0,0,1,0,100,100,99,100,90
1466084662,1.235000,0.176473,0.217360,1.132500,3.492130,3.952944,0.993750,0.153672,0.151929,1.218750,0.309946,0.376362,1400,1400,1400,1400,2000,2000,2000,2000,600,89,83,94,93,74,0,0,0,0,100,100,100,100,90
1466084663,1.235000,0.175985,0.216125,1.136250,3.734620,4.241824,0.993750,0.153672,0.151929,1.218750,0.303758,0.369054,1400,1400,1400,1400,900,900,900,900,600,90,84,95,94,75,0,0,0,0,100,99,99,100,90
1466084664,1.235000,0.176717,0.217360,1.177500,4.031910,4.744487,0.993750,0.153672,0.151929,1.222500,0.313222,0.382486,1400,1400,1400,1400,2000,2000,2000,2000,600,90,84,95,94,75,0,0,0,0,100,100,100,100,90
1466084665,1.235000,0.175741,0.216125,1.161250,3.988070,4.630068,0.993750,0.153672,0.151929,1.215000,0.309764,0.375435,1400,1400,1400,1400,2000,2000,2000,2000,600,91,84,95,95,74,0,0,0,0,100,100,100,100,90
1466084666,1.235000,0.174765,0.214890,1.152500,3.529120,4.065408,0.993750,0.153520,0.151929,1.218750,0.304759,0.370272,1400,1400,1400,1400,2000,2000,2000,2000,600,88,82,93,92,75,0,0,0,1,100,100,100,100,90
1466084667,1.233750,0.178974,0.219474,1.162500,4.139866,4.809518,0.995000,0.153672,0.152235,1.217500,0.298935,0.362666,1400,1400,1400,1400,2000,2000,2000,2000,600,91,84,95,95,75,0,1,0,0,100,100,99,100,90
1466084668,1.235000,0.176961,0.217360,1.140000,3.868606,4.409520,0.995000,0.153672,0.152235,1.215000,0.316498,0.383940,1400,1400,1400,1400,2000,2000,2000,2000,600,89,83,93,93,74,0,0,0,0,100,100,100,100,90
1466084669,1.235000,0.177510,0.218595,1.137500,3.793256,4.312641,0.995000,0.153672,0.152235,1.213750,0.303758,0.367539,1400,1400,1400,1400,900,900,900,900,600,90,84,95,95,75,0,0,0,1,100,99,100,99,90
1466084670,1.235000,0.176717,0.217360,1.178750,4.023142,4.739094,0.995000,0.153976,0.152235,1.216250,0.305487,0.370880,1400,1400,1400,1400,2000,2000,2000,2000,600,90,83,94,93,75,0,0,0,0,100,100,100,100,90
1466084671,1.235000,0.175985,0.216125,1.176250,4.047802,4.759272,0.995000,0.153672,0.152235,1.220000,0.307216,0.374540,1400,1400,1400,1400,900,900,900,900,600,89,81,93,93,75,0,0,0,0,100,100,100,94,90
1466084672,1.235000,0.175253,0.216125,1.183750,4.005880,4.737915,0.993750,0.153976,0.151929,1.217500,0.317772,0.385789,1400,1400,1400,1400,2000,2000,2000,2000,600,89,83,94,93,74,0,0,0,0,100,100,100,100,90
1466084673,1.233750,0.173728,0.213309,1.161250,4.050268,4.702050,0.995000,0.153976,0.152235,1.216250,0.309946,0.375744,1400,1400,1400,1400,900,900,900,900,600,90,84,95,96,75,0,0,0,0,99,100,100,99,90
1466084674,1.233750,0.174216,0.214542,1.111250,3.848056,4.275128,0.993750,0.153672,0.151929,1.215000,0.305760,0.370575,1400,1400,1400,1400,2000,2000,2000,2000,600,89,83,93,92,75,0,0,0,0,100,100,100,100,90
1466084675,1.233750,0.172996,0.212076,1.150000,3.746402,4.307900,0.993750,0.153976,0.151929,1.220000,0.311220,0.379420,1400,1400,1400,1400,900,900,900,900,600,90,84,95,95,75,0,1,0,0,100,100,100,100,90
1466084676,1.233750,0.175741,0.215775,1.135000,3.563918,4.044005,0.995000,0.153520,0.152235,1.216250,0.302211,0.367232,1400,1400,1400,1400,2000,2000,2000,2000,600,89,83,94,93,75,1,0,0,0,100,99,100,100,90
1466084677,1.235000,0.176229,0.217360,1.178750,4.027800,4.743806,0.995000,0.153976,0.152235,1.216250,0.314769,0.381824,1400,1400,1400,1400,900,900,900,900,600,90,84,95,95,75,0,0,1,0,100,100,100,100,90
1466084678,1.235000,0.175497,0.216125,1.147500,3.780378,4.335660,0.993750,0.153672,0.151929,1.218750,0.295750,0.359310,1400,1400,1400,1400,2000,2000,2000,2000,600,90,83,94,93,74,0,0,0,0,100,100,100,100,90
1466084679,1.235000,0.172996,0.212420,1.142500,3.825862,4.368150,0.995000,0.153672,0.152235,1.218750,0.298935,0.362964,1400,1400,1400,1400,900,900,900,900,600,89,83,94,94,75,0,0,0,0,100,100,100,100,90
1466084680,1.235000,0.177754,0.218595,1.141250,3.885046,4.432785,0.993750,0.153976,0.151929,1.218750,0.299936,0.364182,1400,1400,1400,1400,2000,2000,2000,2000,600,90,83,94,94,75,1,0,0,0,100,98,100,100,90
1466084681,1.235000,0.178730,0.219830,1.141250,3.757910,4.286737,0.995000,0.153976,0.152235,1.216250,0.318500,0.386688,1400,1400,1400,1400,900,900,900,900,600,89,83,94,94,75,0,0,0,0,100,100,100,100,90
1466084682,1.232500,0.175741,0.215600,1.176250,4.036842,4.746336,0.993750,0.153672,0.151929,1.220000,0.299936,0.364780,1400,1400,1400,1400,2000,2000,2000,2000,600,90,84,95,95,75,0,0,0,0,100,100,99,100,90
1466084683,1.235000,0.176473,0.217360,1.140000,3.866140,4.407240,0.993750,0.153672,0.151929,1.216250,0.303758,0.368448,1400,1400,1400,1400,900,900,900,900,600,89,83,94,94,75,0,0,0,0,100,100,100,100,90
1466084684,1.235000,0.176961,0.217360,1.138750,3.612690,4.110456,0.993750,0.153672,0.151929,1.216250,0.306943,0.372096,1400,1400,1400,1400,2000,2000,2000,2000,600,90,84,95,94,75,0,0,0,0,100,99,100,100,90
1466084685,1.233750,0.174216,0.214542,1.163750,4.013004,4.667119,0.993750,0.153672,0.151929,1.215000,0.306215,0.371790,1400,1400,1400,1400,2000,2000,2000,2000,600,89,83,94,93,75,0,0,0,0,100,100,100,100,90
1466084686,1.235000,0.177510,0.218595,1.186250,3.975740,4.714350,0.993750,0.153672,0.151929,1.216250,0.307762,0.373312,1400,1400,1400,1400,2000,2000,2000,2000,600,88,82,93,92,75,0,0,0,0,100,100,100,100,90
1466084687,1.233750,0.174521,0.214542,1.166250,3.727496,4.345682,0.995000,0.154280,0.153230,1.218750,0.302939,0.367836,1400,1400,1400,1400,900,900,900,900,600,90,84,95,94,75,1,0,0,0,100,100,99,100,90
1466084688,1.235000,0.173484,0.213655,1.161250,4.150826,4.818150,0.993750,0.153976,0.151929,1.220000,0.297206,0.362340,1400,1400,1400,1400,2000,2000,2000,2000,600,89,83,94,93,74,0,0,0,0,99,100,100,100,90
1466084689,1.235000,0.176473,0.217360,1.156250,3.955738,4.571980,0.993750,0.153672,0.151929,1.220000,0.299481,0.364780,1400,1400,1400,1400,900,900,900,900,600,90,84,95,95,75,0,0,0,0,100,99,99,100,90
1466084690,1.233750,0.172996,0.212076,1.117500,3.639816,4.064763,0.993750,0.153976,0.151929,1.215000,0.305942,0.370575,1400,1400,1400,1400,2000,2000,2000,2000,600,89,83,93,93,75,0,0,0,0,100,100,100,100,90
1466084691,1.233750,0.179767,0.220707,1.152500,3.894088,4.485888,0.995000,0.153672,0.152235,1.216250,0.302757,0.367232,1400,1400,1400,1400,2000,2000,2000,2000,600,91,84,95,95,75,0,1,0,0,100,99,100,100,90
1466084692,1.235000,0.177510,0.218595,1.137500,3.482266,3.959034,0.993750,0.153672,0.151929,1.220000,0.303485,0.369660,1400,1400,1400,1400,2000,2000,2000,2000,600,88,82,93,92,75,0,0,0,0,100,100,100,100,90
1466084693,1.233750,0.180499,0.221940,1.110000,4.048898,4.493280,0.993750,0.153976,0.151929,1.220000,0.285194,0.347700,1400,1400,1400,1400,2000,2000,2000,2000,600,91,84,95,95,75,0,0,0,1,99,98,100,100,90
1466084694,1.233750,0.174216,0.214542,1.171250,3.833808,4.488443,0.993750,0.153672,0.151929,1.218750,0.297479,0.361746,1400,1400,1400,1400,2000,2000,2000,2000,600,88,82,93,92,75,0,0,0,0,100,100,100,100,90
1466084695,1.233750,0.182268,0.224406,1.160000,4.099040,4.754840,0.993750,0.153976,0.151929,1.217500,0.302211,0.367534,1400,1400,1400,1400,2000,2000,2000,2000,600,91,84,95,95,75,0,0,1,0,100,99,99,99,90
1466084696,1.235000,0.175741,0.216125,1.185000,3.939572,4.667715,0.993750,0.153672,0.151929,1.220000,0.306488,0.373320,1400,1400,1400,1400,2000,2000,2000,2000,600,88,82,93,92,75,0,0,0,0,100,100,100,100,90
1466084697,1.235000,0.175009,0.216125,1.111250,3.748594,4.164028,0.993750,0.153976,0.151929,1.220000,0.297752,0.362340,1400,1400,1400,1400,900,900,900,900,600,90,84,95,95,75,0,0,0,0,99,100,100,100,90
1466084698,1.235000,0.176961,0.217360,1.178750,3.780378,4.452840,0.993750,0.153672,0.151929,1.215000,0.300482,0.364500,1400,1400,1400,1400,2000,2000,2000,2000,600,89,83,94,93,75,0,0,0,0,100,100,100,100,90
1466084699,1.233750,0.173972,0.213309,1.167500,3.950532,4.609650,0.993750,0.153672,0.151929,1.221250,0.300937,0.366300,1400,1400,1400,1400,900,900,900,900,600,89,83,94,94,75,0,0,0,0,99,100,100,100,90
1466084700,1.235000,0.174765,0.214890,1.110000,3.555972,3.946050,0.993750,0.153520,0.151929,1.216250,0.310947,0.376960,1400,1400,1400,1400,2000,2000,2000,2000,600,90,83,94,94,75,0,1,0,0,100,99,100,100,90
1466084701,1.235000,0.175741,0.216125,1.172500,4.010812,4.699720,0.993750,0.153976,0.151929,1.213750,0.303212,0.367539,1400,1400,1400,1400,900,900,900,900,600,91,85,96,95,75,0,0,0,0,100,100,100,100,90
1466084702,1.233750,0.173972,0.213309,1.141250,4.115754,4.695215,0.993750,0.153672,0.151929,1.217500,0.303212,0.368751,1400,1400,1400,1400,2000,2000,2000,2000,600,88,82,93,92,75,0,0,0,0,100,99,100,100,90
1466084703,1.233750,0.172996,0.212076,1.106250,3.577070,3.956162,0.993750,0.153976,0.151929,1.220000,0.300482,0.366000,1400,1400,1400,1400,2000,900,900,900,600,91,85,96,95,75,0,0,0,0,100,100,100,100,90
1466084704,1.235000,0.175741,0.216125,1.152500,3.795722,4.371840,0.995000,0.153976,0.152235,1.220000,0.304213,0.370880,1400,1400,1400,1400,900,900,900,900,600,88,82,93,93,75,0,0,0,0,100,100,99,100,90
1466084705,1.235000,0.175741,0.216125,1.170000,4.095204,4.791150,0.993750,0.153976,0.151929,1.221250,0.305487,0.372405,1400,1400,1400,1400,2000,2000,2000,2000,600,90,84,95,94,75,0,0,0,0,100,100,100,100,90
1466084706,1.235000,0.180011,0.222300,1.147500,3.581728,4.107407,0.993750,0.153976,0.151929,1.218750,0.297752,0.361746,1400,1400,1400,1400,2000,2000,2000,2000,600,91,84,95,95,75,1,0,0,0,100,99,100,99,90
1466084707,1.235000,0.175741,0.216125,1.167500,3.854084,4.497618,0.993750,0.154280,0.152922,1.218750,0.292019,0.355656,1400,1400,1400,1400,2000,2000,2000,2000,600,89,82,93,92,74,0,0,0,0,100,100,100,100,90
1466084708,1.235000,0.174521,0.214890,1.138750,3.863400,4.396094,0.993750,0.153672,0.151929,1.215000,0.298753,0.362070,1400,1400,1400,1400,2000,2000,2000,2000,600,91,84,95,95,75,0,0,0,0,99,100,100,100,90
1466084709,1.233750,0.175741,0.215775,1.160000,3.984234,4.621440,0.995000,0.153672,0.152235,1.216250,0.304486,0.369664,1400,1400,1400,1400,2000,2000,2000,2000,600,88,82,93,92,75,0,0,0,0,100,100,100,100,90
1466084710,1.235000,0.175741,0.216125,1.116250,3.720646,4.151520,0.995000,0.153976,0.152235,1.220000,0.296205,0.361120,1400,1400,1400,1400,900,900,900,900,600,91,84,96,95,75,0,0,0,0,100,100,99,100,90
1466084711,1.235000,0.175497,0.216125,1.150000,3.953820,4.545950,0.995000,0.153672,0.152235,1.213750,0.309491,0.374817,1400,1400,1400,1400,900,900,900,900,600,88,83,93,93,75,0,1,0,0,100,100,100,100,90
1466084712,1.233750,0.175741,0.215775,1.111250,3.751060,4.167361,0.995000,0.153672,0.152235,1.216250,0.302757,0.367232,1400,1400,1400,1400,2000,2000,2000,2000,600,91,84,95,95,75,0,0,0,0,100,100,100,100,90
1466084713,1.233750,0.176229,0.217008,1.177500,3.800928,4.472600,0.993750,0.153672,0.151929,1.217500,0.301210,0.366317,1400,1400,1400,1400,900,900,900,900,600,88,82,93,92,75,0,0,0,0,99,100,100,99,90
1466084714,1.235000,0.173972,0.213655,1.157500,4.136578,4.785352,0.995000,0.153672,0.152235,1.220000,0.303485,0.369660,1400,1400,1400,1400,2000,2000,2000,2000,600,91,84,95,95,75,0,0,0,0,100,100,100,100,90
1466084715,1.233750,0.174765,0.214542,1.156250,3.964506,4.582384,0.995000,0.153976,0.152235,1.221250,0.296205,0.361416,1400,1400,1400,1400,2000,2000,2000,2000,600,90,83,94,94,74,0,0,0,0,100,100,100,100,90
1466084716,1.235000,0.175985,0.216125,1.142500,4.010538,4.579420,0.995000,0.153976,0.152235,1.216250,0.298753,0.362368,1400,1400,1400,1400,900,900,900,900,600,90,84,95,95,75,0,0,0,0,100,100,100,100,90
1466084717,1.233750,0.173484,0.213309,1.138750,3.539258,4.027382,0.995000,0.154280,0.153230,1.217500,0.286013,0.348062,1400,1400,1400,1400,2000,2000,2000,2000,600,90,84,95,94,74,0,0,0,0,100,100,98,100,90
1466084718,1.233750,0.174521,0.214542,1.185000,4.005606,4.745925,0.995000,0.153976,0.152235,1.211250,0.307762,0.371777,1400,1400,1400,1400,900,900,900,900,600,88,82,93,93,75,0,0,0,0,100,100,100,100,90
1466084719,1.233750,0.180743,0.221940,1.132500,3.848604,4.355936,0.995000,0.154280,0.153230,1.216250,0.304486,0.369664,1400,1400,1400,1400,2000,2000,2000,2000,600,90,84,95,94,74,0,0,0,0,100,99,99,100,90
1466084720,1.233750,0.174216,0.214542,1.113750,3.568850,3.971184,0.995000,0.153976,0.152235,1.216250,0.302939,0.367232,1400,1400,1400,1400,900,900,900,900,600,89,83,94,94,75,0,0,0,0,100,100,100,100,90
1466084721,1.233750,0.176717,0.217008,1.132500,3.660366,4.143120,0.995000,0.154280,0.153230,1.221250,0.304759,0.371184,1400,1400,1400,1400,2000,2000,2000,2000,600,89,83,94,93,75,0,0,0,1,100,100,100,100,90
1466084722,1.235000,0.176961,0.217360,1.157500,3.743388,4.330651,0.995000,0.153976,0.152235,1.216250,0.304941,0.369664,1400,1400,1400,1400,2000,2000,2000,2000,600,91,84,95,95,75,0,0,0,0,100,100,100,100,90
1466084723,1.235000,0.175253,0.216125,1.111250,3.662558,4.068482,0.995000,0.154432,0.153230,1.220000,0.303212,0.369660,1400,1400,1400,1400,2000,2000,2000,2000,600,89,82,94,93,75,0,0,0,1,100,100,100,100,90
1466084724,1.235000,0.175741,0.216125,1.156250,3.891622,4.497996,0.995000,0.153976,0.152235,1.215000,0.306488,0.371790,1400,1400,1400,1400,900,900,900,900,600,90,84,95,95,75,1,0,0,0,99,100,100,99,90
1466084725,1.235000,0.178486,0.219830,1.156250,3.742840,4.325752,0.995000,0.154432,0.153230,1.218750,0.299754,0.364182,1400,1400,1400,1400,2000,2000,2000,2000,600,90,83,94,93,75,0,0,0,0,100,100,100,100,90
1466084726,1.233750,0.175497,0.215775,1.132500,3.892170,4.405744,0.995000,0.154432,0.153230,1.217500,0.285012,0.346845,1400,1400,1400,1400,900,900,900,900,600,88,83,93,93,75,0,0,0,0,100,100,99,99,90
1466084727,1.233750,0.174765,0.214542,1.111250,3.540080,3.932940,0.995000,0.154280,0.153230,1.215000,0.301938,0.365715,1400,1400,1400,1400,2000,2000,2000,2000,600,90,83,94,93,75,0,0,0,0,100,100,100,100,90
1466084728,1.235000,0.182268,0.224770,1.173750,3.774076,4.426902,0.995000,0.154432,0.153230,1.216250,0.292474,0.355072,1400,1400,1400,1400,900,900,900,900,600,90,84,95,95,75,0,0,0,1,100,99,100,100,90
1466084729,1.235000,0.175009,0.216125,1.167500,3.909432,4.561803,0.995000,0.154280,0.153230,1.221250,0.301938,0.367521,1400,1400,1400,1400,2000,2000,2000,2000,600,90,84,95,94,75,0,0,0,0,100,100,100,100,90
1466084730,1.232500,0.176717,0.216832,1.163750,3.996564,4.647348,0.995000,0.154280,0.153230,1.221250,0.296751,0.361416,1400,1400,1400,1400,900,900,900,900,600,90,84,95,94,75,0,0,0,0,100,100,99,99,90
1466084731,1.235000,0.176717,0.217360,1.178750,4.000126,4.712000,0.995000,0.154280,0.153230,1.218750,0.298025,0.362964,1400,1400,1400,1400,2000,2000,2000,2000,600,90,84,94,94,75,0,0,0,0,100,100,100,100,90
1466084732,1.233750,0.175009,0.215775,1.138750,4.107260,4.673766,0.995000,0.154432,0.153230,1.218750,0.304941,0.370272,1400,1400,1400,1400,900,900,900,900,600,90,84,95,95,75,0,1,0,0,100,100,100,100,90
1466084733,1.235000,0.175009,0.216125,1.128750,3.600908,4.060800,0.995000,0.154280,0.153230,1.220000,0.303485,0.369660,1400,1400,1400,1400,2000,2000,2000,2000,600,90,84,95,94,75,0,0,0,1,100,100,100,100,90
1466084734,1.233750,0.175009,0.215775,1.161250,4.180966,4.852980,0.995000,0.154280,0.153230,1.215000,0.300937,0.364500,1400,1400,1400,1400,900,900,900,900,600,88,83,93,93,75,0,0,0,0,100,100,100,100,90
1466084735,1.235000,0.176717,0.217360,1.146250,3.761746,4.310106,0.995000,0.153976,0.152235,1.216250,0.302484,0.367232,1400,1400,1400,1400,2000,2000,2000,2000,600,90,84,95,94,74,0,0,0,0,99,99,100,100,90
1466084736,1.233750,0.177998,0.218241,1.122500,3.654612,4.099788,0.995000,0.153976,0.152235,1.221250,0.308763,0.376068,1400,1400,1400,1400,2000,2000,2000,2000,600,88,82,93,92,75,0,0,0,0,100,100,100,100,90
1466084737,1.235000,0.175741,0.216125,1.157500,3.723112,4.307511,0.995000,0.154280,0.153230,1.217500,0.306488,0.372402,1400,1400,1400,1400,2000,2000,2000,2000,600,91,84,95,95,75,0,0,0,1,100,100,100,99,90
1466084738,1.235000,0.175985,0.216125,1.142500,3.576522,4.083792,0.995000,0.153976,0.152235,1.218750,0.297206,0.361746,1400,1400,1400,1400,2000,2000,2000,2000,600,88,82,93,92,75,0,0,0,0,100,100,100,100,90
1466084739,1.235000,0.180255,0.222300,1.163750,4.169458,4.848547,0.995000,0.154432,0.153230,1.220000,0.305487,0.372100,1400,1400,1400,1400,900,900,900,900,600,90,84,94,94,75,0,0,0,0,100,99,99,99,90
1466084740,1.235000,0.176961,0.217360,1.156250,3.949162,4.565044,0.995000,0.153672,0.152235,1.212500,0.307216,0.372084,1400,1400,1400,1400,900,900,900,900,600,88,82,93,93,75,0,0,0,0,100,100,100,100,90
1466084741,1.235000,0.177266,0.218595,1.170000,3.949162,4.620330,0.995000,0.153976,0.152235,1.213750,0.300209,0.363900,1400,1400,1400,1400,2000,2000,2000,2000,600,90,84,95,94,75,0,0,1,1,100,100,100,100,90
1466084742,1.233750,0.174216,0.214542,1.138750,3.793804,4.316434,0.995000,0.153976,0.152235,1.216250,0.304486,0.369664,1400,1400,1400,1400,900,900,900,900,600,88,82,93,93,75,0,0,0,0,100,100,100,100,90
1466084743,1.235000,0.178974,0.219830,1.136250,3.872990,4.398592,0.995000,0.153672,0.152235,1.222500,0.301938,0.367822,1400,1400,1400,1400,2000,2000,2000,2000,600,91,84,95,95,75,0,0,0,0,100,100,100,100,90
1466084744,1.235000,0.177754,0.218595,1.126250,3.493774,3.933118,0.993750,0.154280,0.152922,1.216250,0.299754,0.363584,1400,1400,1400,1400,900,900,900,900,600,88,83,93,93,75,0,0,0,1,99,100,99,100,90
1466084745,1.235000,0.175741,0.216125,1.166250,3.709138,4.324694,0.995000,0.153976,0.152235,1.217500,0.301756,0.366317,1400,1400,1400,1400,2000,2000,2000,2000,600,90,83,94,94,74,0,0,0,0,100,100,100,100,90
1466084746,1.235000,0.175985,0.216125,1.168750,3.945874,4.607760,0.995000,0.154280,0.153230,1.222500,0.303940,0.370266,1400,1400,1400,1400,900,900,900,900,600,89,83,94,94,75,0,0,0,0,99,100,100,100,90
1466084747,1.233750,0.173972,0.213309,1.175000,4.052734,4.761100,0.995000,0.154432,0.153230,1.221250,0.305760,0.372405,1400,1400,1400,14