Timestamp,A7_Volt,A7_Amp,A7_Watt,A15_Volt,A15_Amp,A15_Watt,GPU_Volt,GPU_Amp,GPU_Watt,Mem_Volt,Mem_Amp,Mem_Watt,CPU0_Freq,CPU1_Freq,CPU2_Freq,CPU3_Freq,CPU4_Freq,CPU5_Freq,CPU6_Freq,CPU7_Freq,GPU_Freq,CPU4_Temp,CPU5_Temp,CPU6_Temp,CPU7_Temp,GPU_Temp,CPU0_USG,CPU1_USG,CPU2_USG,CPU3_USG,CPU4_USG,CPU5_USG,CPU6_USG,CPU7_USG,Fan_Speed_%
1466087134,1.237500,0.113765,0.139781,1.285000,0.860360,1.105100,0.993750,0.105792,0.104265,1.216250,0.015288,0.018240,1400,1400,1400,1400,2000,2000,2000,2000,600,61,57,62,60,55,3,3,3,3,20,15,6,9,0
1466087135,1.237500,0.112972,0.138544,1.285000,0.858442,1.102530,0.993750,0.105184,0.104265,1.216250,0.015015,0.018240,1400,1400,1400,1400,2000,2000,2000,2000,600,61,57,62,59,55,0,0,0,0,0,0,0,0,0
1466087136,1.237500,0.111508,0.137307,1.285000,0.857072,1.101245,0.993750,0.105032,0.104265,1.216250,0.015288,0.018240,1400,1400,1400,1400,2000,2000,2000,2000,600,61,56,62,59,55,0,0,0,0,0,0,0,0,0
1466087137,1.237500,0.111020,0.137307,1.285000,0.854880,1.097390,0.993750,0.104424,0.103272,1.216250,0.015015,0.018240,1400,1400,1400,1400,2000,2000,2000,2000,600,60,56,62,59,55,0,0,0,0,0,0,0,0,0
1466087138,1.237500,0.111752,0.137307,1.283750,0.852688,1.093116,0.993750,0.104272,0.103272,1.216250,0.015288,0.018240,1400,1400,1400,1400,2000,2000,2000,2000,600,60,56,61,59,55,0,0,0,0,0,0,0,0,0
1466087139,1.237500,0.110471,0.136070,1.283750,0.851866,1.091833,0.992500,0.103968,0.102176,1.216250,0.015470,0.018240,1400,1400,1400,1400,2000,2000,2000,2000,600,60,56,61,59,54,0,0,0,0,0,0,0,0,0
1466087140,1.237500,0.111752,0.137307,1.283750,0.850770,1.090550,0.993750,0.103968,0.102279,1.216250,0.015470,0.018240,1400,1400,1400,1400,2000,2000,2000,2000,600,60,56,61,59,54,0,0,0,0,0,0,0,0,0
1466087141,1.237500,0.112484,0.138544,1.283750,0.850496,1.090550,0.993750,0.103664,0.102279,1.216250,0.015470,0.018240,1400,1400,1400,1400,2000,2000,2000,2000,600,60,56,61,59,54,0,0,0,0,0,0,0,0,0
1466087142,1.237500,0.111752,0.137307,1.283750,0.850496,1.090550,0.992500,0.103512,0.102176,1.216250,0.015288,0.018240,1400,1400,1400,1400,2000,2000,2000,2000,600,60,56,61,59,54,0,0,0,0,0,0,0,0,0
1466087143,1.237500,0.111508,0.137307,1.283750,0.849674,1.089267,0.993750,0.103512,0.102279,1.216250,0.015288,0.018240,1400,1400,1400,1400,2000,2000,2000,2000,600,61,57,63,59,54,0,0,0,0,0,0,0,0,0
1466087144,1.236250,0.132736,0.163152,1.305000,4.472502,5.835960,0.993750,0.108680,0.107244,1.222500,0.229957,0.279838,1400,1400,1400,1400,2000,2000,2000,2000,600,79,72,83,82,61,0,0,0,0,80,78,79,82,70
1466087145,1.235000,0.147986,0.181545,1.306250,4.810070,6.281860,0.993750,0.119472,0.118167,1.218750,0.357266,0.434826,1400,1400,1400,1400,2000,2000,2000,2000,600,83,77,89,88,65,0,0,0,0,100,100,100,99,70
1466087146,1.235000,0.154269,0.190190,1.307500,4.842128,6.328494,0.993750,0.128744,0.127104,1.218750,0.304213,0.370272,1400,1400,1400,1400,2000,2000,2000,2000,600,89,81,94,92,68,0,0,0,0,100,100,100,100,70
1466087147,1.235000,0.162748,0.200070,1.307500,4.901312,6.405607,0.995000,0.134976,0.133330,1.220000,0.345982,0.420900,1400,1400,1400,1400,900,900,900,900,600,89,83,95,96,70,0,0,0,0,100,100,100,100,70
1466087148,1.233750,0.166469,0.204678,1.253750,4.479078,5.612187,0.995000,0.138776,0.137310,1.220000,0.357994,0.435540,1400,1400,1400,1400,2000,2000,2000,2000,600,90,83,95,94,71,0,0,0,0,100,100,100,100,70
1466087149,1.235000,0.167506,0.206245,1.230000,4.288100,5.274240,0.995000,0.140752,0.139300,1.218750,0.350987,0.426300,1400,1400,1400,1400,2000,2000,2000,2000,600,90,83,95,95,72,0,0,0,0,100,100,100,100,70
1466087150,1.235000,0.167018,0.206245,1.240000,4.436882,5.500640,0.993750,0.143488,0.141999,1.221250,0.286468,0.349206,1400,1400,1400,1400,2000,2000,2000,2000,600,89,83,94,94,72,0,0,0,0,100,100,100,100,70
1466087151,1.235000,0.170251,0.209950,1.258750,4.431402,5.574198,0.995000,0.145008,0.144275,1.220000,0.336700,0.409920,1400,1400,1400,1400,2000,2000,2000,2000,600,87,81,92,92,73,0,0,1,0,100,100,100,100,70
1466087152,1.235000,0.170007,0.209950,1.208750,3.798736,4.587984,0.995000,0.145464,0.144275,1.218750,0.348712,0.423864,1400,1400,1400,1400,2000,2000,2000,2000,600,90,83,94,94,73,0,0,0,0,100,100,100,100,70
1466087153,1.235000,0.171471,0.211185,1.187500,3.898746,4.626926,0.995000,0.146224,0.145270,1.220000,0.357721,0.435540,1400,1400,1400,1400,2000,2000,2000,2000,600,90,83,95,94,73,0,0,0,0,100,100,100,100,70
1466087154,1.233750,0.171471,0.210843,1.197500,3.946148,4.723362,0.995000,0.147440,0.146265,1.218750,0.349258,0.425082,1400,1400,1400,1400,900,900,900,900,600,90,83,95,95,73,0,0,0,0,100,100,100,100,90
1466087155,1.233750,0.168726,0.207144,1.207500,3.999304,4.826793,0.995000,0.148048,0.147260,1.220000,0.339248,0.413580,1400,1400,1400,1400,2000,2000,2000,2000,600,90,83,94,94,73,0,0,0,0,100,100,100,100,90
1466087156,1.235000,0.172508,0.212420,1.196250,3.873538,4.632108,0.995000,0.148048,0.147260,1.218750,0.333697,0.405594,1400,1400,1400,1400,900,900,900,900,600,89,83,94,94,73,0,0,0,0,100,100,100,100,90
1466087157,1.235000,0.172508,0.212420,1.242500,4.345092,5.396490,0.995000,0.148504,0.147260,1.216250,0.327964,0.397632,1400,1400,1400,1400,2000,2000,2000,2000,600,90,83,95,94,73,0,0,1,0,100,100,100,100,90
1466087158,1.233750,0.171715,0.210843,1.188750,4.019306,4.774572,0.995000,0.148960,0.147260,1.220000,0.355719,0.433100,1400,1400,1400,1400,900,900,900,900,600,89,83,94,94,74,0,0,0,0,100,100,100,100,90
1466087159,1.235000,0.173484,0.213655,1.203750,4.069996,4.895007,0.995000,0.148656,0.147260,1.218750,0.347438,0.422646,1400,1400,1400,1400,2000,2000,2000,2000,600,90,83,95,94,74,0,0,0,0,100,100,100,100,90
1466087160,1.235000,0.172996,0.212420,1.168750,3.823122,4.465264,0.995000,0.149416,0.148255,1.218750,0.294203,0.358092,1400,1400,1400,1400,2000,2000,2000,2000,600,90,83,94,94,74,0,0,0,0,100,100,100,100,90
1466087161,1.235000,0.173728,0.213655,1.203750,3.962314,4.766286,0.995000,0.149264,0.148255,1.218750,0.338247,0.411684,1400,1400,1400,1400,2000,2000,2000,2000,600,91,84,95,95,74,0,0,0,0,100,100,100,100,90
1466087162,1.235000,0.173728,0.213655,1.180000,3.843124,4.534740,0.995000,0.149264,0.148255,1.218750,0.293475,0.356874,1400,1400,1400,1400,2000,2000,2000,2000,600,91,84,95,95,74,0,0,0,0,100,100,100,100,90
1466087164,1.235000,0.174216,0.214890,1.201250,3.917652,4.704317,0.995000,0.149416,0.148255,1.220000,0.335517,0.408700,1400,1400,1400,1400,900,900,900,900,600,91,84,96,95,74,0,0,0,0,100,100,100,100,90
1466087165,1.235000,0.173240,0.213655,1.206250,3.825588,4.612950,0.995000,0.149720,0.148255,1.217500,0.336245,0.408912,1400,1400,1400,1400,2000,2000,2000,2000,600,90,83,94,93,74,0,0,0,0,100,100,100,100,90
1466087166,1.235000,0.174216,0.214890,1.178750,3.968068,4.674304,0.995000,0.150024,0.149250,1.220000,0.353262,0.430660,1400,1400,1400,1400,2000,2000,2000,2000,600,90,83,95,94,74,0,0,0,0,100,100,100,100,90
1466087167,1.235000,0.177266,0.218595,1.166250,3.929434,4.581214,0.995000,0.150480,0.149250,1.218750,0.345436,0.420210,1400,1400,1400,1400,900,900,900,900,600,90,83,95,95,74,0,0,2,0,100,100,100,97,90
1466087168,1.235000,0.172020,0.212420,1.208750,3.924228,4.740192,0.995000,0.150024,0.149250,1.217500,0.309218,0.376053,1400,1400,1400,1400,900,900,900,900,600,90,83,95,94,74,1,0,0,0,100,100,100,100,90
1466087169,1.235000,0.175985,0.216125,1.168750,3.821478,4.462928,0.995000,0.150176,0.149250,1.218750,0.347256,0.422646,1400,1400,1400,1400,2000,2000,2000,2000,600,90,83,95,94,74,0,0,0,0,100,100,100,100,90
1466087170,1.235000,0.173728,0.213655,1.201250,3.861482,4.637061,0.995000,0.150480,0.149250,1.218750,0.287742,0.349566,1400,1400,1400,1400,2000,2000,2000,2000,600,88,82,92,92,74,0,0,0,1,100,100,100,100,90
1466087171,1.233750,0.174521,0.214542,1.208750,3.735990,4.511880,0.995000,0.150480,0.149250,1.220000,0.350987,0.427000,1400,1400,1400,1400,2000,2000,2000,2000,600,90,83,94,94,74,0,0,0,0,100,100,100,100,90
1466087172,1.235000,0.172996,0.212420,1.205000,3.831068,4.616355,0.995000,0.150784,0.149250,1.218750,0.344981,0.418992,1400,1400,1400,1400,2000,2000,2000,2000,600,89,82,93,92,74,0,0,0,0,100,100,100,100,90
1466087173,1.233750,0.173972,0.213309,1.187500,3.831616,4.547397,0.995000,0.150784,0.149250,1.220000,0.272454,0.331840,1400,1400,1400,1400,2000,2000,2000,2000,600,90,83,94,94,74,0,0,0,0,100,100,100,100,90
1466087174,1.235000,0.172996,0.212420,1.178750,3.951902,4.654278,0.995000,0.150480,0.149250,1.218750,0.349258,0.425082,1400,1400,1400,1400,2000,2000,2000,2000,600,91,84,95,95,74,0,0,0,1,100,100,100,100,90
1466087175,1.235000,0.171471,0.211185,1.175000,3.646666,4.284050,0.995000,0.151240,0.150245,1.217500,0.309764,0.376053,1400,1400,1400,1400,2000,2000,2000,2000,600,90,83,95,94,74,0,0,0,0,100,100,100,100,90
1466087176,1.235000,0.175009,0.216125,1.208750,3.719824,4.492552,0.995000,0.151544,0.150245,1.220000,0.332696,0.405040,1400,1400,1400,1400,900,900,900,900,600,90,84,95,95,74,0,0,0,0,100,100,100,100,90
1466087177,1.235000,0.174521,0.214890,1.195000,3.888060,4.646160,0.995000,0.150936,0.149250,1.217500,0.338520,0.411346,1400,1400,1400,1400,2000,2000,2000,2000,600,91,84,95,95,74,0,0,0,0,100,100,100,100,90
1466087178,1.235000,0.171715,0.211185,1.190000,3.902582,4.643380,0.995000,0.151544,0.150245,1.220000,0.352716,0.429440,1400,1400,1400,1400,900,900,900,900,600,88,82,93,93,74,0,0,0,0,100,100,100,100,90
1466087179,1.233750,0.172020,0.212076,1.195000,3.949710,4.719055,0.995000,0.150936,0.149250,1.218750,0.345709,0.420210,1400,1400,1400,1400,900,900,900,900,600,91,84,96,95,74,0,0,0,0,100,100,100,100,90
1466087180,1.235000,0.175009,0.216125,1.232500,4.036020,4.972352,0.995000,0.151544,0.150245,1.221250,0.285194,0.347985,1400,1400,1400,1400,2000,2000,2000,2000,600,90,83,94,93,74,0,0,0,0,100,100,100,100,90
1466087181,1.235000,0.173484,0.213655,1.196250,3.873538,4.632108,0.995000,0.151544,0.150245,1.220000,0.340249,0.414800,1400,1400,1400,1400,2000,2000,2000,2000,600,91,84,95,95,74,0,0,0,1,100,100,100,100,90
1466087182,1.235000,0.172996,0.212420,1.232500,3.810244,4.693920,0.995000,0.151544,0.150245,1.218750,0.303940,0.369054,1400,1400,1400,1400,2000,2000,2000,2000,600,90,83,94,94,74,0,0,0,0,100,100,100,100,90
1466087183,1.235000,0.176229,0.217360,1.193750,3.711604,4.427223,0.995000,0.151544,0.150245,1.220000,0.350987,0.427000,1400,1400,1400,1400,2000,2000,2000,2000,600,91,84,95,95,74,0,0,0,0,100,100,100,100,90
1466087184,1.235000,0.173728,0.213655,1.181250,4.007250,4.732267,0.995000,0.151544,0.150245,1.217500,0.333515,0.405261,1400,1400,1400,1400,2000,2000,2000,2000,600,91,84,95,95,74,0,0,0,0,100,100,100,100,90
1466087185,1.233750,0.175009,0.215775,1.208750,3.643104,4.400744,0.995000,0.151696,0.150245,1.220000,0.349713,0.425780,1400,1400,1400,1400,2000,2000,2000,2000,600,90,84,95,94,74,0,0,0,0,100,100,100,100,90
1466087186,1.235000,0.174216,0.214890,1.200000,3.904500,4.684800,0.995000,0.151696,0.150245,1.218750,0.348712,0.423864,1400,1400,1400,1400,2000,2000,2000,2000,600,90,83,94,93,74,0,0,0,0,100,100,100,100,90
1466087187,1.233750,0.170739,0.209610,1.141250,3.851618,4.393991,0.995000,0.151696,0.150245,1.220000,0.311220,0.379420,1400,1400,1400,1400,900,900,900,900,600,88,82,93,93,74,0,0,0,0,100,100,100,100,90
1466087188,1.235000,0.174521,0.214890,1.208750,3.967246,4.792136,0.995000,0.151696,0.150245,1.220000,0.347438,0.423340,1400,1400,1400,1400,2000,2000,2000,2000,600,90,83,94,93,74,0,0,0,0,100,100,100,100,90
1466087189,1.235000,0.173728,0.213655,1.181250,3.692424,4.360252,0.995000,0.151544,0.150245,1.220000,0.282737,0.344040,1400,1400,1400,1400,2000,2000,2000,2000,600,89,83,94,93,74,0,0,0,0,100,100,100,100,90
1466087190,1.235000,0.173728,0.213655,1.173750,3.653242,4.284969,0.995000,0.152304,0.151240,1.220000,0.352261,0.429440,1400,1400,1400,1400,2000,2000,2000,2000,600,89,83,93,92,74,0,0,0,0,100,100,100,100,90
1466087191,1.235000,0.175497,0.216125,1.181250,4.074380,4.811394,0.995000,0.152000,0.151240,1.218750,0.345254,0.420210,1400,1400,1400,1400,2000,2000,2000,2000,600,88,82,93,92,74,0,0,0,0,100,100,100,100,90
1466087192,1.235000,0.171715,0.211185,1.163750,3.513502,4.085619,0.995000,0.151696,0.150245,1.220000,0.291746,0.355020,1400,1400,1400,1400,2000,2000,2000,2000,600,91,84,96,95,74,0,0,0,0,100,99,100,100,90
1466087193,1.235000,0.173484,0.213655,1.173750,4.139044,4.855047,0.995000,0.151696,0.150245,1.221250,0.332696,0.405372,1400,1400,1400,1400,900,900,900,900,600,89,83,94,94,74,0,0,0,0,100,100,100,100,90
1466087194,1.233750,0.171227,0.210843,1.203750,3.867784,4.652001,0.993750,0.151544,0.149943,1.220000,0.293475,0.357460,1400,1400,1400,1400,2000,2000,2000,2000,600,91,84,95,95,74,0,0,0,0,100,100,100,100,90
1466087195,1.235000,0.174216,0.214890,1.207500,3.865866,4.665055,0.995000,0.152000,0.151240,1.220000,0.333242,0.406260,1400,1400,1400,1400,2000,2000,2000,2000,600,90,83,95,94,74,0,0,0,0,100,100,100,100,90
1466087196,1.235000,0.174765,0.214890,1.181250,4.050542,4.783050,0.995000,0.152000,0.151240,1.218750,0.337246,0.410466,1400,1400,1400,1400,900,900,900,900,600,88,82,93,93,74,0,0,0,0,100,100,100,100,90
1466087197,1.235000,0.176229,0.217360,1.191250,3.858468,4.594878,0.995000,0.152304,0.151240,1.220000,0.350441,0.427000,1400,1400,1400,1400,900,900,900,900,600,89,83,93,93,74,0,0,0,0,100,100,100,100,90
1466087198,1.235000,0.176229,0.217360,1.161250,3.872442,4.495392,0.995000,0.151696,0.150245,1.218750,0.348257,0.423864,1400,1400,1400,1400,900,900,900,900,600,88,82,93,92,74,0,0,0,0,100,100,100,100,90
1466087199,1.233750,0.173728,0.213309,1.152500,3.625020,4.176000,0.995000,0.152000,0.151240,1.220000,0.309764,0.376980,1400,1400,1400,1400,2000,2000,2000,2000,600,91,84,95,95,74,0,0,0,0,100,100,100,100,90
1466087200,1.235000,0.174521,0.214890,1.140000,3.595976,4.098300,0.995000,0.152304,0.151240,1.220000,0.340704,0.414800,1400,1400,1400,1400,2000,2000,2000,2000,600,91,84,95,94,74,0,0,0,0,100,100,100,100,90
1466087201,1.235000,0.174765,0.214890,1.207500,4.120960,4.972840,0.995000,0.152304,0.151240,1.217500,0.331240,0.402827,1400,1400,1400,1400,900,900,900,900,600,89,83,94,94,74,0,0,0,0,100,100,100,100,90
1466087202,1.235000,0.174765,0.214890,1.181250,3.913542,4.621253,0.995000,0.152760,0.151240,1.220000,0.352443,0.429440,1400,1400,1400,1400,2000,2000,2000,2000,600,91,84,95,95,74,0,0,0,0,100,100,100,100,90
1466087203,1.235000,0.175497,0.216125,1.176250,3.713522,4.366488,0.995000,0.152304,0.151240,1.218750,0.345436,0.420210,1400,1400,1400,1400,900,900,900,900,600,91,84,96,95,74,0,0,0,0,100,100,100,100,90
1466087204,1.235000,0.173728,0.213655,1.193750,3.853536,4.596629,0.993750,0.152304,0.150936,1.220000,0.350441,0.427000,1400,1400,1400,1400,2000,2000,2000,2000,600,89,82,93,92,74,0,0,0,0,100,100,100,100,90
1466087205,1.233750,0.175497,0.215775,1.167500,3.708042,4.327236,0.993750,0.152304,0.150936,1.218750,0.351715,0.427518,1400,1400,1400,1400,2000,2000,2000,2000,600,89,82,93,92,74,0,0,0,0,100,100,100,100,90
1466087206,1.233750,0.171227,0.210843,1.211250,4.085066,4.946935,0.995000,0.152456,0.151240,1.220000,0.286013,0.348920,1400,1400,1400,1400,2000,2000,2000,2000,600,90,84,94,94,74,0,0,0,0,100,100,100,100,90
1466087207,1.235000,0.178242,0.219830,1.172500,3.612690,4.233264,0.993750,0.152760,0.150936,1.220000,0.349713,0.425780,1400,1400,1400,1400,900,900,900,900,600,89,83,94,94,74,0,0,0,0,100,100,100,100,90
1466087208,1.233750,0.175009,0.215775,1.182500,3.953820,4.672446,0.995000,0.152304,0.151240,1.217500,0.333515,0.405261,1400,1400,1400,1400,2000,2000,2000,2000,600,89,82,93,92,74,0,0,0,0,100,100,100,100,90
1466087209,1.233750,0.172996,0.212076,1.188750,3.995194,4.746060,0.993750,0.152456,0.150936,1.220000,0.339248,0.413580,1400,1400,1400,1400,900,900,900,900,600,88,82,93,93,74,1,0,0,0,100,100,100,100,90
1466087210,1.235000,0.175741,0.216125,1.148750,3.571042,4.099508,0.995000,0.152456,0.151240,1.220000,0.338702,0.412360,1400,1400,1400,1400,2000,2000,2000,2000,600,88,82,92,92,74,0,0,0,0,100,100,100,100,90
1466087211,1.233750,0.172264,0.212076,1.170000,3.841206,4.493970,0.995000,0.152912,0.151240,1.218750,0.326690,0.397068,1400,1400,1400,1400,2000,2000,2000,2000,600,91,84,95,95,74,0,0,0,0,100,100,100,100,90
1466087212,1.233750,0.175253,0.215775,1.198750,3.989714,4.778822,0.995000,0.153216,0.152235,1.220000,0.337246,0.411140,1400,1400,1400,1400,900,900,900,900,600,89,83,94,94,74,0,0,0,0,100,100,100,100,90
1466087213,1.235000,0.175009,0.216125,1.197500,3.933270,4.707801,0.995000,0.152760,0.151240,1.218750,0.335972,0.408030,1400,1400,1400,1400,2000,2000,2000,2000,600,89,83,94,93,74,0,0,0,0,100,100,100,100,90
1466087214,1.233750,0.174216,0.214542,1.182500,3.900938,4.609800,0.995000,0.152912,0.151240,1.220000,0.341705,0.416020,1400,1400,1400,1400,2000,2000,2000,2000,600,89,83,94,93,74,0,0,0,0,100,100,100,100,90
1466087215,1.235000,0.177998,0.218595,1.200000,3.901486,4.681200,0.995000,0.152760,0.151240,1.217500,0.321685,0.390657,1400,1400,1400,1400,2000,2000,2000,2000,600,91,84,95,94,74,0,0,0,1,100,100,100,100,90
1466087216,1.235000,0.176961,0.217360,1.148750,3.580358,4.109840,0.995000,0.152760,0.151240,1.220000,0.349713,0.425780,1400,1400,1400,1400,900,900,900,900,600,89,83,94,93,74,0,0,0,0,100,100,100,100,90
1466087217,1.233750,0.176717,0.217008,1.182500,4.053008,4.790646,0.995000,0.152912,0.151240,1.218750,0.346710,0.421428,1400,1400,1400,1400,2000,2000,2000,2000,600,91,84,95,95,74,0,0,0,0,100,100,100,100,90
1466087218,1.235000,0.171471,0.211185,1.141250,3.478978,3.968398,0.995000,0.152912,0.151240,1.220000,0.274274,0.334280,1400,1400,1400,1400,2000,2000,2000,2000,600,91,84,95,94,74,0,0,0,0,100,100,100,100,90
1466087219,1.235000,0.175985,0.216125,1.135000,3.579262,4.062165,0.995000,0.152912,0.151240,1.220000,0.337246,0.411140,1400,1400,1400,1400,900,900,900,900,600,91,84,96,95,74,0,0,0,0,100,100,100,100,90
1466087220,1.235000,0.173972,0.213655,1.198750,3.898198,4.669804,0.995000,0.152760,0.151240,1.217500,0.334516,0.406478,1400,1400,1400,1400,900,900,900,900,600,90,84,95,95,74,0,0,0,0,100,100,100,100,90
1466087221,1.235000,0.175497,0.216125,1.195000,3.828602,4.574460,0.995000,0.152760,0.151240,1.220000,0.340977,0.414800,1400,1400,1400,1400,2000,2000,2000,2000,600,91,84,95,95,75,0,0,0,0,100,100,100,100,90
1466087222,1.235000,0.177510,0.218595,1.158750,3.777638,4.373766,0.995000,0.152912,0.151240,1.220000,0.337519,0.411140,1400,1400,1400,1400,2000,2000,2000,2000,600,89,83,93,93,74,0,0,0,0,100,100,100,100,90
1466087223,1.233750,0.173728,0.213309,1.232500,4.149730,5.111568,0.995000,0.152912,0.151240,1.218750,0.337701,0.410466,1400,1400,1400,1400,2000,2000,2000,2000,600,88,82,93,92,74,0,0,0,0,100,100,100,100,90
1466087224,1.235000,0.173972,0.213655,1.191250,3.986152,4.747326,0.995000,0.153216,0.152235,1.218750,0.343980,0.417774,1400,1400,1400,1400,2000,2000,2000,2000,600,90,83,94,93,74,0,0,0,0,100,100,100,100,90
1466087225,1.232500,0.173484,0.213136,1.155000,3.478978,4.017090,0.995000,0.153216,0.152235,1.218750,0.265265,0.322770,1400,1400,1400,1400,900,900,900,900,600,90,84,95,95,75,0,0,0,0,100,100,100,100,90
1466087226,1.235000,0.173972,0.213655,1.190000,3.696260,4.398240,0.995000,0.153216,0.152235,1.220000,0.337519,0.411140,1400,1400,1400,1400,2000,2000,2000,2000,600,89,82,93,92,75,0,0,0,0,100,100,100,100,90
1466087227,1.235000,0.174765,0.214890,1.172500,3.757910,4.403204,0.995000,0.153216,0.152235,1.218750,0.343252,0.417774,1400,1400,1400,1400,2000,2000,2000,2000,600,91,84,95,95,74,0,0,0,0,100,100,100,100,90
1466087228,1.235000,0.176717,0.217360,1.180000,3.885594,4.584300,0.995000,0.153216,0.152235,1.220000,0.352443,0.429440,1400,1400,1400,1400,900,900,900,900,600,91,84,95,95,75,0,0,0,0,100,100,100,100,90
1466087229,1.233750,0.176229,0.217008,1.170000,3.751882,4.388670,0.995000,0.152912,0.151240,1.217500,0.332514,0.404044,1400,1400,1400,1400,900,900,900,900,600,89,83,94,94,75,0,0,0,0,100,100,100,100,90
1466087230,1.233750,0.176717,0.217008,1.182500,3.936832,4.652352,0.995000,0.153216,0.152235,1.220000,0.351988,0.428220,1400,1400,1400,1400,2000,2000,2000,2000,600,90,84,94,94,74,0,0,0,0,100,100,100,100,90
1466087231,1.235000,0.175741,0.216125,1.185000,3.956286,4.687860,0.995000,0.153520,0.152235,1.218750,0.339976,0.412902,1400,1400,1400,1400,900,900,900,2000,600,88,82,93,92,75,0,0,0,0,100,100,100,100,90
1466087232,1.233750,0.172264,0.212076,1.206250,4.020950,4.848120,0.995000,0.153216,0.152235,1.217500,0.316225,0.384572,1400,1400,1400,1400,900,900,900,900,600,89,83,94,94,75,0,0,0,0,100,100,100,100,90
1466087233,1.235000,0.174521,0.214890,1.163750,3.655708,4.250765,0.995000,0.153216,0.152235,1.220000,0.350441,0.427000,1400,1400,1400,1400,2000,2000,2000,2000,600,90,83,94,93,74,0,0,0,0,100,100,100,100,90
1466087234,1.235000,0.175497,0.216125,1.195000,3.952450,4.722640,0.995000,0.153520,0.152235,1.220000,0.288743,0.351360,1400,1400,1400,1400,2000,2000,2000,2000,600,89,83,93,92,74,0,0,0,0,100,100,100,100,90
1466087235,1.233750,0.174765,0.214542,1.208750,3.730236,4.505840,0.995000,0.153520,0.152235,1.220000,0.348985,0.424560,1400,1400,1400,1400,2000,2000,2000,2000,600,91,84,95,94,74,0,0,0,0,100,100,100,100,90
1466087236,1.233750,0.174765,0.214542,1.161250,3.683382,4.275963,0.993750,0.153216,0.151929,1.218750,0.345436,0.420210,1400,1400,1400,1400,2000,2000,2000,2000,600,90,83,94,93,74,0,0,0,0,100,100,100,100,90
1466087237,1.233750,0.174216,0.214542,1.182500,3.554602,4.200828,0.995000,0.153672,0.152235,1.220000,0.287014,0.350140,1400,1400,1400,1400,900,900,900,900,600,89,83,93,93,74,0,0,0,0,100,100,100,100,90
1466087238,1.235000,0.176229,0.217360,1.161250,3.804216,4.416444,0.995000,0.153672,0.152235,1.220000,0.333697,0.406260,1400,1400,1400,1400,2000,2000,2000,2000,600,91,84,96,95,74,0,0,0,0,100,100,100,100,90
1466087239,1.235000,0.173972,0.213655,1.166250,3.735990,4.355010,0.995000,0.153520,0.152235,1.220000,0.291200,0.355020,1400,1400,1400,1400,2000,2000,2000,2000,600,91,84,95,94,74,0,0,0,0,100,100,100,100,90
1466087240,1.235000,0.175741,0.216125,1.183750,3.747772,4.432701,0.995000,0.153672,0.152235,1.220000,0.348712,0.424560,1400,1400,1400,1400,900,900,900,900,600,90,84,95,95,75,0,0,0,0,100,100,100,100,90
1466087241,1.233750,0.173728,0.213309,1.188750,4.058762,4.820904,0.995000,0.153520,0.152235,1.217500,0.337519,0.410129,1400,1400,1400,1400,2000,2000,2000,2000,600,91,84,95,95,75,0,0,0,0,100,100,100,100,90
1466087242,1.235000,0.176717,0.217360,1.186250,3.839562,4.553054,0.995000,0.153672,0.152235,1.220000,0.353990,0.430660,1400,1400,1400,1400,900,900,900,900,600,89,83,93,93,75,0,0,0,0,100,100,100,100,90
1466087243,1.235000,0.177510,0.218595,1.195000,3.881210,4.637795,0.995000,0.153520,0.152235,1.218750,0.347256,0.422646,1400,1400,1400,1400,900,900,900,900,600,89,83,94,94,75,0,0,0,0,100,100,100,100,90
1466087244,1.233750,0.173484,0.213309,1.156250,3.743388,4.326908,0.995000,0.153672,0.152235,1.220000,0.327236,0.398940,1400,1400,1400,1400,2000,2000,2000,2000,600,90,84,95,94,74,0,0,0,0,100,100,100,100,90
1466087245,1.235000,0.175985,0.216125,1.160000,3.860112,4.477600,0.995000,0.153672,0.152235,1.218750,0.332241,0.404376,1400,1400,1400,1400,2000,2000,2000,2000,600,88,82,93,92,74,0,0,0,0,100,100,100,100,90
1466087246,1.235000,0.176473,0.217360,1.153750,3.681738,4.244193,0.995000,0.153672,0.152235,1.218750,0.338702,0.411684,1400,1400,1400,1400,900,900,900,900,600,90,84,95,94,75,0,0,1,0,100,100,100,100,90
1466087247,1.235000,0.174765,0.214890,1.193750,3.832164,4.571576,0.995000,0.153672,0.152235,1.220000,0.340522,0.414800,1400,1400,1400,1400,900,900,900,900,600,88,83,93,93,75,0,0,0,0,100,99,100,100,90
1466087248,1.233750,0.173484,0.213309,1.127500,3.553780,4.004231,0.995000,0.153520,0.152235,1.218750,0.339521,0.412902,1400,1400,1400,1400,900,900,900,900,600,88,82,93,93,75,0,0,0,0,100,100,100,100,90
1466087249,1.235000,0.176961,0.217360,1.177500,3.919844,4.612663,0.995000,0.153672,0.152235,1.220000,0.352261,0.429440,1400,1400,1400,1400,900,900,900,900,600,91,84,96,94,74,0,0,0,0,100,100,100,100,90
1466087250,1.235000,0.175985,0.216125,1.195000,3.950532,4.720250,0.995000,0.153672,0.152235,1.218750,0.349713,0.425082,1400,1400,1400,1400,2000,2000,2000,2000,600,90,83,94,93,75,0,0,0,0,100,100,100,100,90
1466087251,1.233750,0.171471,0.210843,1.170000,3.978206,4.654260,0.995000,0.153672,0.152235,1.220000,0.265720,0.323300,1400,1400,1400,1400,900,900,900,900,600,89,83,94,94,75,0,0,1,0,100,100,100,100,90
1466087252,1.235000,0.177510,0.218595,1.145000,3.468566,3.970860,0.995000,0.154280,0.153230,1.220000,0.341250,0.416020,1400,1400,1400,1400,2000,2000,2000,2000,600,91,84,95,94,75,0,0,0,0,100,100,100,100,90
1466087253,1.235000,0.175985,0.216125,1.197500,3.772158,4.515084,0.995000,0.153672,0.152235,1.218750,0.344708,0.418992,1400,1400,1400,1400,900,900,2000,2000,600,88,82,93,92,75,0,0,1,0,100,100,100,100,90
1466087254,1.233750,0.175741,0.215775,1.208750,3.808600,4.600064,0.995000,0.153672,0.152235,1.220000,0.335972,0.408700,1400,1400,1400,1400,2000,2000,2000,2000,600,90,83,94,94,75,0,0,0,0,100,100,100,100,90
1466087255,1.235000,0.175253,0.216125,1.146250,3.632692,4.162272,0.995000,0.153520,0.152235,1.217500,0.328692,0.399176,1400,1400,1400,1400,2000,2000,2000,2000,600,91,84,95,94,75,0,0,1,0,100,100,100,100,90
1466087256,1.233750,0.175009,0.215775,1.168750,3.520078,4.111360,0.993750,0.153672,0.151929,1.220000,0.350259,0.427000,1400,1400,1400,1400,2000,2000,2000,2000,600,89,83,94,93,75,0,0,0,0,100,100,100,100,90
1466087257,1.235000,0.176717,0.217360,1.151250,3.788324,4.359988,0.993750,0.153520,0.151929,1.218750,0.338975,0.411684,1400,1400,1400,1400,900,900,900,900,600,90,84,95,95,75,0,0,0,0,100,100,100,100,90
1466087258,1.235000,0.173972,0.213655,1.141250,3.664202,4.180624,0.993750,0.153520,0.151929,1.218750,0.308490,0.375144,1400,1400,1400,1400,2000,2000,2000,2000,600,90,83,94,93,74,0,0,0,0,100,100,100,100,90
1466087259,1.233750,0.174521,0.214542,1.152500,3.768322,4.340736,0.993750,0.153216,0.151929,1.220000,0.341705,0.416020,1400,1400,1400,1400,2000,2000,2000,2000,600,91,85,95,95,75,0,0,0,0,100,100,100,100,90
1466087260,1.233750,0.175009,0.215775,1.167500,3.598990,4.198866,0.993750,0.153672,0.151929,1.220000,0.282737,0.344040,1400,1400,1400,1400,2000,2000,2000,2000,600,91,84,95,95,75,0,0,0,0,100,100,100,100,90
1466087261,1.235000,0.177510,0.218595,1.198750,3.801750,4.553598,0.995000,0.154280,0.153230,1.220000,0.345982,0.420900,1400,1400,1400,1400,900,900,900,900,600,90,84,95,94,75,0,0,0,0,100,100,100,100,90
1466087262,1.233750,0.176717,0.217008,1.160000,3.559808,4.128440,0.993750,0.153520,0.151929,1.218750,0.347438,0.422646,1400,1400,1400,1400,900,900,900,900,600,90,84,95,95,75,0,0,0,0,100,100,100,100,90
1466087263,1.233750,0.172264,0.212076,1.187500,4.007798,4.756309,0.993750,0.153672,0.151929,1.220000,0.302757,0.368440,1400,1400,1400,1400,2000,2000,2000,2000,600,90,83,94,94,75,0,0,0,0,100,100,100,100,90
1466087264,1.235000,0.177754,0.218595,1.197500,3.948614,4.725756,0.993750,0.153976,0.151929,1.218750,0.346983,0.421428,1400,1400,1400,1400,900,900,900,900,600,91,84,96,95,75,0,0,0,0,100,100,100,100,90
1466087265,1.233750,0.173484,0.213309,1.168750,3.711330,4.334448,0.993750,0.153672,0.151929,1.218750,0.277004,0.337386,1400,1400,1400,1400,2000,2000,2000,2000,600,91,84,95,94,75,0,0,0,0,100,100,100,100,90
1466087266,1.235000,0.175009,0.216125,1.143750,3.455414,3.949065,0.993750,0.153976,0.151929,1.220000,0.348439,0.424560,1400,1400,1400,1400,900,900,900,900,600,88,82,93,93,75,0,0,0,0,100,100,100,100,90
1466087267,1.235000,0.177998,0.218595,1.188750,3.759554,4.465692,0.993750,0.153520,0.151929,1.217500,0.341705,0.414997,1400,1400,1400,1400,2000,2000,2000,2000,600,91,84,95,94,75,0,0,0,0,100,100,100,100,90
1466087268,1.233750,0.177266,0.218241,1.198750,3.811066,4.565578,0.993750,0.153672,0.151929,1.220000,0.347984,0.423340,1400,1400,1400,1400,2000,2000,2000,2000,600,88,83,93,93,75,0,0,0,0,100,100,100,100,90
1466087269,1.235000,0.176717,0.217360,1.136250,3.555424,4.038480,0.993750,0.153976,0.151929,1.218750,0.343980,0.417774,1400,1400,1400,1400,2000,2000,2000,2000,600,89,83,93,92,75,0,0,0,0,100,100,100,100,90
1466087270,1.235000,0.178242,0.219830,1.161250,3.476786,4.035636,0.993750,0.153672,0.151929,1.220000,0.338247,0.412360,1400,1400,1400,1400,900,900,900,900,600,92,85,96,95,75,0,0,1,0,100,100,100,100,90
1466087271,1.235000,0.176961,0.217360,1.177500,3.655982,4.301935,0.993750,0.153976,0.151929,1.220000,0.335517,0.408700,1400,1400,1400,1400,2000,2000,2000,2000,600,89,83,94,93,75,0,0,0,0,100,100,100,100,90
1466087272,1.233750,0.170739,0.209610,1.172500,3.953820,4.632916,0.993750,0.153672,0.151929,1.217500,0.332514,0.404044,1400,1400,1400,1400,2000,2000,2000,2000,600,91,84,95,95,75,0,0,0,0,100,100,100,100,90
1466087273,1.233750,0.175253,0.215775,1.148750,3.515420,4.035220,0.993750,0.153672,0.151929,1.220000,0.335517,0.408700,1400,1400,1400,1400,2000,2000,2000,2000,600,89,83,94,93,75,0,0,0,0,100,100,100,100,90
1466087274,1.233750,0.173484,0.213309,1.171250,3.881758,4.544651,0.993750,0.153672,0.151929,1.218750,0.303940,0.369054,1400,1400,1400,1400,2000,2000,2000,2000,600,90,84,95,94,75,0,0,1,0,100,100,100,100,90
1466087275,1.235000,0.176717,0.217360,1.145000,3.560630,4.076200,0.993750,0.153976,0.151929,1.220000,0.347256,0.423340,1400,1400,1400,1400,900,900,900,900,600,90,84,94,94,75,0,0,0,0,100,100,100,100,90
1466087276,1.235000,0.177754,0.218595,1.170000,3.783392,4.426110,0.995000,0.153976,0.152235,1.218750,0.341250,0.415338,1400,1400,1400,1400,2000,2000,2000,2000,600,91,84,95,94,75,0,0,1,0,100,100,100,100,90
1466087277,1.235000,0.175253,0.216125,1.148750,3.892718,4.468016,0.995000,0.153976,0.152235,1.220000,0.274001,0.334280,1400,1400,1400,1400,900,900,900,900,600,88,82,93,93,75,0,0,0,0,100,100,100,100,90
1466087278,1.233750,0.173972,0.213309,1.183750,3.419246,4.044677,0.995000,0.153976,0.152235,1.218750,0.329693,0.400722,1400,1400,1400,1400,2000,2000,2000,2000,600,91,84,95,95,75,0,0,0,0,100,100,100,100,90
1466087279,1.233750,0.174216,0.214542,1.158750,3.559808,4.121322,0.995000,0.154280,0.153230,1.218750,0.300209,0.365400,1400,1400,1400,1400,2000,2000,2000,2000,600,90,84,94,94,75,0,0,1,0,100,100,100,100,90
1466087280,1.233750,0.175253,0.215775,1.191250,3.881484,4.622271,0.995000,0.154432,0.153230,1.220000,0.333970,0.406260,1400,1400,1400,1400,2000,2000,2000,2000,600,89,83,93,92,75,0,0,0,0,100,100,100,100,90
1466087281,1.233750,0.175985,0.215775,1.206250,3.786406,4.565916,0.995000,0.153976,0.152235,1.217500,0.335517,0.407695,1400,1400,1400,1400,2000,2000,2000,2000,600,91,84,95,95,75,0,0,0,0,100,100,100,100,90
1466087282,1.235000,0.177754,0.218595,1.140000,3.551314,4.048140,0.995000,0.154280,0.153230,1.218750,0.349258,0.425082,1400,1400,1400,1400,2000,2000,2000,2000,600,88,83,93,93,75,0,0,0,0,100,100,100,100,90
1466087283,1.235000,0.176717,0.217360,1.197500,3.950258,4.728150,0.995000,0.153672,0.152235,1.218750,0.347256,0.422646,1400,1400,1400,1400,900,900,900,900,600,89,83,94,93,75,0,0,0,0,100,100,100,100,90
1466087284,1.233750,0.173240,0.213309,1.182500,3.727770,4.405314,0.995000,0.153976,0.152235,1.218750,0.319228,0.388542,1400,1400,1400,1400,2000,2000,2000,2000,600,90,83,95,94,75,0,0,0,0,100,100,100,100,90
1466087285,1.235000,0.176961,0.217360,1.157500,3.662558,4.236934,0.995000,0.153976,0.152235,1.218750,0.334516,0.406812,1400,1400,1400,1400,900,900,900,900,600,90,84,94,94,75,0,0,0,0,100,100,100,100,90
1466087286,1.235000,0.173972,0.213655,1.193750,3.945326,4.706385,0.995000,0.154280,0.153230,1.220000,0.260715,0.317200,1400,1400,1400,1400,900,900,900,900,600,91,85,96,95,75,0,0,0,0,100,100,100,100,90
1466087287,1.235000,0.177266,0.218595,1.193750,3.767774,4.494031,0.995000,0.154432,0.153230,1.220000,0.339703,0.413580,1400,1400,1400,1400,900,900,900,900,600,88,82,93,93,75,0,0,0,0,100,100,100,100,90
1466087288,1.235000,0.176229,0.217360,1.143750,3.766130,4.304538,0.995000,0.154280,0.153230,1.220000,0.335517,0.408700,1400,1400,1400,1400,900,900,900,900,600,88,82,93,93,75,0,0,0,0,100,100,100,100,90
1466087289,1.233750,0.176717,0.217008,1.147500,3.499802,4.013353,0.995000,0.154432,0.153230,1.220000,0.351260,0.428220,1400,1400,1400,1400,900,900,900,900,600,92,84,96,94,75,0,0,0,0,100,100,100,100,90
1466087290,1.233750,0.175009,0.215775,1.177500,3.751882,4.414927,0.995000,0.154432,0.153230,1.220000,0.347984,0.423340,1400,1400,1400,1400,900,900,900,900,600,88,83,93,92,75,0,0,0,0,100,99,100,100,90
1466087291,1.235000,0.174216,0.214890,1.146250,3.891896,4.459086,0.995000,0.154280,0.153230,1.218750,0.265447,0.322770,1400,1400,1400,1400,900,900,900,900,600,90,84,95,94,75,0,0,0,0,100,100,100,100,90
1466087292,1.235000,0.176717,0.217360,1.162500,3.795996,4.409790,0.995000,0.154736,0.153230,1.220000,0.342706,0.417240,1400,1400,1400,1400,2000,2000,2000,2000,600,90,83,94,93,75,0,0,0,0,100,100,100,100,90
1466087293,1.233750,0.174521,0.214542,1.178750,3.994920,4.704932,0.995000,0.154432,0.153230,1.217500,0.323960,0.393091,1400,1400,1400,1400,2000,2000,2000,2000,600,90,83,93,93,75,0,0,0,0,100,100,100,100,90
1466087294,1.235000,0.175985,0.216125,1.208750,3.894636,4.703952,0.995000,0.154432,0.153230,1.218750,0.334516,0.406812,1400,1400,1400,1400,2000,2000,2000,2000,600,91,84,95,95,75,0,0,0,0,100,100,100,100,90
1466087295,1.233750,0.176473,0.217008,1.162500,4.045062,4.700290,0.995000,0.154432,0.153230,1.217500,0.330694,0.401610,1400,1400,1400,1400,2000,2000,2000,2000,600,90,83,94,93,75,0,0,0,0,100,100,99,100,90
1466087296,1.233750,0.175253,0.215775,1.146250,3.552958,4.070592,0.995000,0.154736,0.153230,1.220000,0.350987,0.427000,1400,1400,1400,1400,2000,2000,2000,2000,600,89,83,93,92,75,0,0,0,0,100,100,100,100,90
1466087297,1.235000,0.177754,0.218595,1.160000,3.896828,4.519360,0.995000,0.154432,0.153230,1.218750,0.345709,0.420210,1400,1400,1400,1400,900,900,900,900,600,90,84,95,95,75,0,0,0,1,100,100,100,100,90
1466087298,1.235000,0.175741,0.216125,1.161250,3.879566,4.503519,0.995000,0.154280,0.153230,1.217500,0.315952,0.383355,1400,1400,1400,1400,2000,2000,2000,2000,600,89,83,93,93,75,0,0,0,0,100,100,100,100,90
1466087299,1.235000,0.176473,0.217360,1.178750,3.728318,4.391584,0.995000,0.154736,0.153230,1.220000,0.335517,0.408700,1400,1400,1400,1400,900,900,900,900,600,89,83,93,93,75,0,0,0,0,100,100,100,100,90
1466087300,1.235000,0.175253,0.216125,1.172500,3.749142,4.393828,0.995000,0.154432,0.153230,1.220000,0.289744,0.352580,1400,1400,1400,1400,900,900,900,900,600,90,84,94,94,75,0,0,0,0,100,100,100,100,90
1466087301,1.235000,0.175985,0.216125,1.157500,3.388284,3.919916,0.995000,0.155040,0.154225,1.220000,0.350987,0.427000,1400,1400,1400,1400,900,900,900,900,600,88,82,93,93,75,0,0,0,0,100,100,100,100,90
1466087302,1.233750,0.175009,0.215775,1.163750,3.766130,4.379858,0.995000,0.154432,0.153230,1.218750,0.344708,0.418992,1400,1400,1400,1400,900,900,900,900,600,89,83,93,93,75,0,0,0,0,100,100,100,100,90
1466087303,1.232500,0.173728,0.213136,1.183750,3.701466,4.378283,0.995000,0.154432,0.153230,1.220000,0.293202,0.357460,1400,1400,1400,1400,2000,2000,2000,2000,600,90,83,94,94,75,0,0,0,0,100,100,100,100,90
1466087304,1.233750,0.175741,0.215775,1.186250,4.040404,4.791440,0.995000,0.154736,0.153230,1.220000,0.345709,0.420900,1400,1400,1400,1400,2000,2000,2000,2000,600,90,84,94,93,75,0,0,0,0,100,100,100,100,90
1466087305,1.233750,0.173484,0.213309,1.136250,3.558712,4.041888,0.995000,0.155040,0.154225,1.218750,0.284466,0.345912,1400,1400,1400,1400,2000,2000,2000,2000,600,91,84,95,95,75,0,0,0,0,100,100,100,100,90
1466087306,1.235000,0.176473,0.217360,1.220000,3.874086,4.726280,0.995000,0.154432,0.153230,1.218750,0.333970,0.405594,1400,1400,1400,1400,2000,2000,2000,2000,600,91,84,95,94,75,0,0,0,0,100,100,100,100,90
1466087307,1.235000,0.175985,0.216125,1.168750,3.712152,4.335616,0.995000,0.154432,0.153230,1.218750,0.337974,0.410466,1400,1400,1400,1400,900,900,900,900,600,90,84,94,94,75,0,0,0,0,100,100,100,100,90
1466087308,1.235000,0.175985,0.216125,1.140000,3.590496,4.092600,0.995000,0.154432,0.153230,1.218750,0.351260,0.427518,1400,1400,1400,1400,2000,2000,2000,2000,600,88,82,93,92,75,0,0,0,0,100,100,100,100,90
1466087309,1.233750,0.175985,0.215775,1.140000,3.899842,4.444860,0.995000,0.154280,0.153230,1.218750,0.337519,0.410466,1400,1400,1400,1400,2000,2000,2000,2000,600,90,83,94,93,75,0,0,1,0,100,100,100,100,90
1466087310,1.235000,0.176717,0.217360,1.208750,3.722838,4.496176,0.995000,0.155040,0.154225,1.220000,0.338520,0.412360,1400,1400,1400,1400,2000,2000,2000,2000,600,91,84,95,94,75,0,0,0,0,100,100,100,100,90
1466087311,1.235000,0.176473,0.217360,1.152500,3.782022,4.356864,0.995000,0.155040,0.154225,1.218750,0.332969,0.404376,1400,1400,1400,1400,2000,2000,2000,2000,600,91,84,95,94,75,0,0,0,0,100,100,100,100,90
1466087312,1.233750,0.174765,0.214542,1.158750,3.810792,4.411980,0.993750,0.154432,0.152922,1.221250,0.333242,0.406593,1400,1400,1400,1400,900,900,900,900,600,91,85,96,95,75,0,0,0,0,100,100,100,100,90
1466087313,1.235000,0.175985,0.216125,1.186250,3.905596,4.631330,0.993750,0.154432,0.152922,1.220000,0.330967,0.402600,1400,1400,1400,1400,2000,2000,2000,2000,600,91,84,95,94,75,0,0,0,0,100,100,100,100,90
1466087314,1.233750,0.176229,0.217008,1.190000,4.012182,4.774280,0.993750,0.154736,0.152922,1.218750,0.302939,0.367836,1400,1400,1400,1400,900,900,2000,2000,600,88,83,93,92,75,0,0,0,0,100,100,100,100,90
1466087315,1.235000,0.176473,0.217360,1.131250,3.701466,4.185831,0.993750,0.154280,0.152922,1.220000,0.348257,0.424560,1400,1400,1400,1400,2000,2000,2000,2000,600,90,84,95,94,75,0,0,0,0,100,100,100,100,90
1466087316,1.235000,0.175497,0.216125,1.132500,3.798736,4.299336,0.995000,0.154432,0.153230,1.218750,0.344253,0.418992,1400,1400,1400,1400,2000,2000,2000,2000,600,90,83,94,93,75,0,0,0,0,100,100,100,100,90
1466087317,1.233750,0.173972,0.213309,1.167500,3.906418,4.558302,0.995000,0.154736,0.153230,1.220000,0.275275,0.335500,1400,1400,1400,1400,2000,2000,2000,2000,600,91,84,95,94,75,0,0,0,0,100,100,100,100,90
1466087318,1.233750,0.176229,0.217008,1.141250,3.623102,4.133843,0.995000,0.154736,0.153230,1.220000,0.330694,0.402600,1400,1400,1400,1400,900,900,900,900,600,91,85,96,95,75,0,0,0,0,100,100,100,100,90
1466087319,1.233750,0.175009,0.215775,1.135000,3.671874,4.166585,0.995000,0.154736,0.153230,1.220000,0.325234,0.396500,1400,1400,1400,1400,900,900,900,900,600,88,82,93,93,75,1,0,0,0,100,100,100,100,90
1466087320,1.235000,0.175741,0.216125,1.208750,3.743114,4.521544,0.995000,0.154736,0.153230,1.220000,0.333697,0.406260,1400,1400,1400,1400,2000,2000,2000,2000,600,91,84,95,95,75,0,0,0,0,100,100,100,100,90
1466087321,1.235000,0.179462,0.221065,1.196250,4.052734,4.846192,0.995000,0.154432,0.153230,1.217500,0.339521,0.412563,1400,1400,1400,1400,2000,2000,2000,2000,600,88,82,93,92,75,0,0,0,0,100,100,100,100,90
1466087322,1.235000,0.178974,0.219830,1.195000,3.748868,4.478860,0.993750,0.154432,0.152922,1.220000,0.348985,0.424560,1400,1400,1400,1400,2000,2000,2000,2000,600,91,84,95,94,75,0,0,0,0,100,100,100,100,90
1466087323,1.233750,0.175497,0.215775,1.152500,3.538710,4.075776,0.995000,0.154736,0.153230,1.218750,0.349440,0.425082,1400,1400,1400,1400,900,900,900,900,600,91,84,96,94,75,0,0,0,1,100,100,100,100,90
1466087324,1.235000,0.176961,0.217360,1.183750,3.854084,4.559282,0.995000,0.155040,0.154225,1.220000,0.323960,0.394060,1400,1400,1400,1400,900,900,900,900,600,89,83,94,94,75,0,0,0,0,100,100,100,100,90
1466087325,1.235000,0.177998,0.218595,1.197500,3.952450,4.730544,0.995000,0.155192,0.154225,1.220000,0.331513,0.403820,1400,1400,1400,1400,900,900,900,900,600,89,83,94,94,75,0,0,0,0,100,100,100,100,90
1466087326,1.235000,0.173972,0.213655,1.173750,3.911350,4.587603,0.995000,0.155040,0.154225,1.220000,0.256256,0.312320,1400,1400,1400,1400,2000,2000,2000,2000,600,88,82,93,92,75,0,0,0,0,100,100,100,100,90
1466087327,1.235000,0.176473,0.217360,1.181250,3.738730,4.414578,0.995000,0.154280,0.153230,1.220000,0.337701,0.411140,1400,1400,1400,1400,2000,2000,2000,2000,600,91,84,95,95,75,0,0,0,0,100,100,100,100,90
1466087328,1.235000,0.178730,0.219830,1.181250,3.922584,4.631882,0.995000,0.154736,0.153230,1.218750,0.339976,0.412902,1400,1400,1400,1400,2000,2000,2000,2000,600,90,83,94,93,75,0,0,0,0,100,100,100,100,90
1466087329,1.232500,0.176717,0.216832,1.187500,3.895184,4.623365,0.995000,0.155040,0.154225,1.220000,0.347256,0.423340,1400,1400,1400,1400,900,900,900,900,600,90,84,94,94,75,0,0,0,0,100,100,100,100,90
1466087330,1.235000,0.178486,0.219830,1.166250,3.914090,4.563724,0.995000,0.154736,0.153230,1.218750,0.349713,0.425082,1400,1400,1400,1400,2000,2000,2000,2000,600,91,84,95,94,75,0,0,0,0,100,100,100,100,90
1466087331,1.235000,0.176473,0.217360,1.162500,3.829972,4.449298,0.995000,0.154736,0.153230,1.220000,0.265993,0.323300,1400,1400,1400,1400,900,900,900,900,600,89,83,93,93,75,0,0,0,0,100,100,100,100,90
1466087332,1.235000,0.175741,0.216125,1.195000,3.881210,4.637795,0.995000,0.154736,0.153230,1.218750,0.346983,0.421428,1400,1400,1400,1400,900,900,900,900,600,91,84,96,95,75,0,0,0,0,100,100,100,100,90
1466087333,1.235000,0.176229,0.217360,1.151250,3.712700,4.272512,0.995000,0.154736,0.153230,1.218750,0.300937,0.365400,1400,1400,1400,1400,2000,2000,2000,2000,600,90,84,94,94,75,0,0,0,0,100,100,100,100,90
1466087334,1.233750,0.173484,0.213309,1.172500,3.537340,4.145364,0.995000,0.154736,0.153230,1.220000,0.342251,0.417240,1400,1400,1400,1400,2000,2000,2000,2000,600,88,82,93,92,75,0,0,0,1,100,100,100,100,90
1466087335,1.235000,0.175253,0.216125,1.208750,3.602826,4.351216,0.995000,0.154736,0.153230,1.218750,0.332969,0.404376,1400,1400,1400,1400,2000,2000,2000,2000,600,92,84,95,95,75,0,0,0,0,100,100,100,100,90
1466087336,1.235000,0.176961,0.217360,1.185000,3.834082,4.543290,0.995000,0.155040,0.154225,1.220000,0.347438,0.423340,1400,1400,1400,1400,2000,2000,2000,2000,600,88,82,93,92,75,0,0,0,0,100,100,100,100,90
1466087337,1.235000,0.176473,0.217360,1.160000,3.704206,4.296640,0.995000,0.155040,0.154225,1.218750,0.346437,0.421428,1400,1400,1400,1400,900,900,900,900,600,89,83,94,93,75,0,0,0,0,100,100,100,100,90
1466087338,1.233750,0.173972,0.213309,1.191250,3.640090,4.335240,0.995000,0.154736,0.153230,1.218750,0.300755,0.365400,1400,1400,1400,1400,2000,2000,2000,2000,600,90,84,95,94,75,0,0,0,0,100,100,100,100,90
1466087339,1.235000,0.179218,0.221065,1.185000,4.040678,4.787400,0.995000,0.154432,0.153230,1.218750,0.343252,0.417774,1400,1400,1400,1400,2000,2000,2000,2000,600,91,84,95,94,75,0,0,0,0,100,100,100,100,90
1466087340,1.235000,0.175497,0.216125,1.191250,4.039856,4.810449,0.995000,0.154736,0.153230,1.221250,0.268268,0.327228,1400,1400,1400,1400,900,900,900,900,600,90,84,95,95,75,0,0,0,0,100,100,100,100,90
1466087341,1.233750,0.175497,0.215775,1.200000,3.794626,4.552800,0.995000,0.154736,0.153230,1.220000,0.347984,0.423340,1400,1400,1400,1400,2000,2000,2000,2000,600,91,84,95,94,75,0,0,0,0,100,100,100,100,90
1466087342,1.235000,0.176961,0.217360,1.190000,3.994646,4.752860,0.995000,0.154280,0.153230,1.220000,0.343252,0.418460,1400,1400,1400,1400,900,900,900,900,600,89,83,93,93,75,0,0,0,0,100,100,100,100,90
1466087343,1.233750,0.175253,0.215775,1.192500,3.769144,4.492648,0.993750,0.154432,0.152922,1.220000,0.324233,0.395280,1400,1400,1400,1400,2000,2000,2000,2000,600,90,83,95,93,75,0,0,0,0,100,100,100,100,90
1466087344,1.233750,0.175985,0.215775,1.187500,3.995468,4.742065,0.993750,0.154736,0.152922,1.218750,0.348985,0.423864,1400,1400,1400,1400,2000,2000,2000,2000,600,91,84,95,94,75,0,0,0,0,100,100,100,100,90
1466087345,1.233750,0.176961,0.217008,1.200000,3.977658,4.772400,0.995000,0.154736,0.153230,1.220000,0.347438,0.423340,1400,1400,1400,1400,900,900,900,900,600,90,84,94,94,75,0,0,0,0,100,100,100,100,90
1466087346,1.235000,0.176229,0.217360,1.163750,3.959848,4.604317,0.995000,0.154432,0.153230,1.218750,0.342706,0.416556,1400,1400,1400,1400,2000,2000,2000,2000,600,91,84,95,94,75,0,0,0,0,100,100,100,100,90
1466087347,1.235000,0.176229,0.217360,1.160000,3.620088,4.199200,0.995000,0.154736,0.153230,1.217500,0.321685,0.390657,1400,1400,1400,1400,900,900,900,900,600,88,83,93,93,75,0,0,0,0,100,100,100,100,90
1466087348,1.235000,0.175985,0.216125,1.192500,3.861756,4.602312,0.995000,0.154432,0.153230,1.220000,0.350987,0.427000,1400,1400,1400,1400,2000,2000,2000,2000,600,91,84,95,95,75,0,0,0,0,100,100,100,100,90
1466087349,1.235000,0.175253,0.216125,1.167500,3.692424,4.308564,0.993750,0.154432,0.152922,1.217500,0.329966,0.400393,1400,1400,1400,1400,2000,2000,2000,2000,600,88,82,93,92,75,0,0,0,0,100,100,100,100,90
1466087350,1.235000,0.177266,0.218595,1.198750,3.755992,4.498490,0.993750,0.154432,0.152922,1.220000,0.352261,0.429440,1400,1400,1400,1400,900,900,900,900,600,89,83,93,93,75,0,0,0,0,100,100,100,100,90
1466087351,1.235000,0.178242,0.219830,1.157500,3.839836,4.441723,0.993750,0.154432,0.152922,1.218750,0.341978,0.415338,1400,1400,1400,1400,2000,2000,2000,2000,600,91,84,95,94,75,0,0,0,0,100,100,100,100,90
1466087352,1.233750,0.174216,0.214542,1.170000,3.585838,4.194450,0.993750,0.154736,0.152922,1.220000,0.289198,0.352580,1400,1400,1400,1400,900,900,900,900,600,89,83,94,93,75,0,0,0,0,100,100,100,100,90
1466087353,1.233750,0.175253,0.215775,1.196250,3.810244,4.556760,0.995000,0.154432,0.153230,1.220000,0.331240,0.403820,1400,1400,1400,1400,2000,2000,2000,2000,600,91,84,95,94,75,0,0,0,0,100,100,100,100,90
1466087354,1.235000,0.177510,0.218595,1.188750,3.742566,4.445496,0.995000,0.154432,0.153230,1.220000,0.282009,0.344040,1400,1400,1400,1400,2000,2000,2000,2000,600,90,83,94,93,75,0,0,1,0,100,100,100,100,90
1466087355,1.233750,0.175741,0.215775,1.170000,3.495418,4.089150,0.995000,0.154736,0.153230,1.220000,0.349713,0.425780,1400,1400,1400,1400,2000,2000,2000,2000,600,90,84,94,94,75,0,0,0,0,100,100,100,100,90
1466087356,1.233750,0.175985,0.215775,1.188750,3.968068,4.713984,0.995000,0.154432,0.153230,1.218750,0.348257,0.423864,1400,1400,1400,1400,2000,2000,2000,2000,600,91,84,95,94,75,0,0,0,0,100,100,100,100,90
1466087357,1.233750,0.177510,0.218241,1.192500,3.629130,4.325768,0.995000,0.154736,0.153230,1.220000,0.305760,0.372100,1400,1400,1400,1400,2000,2000,2000,2000,600,88,83,93,92,75,0,0,0,0,100,100,100,100,90
1466087358,1.235000,0.178486,0.219830,1.145000,3.740100,4.282300,0.995000,0.154432,0.153230,1.218750,0.345254,0.420210,1400,1400,1400,1400,2000,2000,2000,2000,600,91,84,95,95,75,0,0,0,0,100,100,100,100,90
1466087359,1.233750,0.172264,0.212076,1.186250,3.820382,4.530520,0.995000,0.155040,0.154225,1.220000,0.341978,0.416020,1400,1400,1400,1400,2000,2000,2000,2000,600,89,83,93,93,75,0,0,0,0,100,100,100,100,90
1466087360,1.233750,0.178974,0.219474,1.166250,3.989440,4.651174,0.995000,0.154736,0.153230,1.218750,0.336518,0.409248,1400,1400,1400,1400,2000,2000,2000,2000,600,91,84,95,95,75,0,0,0,0,100,100,100,100,90
1466087361,1.233750,0.175741,0.215775,1.191250,4.023416,4.791393,0.995000,0.154432,0.153230,1.217500,0.326235,0.396742,1400,1400,1400,1400,900,900,900,900,600,88,82,93,93,75,0,0,0,0,100,100,100,100,90
1466087362,1.233750,0.175985,0.215775,1.182500,3.933270,4.648806,0.995000,0.154736,0.153230,1.220000,0.350987,0.427000,1400,1400,1400,1400,900,900,900,900,600,89,83,93,93,75,0,0,0,0,100,100,100,100,90
1466087363,1.235000,0.176473,0.217360,1.191250,3.682560,4.385262,0.995000,0.155040,0.154225,1.218750,0.345436,0.420210,1400,1400,1400,1400,2000,2000,2000,2000,600,91,84,95,94,75,0,0,0,0,100,100,100,100,90
1466087364,1.235000,0.177266,0.218595,1.170000,3.561726,4.166370,0.995000,0.154432,0.153230,1.220000,0.348439,0.424560,1400,1400,1400,1400,2000,2000,2000,2000,600,89,83,93,92,75,0,0,0,0,100,100,100,100,90
1466087365,1.235000,0.175497,0.216125,1.132500,3.736538,4.229152,0.995000,0.154736,0.153230,1.218750,0.346437,0.421428,1400,1400,1400,1400,900,900,900,900,600,90,84,95,94,75,0,0,0,0,100,100,100,100,90
1466087366,1.235000,0.175985,0.216125,1.150000,3.834904,4.409100,0.995000,0.154736,0.153230,1.220000,0.285740,0.347700,1400,1400,1400,1400,2000,2000,2000,2000,600,89,83,94,93,75,0,0,0,0,100,100,100,100,90
1466087367,1.235000,0.178242,0.219830,1.177500,3.823122,4.499671,0.995000,0.154736,0.153230,1.220000,0.334971,0.407480,1400,1400,1400,1400,900,900,900,900,600,89,83,94,94,75,0,0,0,0,100,100,100,100,90
1466087368,1.235000,0.174765,0.214890,1.181250,3.763390,4.444103,0.995000,0.155192,0.154225,1.217500,0.330512,0.401610,1400,1400,1400,1400,2000,2000,2000,2000,600,91,84,95,94,75,0,0,0,0,100,100,100,100,90
1466087369,1.235000,0.177266,0.218595,1.158750,3.842302,4.449036,0.995000,0.155040,0.154225,1.220000,0.351260,0.428220,1400,1400,1400,1400,900,900,900,900,600,91,84,95,95,75,0,0,0,0,100,100,100,100,90
1466087370,1.235000,0.176717,0.217360,1.161250,3.638446,4.223718,0.995000,0.154736,0.153230,1.218750,0.347438,0.422646,1400,1400,1400,1400,900,900,900,900,600,89,83,94,93,75,0,0,0,0,100,100,100,100,90
1466087371,1.235000,0.175741,0.216125,1.165000,3.853810,4.488745,0.995000,0.155040,0.154225,1.220000,0.348257,0.424560,1400,1400,1400,1400,2000,2000,2000,2000,600,90,83,94,93,75,0,0,0,0,100,100,100,100,90
1466087372,1.235000,0.176717,0.217360,1.166250,3.734894,4.353844,0.995000,0.155192,0.154225,1.220000,0.348257,0.424560,1400,1400,1400,1400,2000,2000,2000,2000,600,90,83,94,93,75,0,0,0,0,99,100,100,100,90
1466087373,1.235000,0.175985,0.216125,1.132500,3.373214,3.818236,0.995000,0.155192,0.154225,1.220000,0.283465,0.345260,1400,1400,1400,1400,2000,2000,2000,2000,600,91,84,95,95,75,0,0,0,0,100,100,100,100,90
1466087374,1.235000,0.175253,0.216125,1.162500,3.797092,4.412114,0.995000,0.154736,0.153230,1.218750,0.331513,0.403158,1400,1400,1400,1400,2000,2000,2000,2000,600,90,83,94,93,75,0,0,0,0,100,100,100,100,90
1466087375,1.233750,0.189222,0.233037,1.188750,3.864496,4.590432,0.995000,0.154736,0.153230,1.217500,0.342433,0.416214,1400,1400,1400,1400,2000,2000,2000,2000,600,91,84,95,95,75,0,0,0,1,100,100,100,100,90
1466087376,1.235000,0.177998,0.218595,1.191250,3.861208,4.598451,0.995000,0.155040,0.154225,1.220000,0.349440,0.425780,1400,1400,1400,1400,900,900,900,900,600,90,83,94,94,75,0,0,0,0,100,100,100,100,90
1466087377,1.233750,0.176717,0.217008,1.168750,3.488842,4.073984,0.995000,0.155192,0.154225,1.218750,0.344981,0.418992,1400,1400,1400,1400,900,900,900,900,600,89,84,94,94,75,0,0,0,0,100,100,100,100,90
1466087378,1.233750,0.173484,0.213309,1.142500,3.461990,3.952462,0.995000,0.155192,0.154225,1.218750,0.341250,0.415338,1400,1400,1400,1400,2000,2000,2000,2000,600,90,83,94,94,75,0,0,2,0,100,100,96,100,90
1466087379,1.233750,0.177998,0.218241,1.196250,3.809970,4.555564,0.995000,0.154736,0.153230,1.218750,0.343252,0.417774,1400,1400,1400,1400,2000,2000,2000,2000,600,91,84,95,95,75,0,0,0,0,100,100,100,100,90
1466087380,1.233750,0.173484,0.213309,1.165000,3.643926,4.244095,0.995000,0.155192,0.154225,1.218750,0.278733,0.338604,1400,1400,1400,1400,2000,2000,2000,2000,600,91,84,95,94,75,0,0,0,0,100,100,100,100,90
1466087381,1.235000,0.178242,0.219830,1.128750,3.578988,4.035984,0.995000,0.155040,0.154225,1.218750,0.336700,0.409248,1400,1400,1400,1400,900,900,900,900,600,89,83,93,93,75,1,0,0,0,100,99,100,100,90
1466087382,1.235000,0.177266,0.218595,1.198750,3.894636,4.665012,0.995000,0.154736,0.153230,1.217500,0.337246,0.410129,1400,1400,1400,1400,2000,2000,2000,2000,600,91,84,95,95,75,0,0,0,0,100,100,100,99,90
1466087383,1.235000,0.177998,0.218595,1.197500,3.812436,4.562964,0.995000,0.155040,0.154225,1.220000,0.356447,0.434320,1400,1400,1400,1400,900,900,900,900,600,91,84,95,95,75,0,0,0,0,100,100,100,98,90
1466087384,1.235000,0.178974,0.219830,1.182500,3.725578,4.402950,0.995000,0.155040,0.154225,1.217500,0.336700,0.408912,1400,1400,1400,1400,900,900,900,900,600,88,83,93,93,75,0,0,0,0,100,100,100,100,90
1466087385,1.233750,0.177266,0.218241,1.182500,3.532956,4.174824,0.995000,0.155192,0.154225,1.220000,0.355719,0.433100,1400,1400,1400,1400,2000,2000,2000,2000,600,90,83,94,93,75,0,0,0,0,100,100,100,100,90
1466087386,1.235000,0.176717,0.217360,1.171250,3.762020,4.405302,0.995000,0.154736,0.153230,1.218750,0.344708,0.418992,1400,1400,1400,1400,2000,2000,2000,2000,600,90,83,94,93,75,0,0,0,0,100,100,100,100,90
1466087387,1.235000,0.175253,0.216125,1.177500,3.947518,4.645619,0.995000,0.155496,0.154225,1.220000,0.279734,0.340380,1400,1400,1400,1400,2000,2000,2000,2000,600,91,84,95,94,75,0,0,0,0,100,100,100,100,90
1466087388,1.235000,0.178730,0.219830,1.168750,3.685848,4.304080,0.995000,0.155040,0.154225,1.220000,0.356265,0.434320,1400,1400,1400,1400,2000,2000,2000,2000,600,91,84,95,94,75,0,0,0,0,100,100,100,100,90
1466087389,1.233750,0.177510,0.218241,1.185000,3.792160,4.493520,0.995000,0.155040,0.154225,1.217500,0.332514,0.404044,1400,1400,1400,1400,900,900,900,900,600,90,84,94,94,75,0,0,0,0,100,100,100,100,90
1466087390,1.235000,0.179462,0.221065,1.186250,3.840932,4.554240,0.995000,0.154736,0.153230,1.220000,0.353717,0.430660,1400,1400,1400,1400,2000,2000,2000,2000,600,91,84,95,94,75,0,0,0,1,100,100,100,100,90
1466087391,1.235000,0.178486,0.219830,1.170000,3.705302,4.334850,0.995000,0.155040,0.154225,1.218750,0.341978,0.415338,1400,1400,1400,1400,2000,2000,2000,2000,600,89,83,93,92,75,0,0,0,0,100,100,100,100,90
1466087392,1.233750,0.174521,0.214542,1.180000,3.894910,4.594920,0.995000,0.155192,0.154225,1.220000,0.341432,0.416020,1400,1400,1400,1400,2000,2000,2000,2000,600,90,84,95,94,75,0,0,0,0,100,100,100,100,90
1466087393,1.233750,0.175253,0.215775,1.165000,4.017936,4.679805,0.995000,0.155040,0.154225,1.218750,0.336518,0.409248,1400,1400,1400,1400,2000,2000,2000,2000,600,90,84,95,94,75,0,0,0,0,100,100,100,100,90
1466087394,1.232500,0.173484,0.213136,1.167500,3.788872,4.420596,0.995000,0.155192,0.154225,1.220000,0.268450,0.326960,1400,1400,1400,1400,2000,2000,2000,2000,600,91,85,95,95,75,0,0,0,0,100,100,100,100,90
1466087395,1.235000,0.175741,0.216125,1.137500,3.822848,4.345614,0.995000,0.155192,0.154225,1.220000,0.336245,0.409920,1400,1400,1400,1400,2000,2000,2000,2000,600,91,84,95,94,75,0,0,0,0,100,100,100,100,90
1466087396,1.233750,0.176473,0.217008,1.182500,3.589948,4.242198,0.995000,0.155040,0.154225,1.218750,0.330694,0.401940,1400,1400,1400,1400,900,900,900,900,600,89,83,94,94,75,0,0,0,0,100,100,100,100,90
1466087397,1.235000,0.177754,0.218595,1.183750,3.906144,4.620798,0.995000,0.155040,0.154225,1.220000,0.356447,0.434320,1400,1400,1400,1400,2000,2000,2000,2000,600,89,83,93,93,75,0,0,0,1,100,100,100,100,90
1466087398,1.235000,0.176961,0.217360,1.183750,3.861756,4.567563,0.995000,0.155496,0.154225,1.218750,0.343707,0.417774,1400,1400,1400,1400,2000,2000,2000,2000,600,88,82,93,92,75,0,0,0,0,100,100,100,100,90
1466087399,1.233750,0.177266,0.218241,1.171250,4.005606,4.689855,0.995000,0.155496,0.154225,1.220000,0.347984,0.423340,1400,1400,1400,1400,2000,2000,2000,2000,600,90,84,95,94,75,0,0,0,0,100,100,100,100,90
1466087400,1.235000,0.178486,0.219830,1.158750,3.687492,4.269546,0.995000,0.155496,0.154225,1.218750,0.342433,0.416556,1400,1400,1400,1400,2000,2000,2000,2000,600,90,84,95,94,75,0,0,0,0,100,100,100,100,90
1466087401,1.233750,0.175253,0.215775,1.150000,3.705028,4.260750,0.995000,0.155192,0.154225,1.220000,0.275002,0.335500,1400,1400,1400,1400,900,900,900,900,600,91,84,96,95,75,0,0,0,0,100,100,100,100,90
1466087402,1.233750,0.176717,0.217008,1.165000,3.944230,4.594760,0.995000,0.155192,0.154225,1.220000,0.353717,0.430660,1400,1400,1400,1400,2000,2000,2000,2000,600,91,84,95,94,75,0,0,0,0,100,100,100,100,90
1466087403,1.235000,0.178486,0.219830,1.208750,3.751060,4.531208,0.995000,0.154736,0.153230,1.218750,0.341250,0.415338,1400,1400,1400,1400,900,900,900,900,600,89,83,94,94,75,0,0,0,0,100,100,100,100,90
1466087404,1.235000,0.176717,0.217360,1.157500,3.336498,3.859752,0.995000,0.155192,0.154225,1.220000,0.345436,0.420900,1400,1400,1400,1400,900,900,900,900,600,89,83,93,92,75,0,0,0,0,100,100,100,100,90
1466087405,1.233750,0.176229,0.217008,1.155000,3.485280,4.025175,0.995000,0.155192,0.154225,1.218750,0.336518,0.409248,1400,1400,1400,1400,2000,2000,2000,2000,600,88,82,93,92,75,0,0,0,0,100,100,100,100,90
1466087406,1.233750,0.177266,0.218241,1.172500,3.749964,4.393828,0.995000,0.155040,0.154225,1.220000,0.342433,0.417240,1400,1400,1400,1400,2000,2000,2000,2000,600,90,83,94,93,75,0,0,0,0,100,100,100,100,90
1466087407,1.233750,0.176717,0.217008,1.152500,3.547204,4.086144,0.995000,0.155040,0.154225,1.218750,0.342979,0.416556,1400,1400,1400,1400,2000,2000,2000,2000,600,90,84,94,94,75,0,0,0,0,100,99,100,100,90
1466087408,1.233750,0.174521,0.214542,1.185000,3.779282,4.478115,0.995000,0.155040,0.154225,1.218750,0.319228,0.388542,1400,1400,1400,1400,900,900,900,900,600,91,85,96,95,75,0,0,0,0,100,100,100,100,90
1466087409,1.233750,0.175741,0.215775,1.128750,3.517064,3.967176,0.995000,0.155040,0.154225,1.220000,0.339521,0.413580,1400,1400,1400,1400,2000,2000,2000,2000,600,91,84,95,95,75,0,0,0,0,100,100,100,100,90
1466087410,1.235000,0.174765,0.214890,1.156250,3.617074,4.181252,0.995000,0.155040,0.154225,1.220000,0.289016,0.352580,1400,1400,1400,1400,900,900,900,900,600,89,83,94,93,75,0,0,0,0,100,100,100,100,90
1466087411,1.235000,0.179218,0.221065,1.156250,3.743388,4.326908,0.995000,0.155192,0.154225,1.220000,0.355446,0.433100,1400,1400,1400,1400,2000,2000,2000,2000,600,90,83,93,92,75,0,0,0,0,100,100,100,100,90
1466087412,1.235000,0.177998,0.218595,1.147500,3.338416,3.828686,0.995000,0.155040,0.154225,1.218750,0.344981,0.418992,1400,1400,1400,1400,2000,2000,2000,2000,600,89,83,93,93,75,0,0,0,0,100,100,100,100,90
1466087413,1.235000,0.175985,0.216125,1.197500,3.780926,4.524660,0.995000,0.155496,0.154225,1.220000,0.289471,0.352580,1400,1400,1400,1400,2000,2000,2000,2000,600,91,84,95,94,75,0,0,0,0,100,100,100,100,90
1466087414,1.235000,0.179218,0.221065,1.195000,3.945052,4.714275,0.995000,0.155192,0.154225,1.218750,0.339703,0.412902,1400,1400,1400,1400,2000,2000,2000,2000,600,91,84,95,94,75,0,0,0,0,100,100,100,100,90
1466087415,1.233750,0.173240,0.213309,1.192500,3.973274,4.735816,0.995000,0.155192,0.154225,1.221250,0.282464,0.344322,1400,1400,1400,1400,900,900,900,900,600,92,85,96,95,75,0,0,0,0,100,100,100,100,90
1466087416,1.235000,0.176229,0.217360,1.130000,3.760650,4.248800,0.995000,0.155192,0.154225,1.220000,0.352989,0.429440,1400,1400,1400,1400,2000,2000,2000,2000,600,89,83,93,92,75,0,0,0,0,100,100,100,100,90
1466087417,1.235000,0.177510,0.218595,1.198750,3.668586,4.394264,0.995000,0.155040,0.154225,1.217500,0.330694,0.401610,1400,1400,1400,1400,900,900,900,900,600,88,83,93,93,75,0,0,0,0,100,100,100,100,90
1466087418,1.235000,0.177510,0.218595,1.128750,3.532682,3.984096,0.995000,0.155192,0.154225,1.220000,0.352989,0.429440,1400,1400,1400,1400,2000,2000,2000,2000,600,92,85,95,94,75,0,0,0,0,100,100,100,100,90
1466087419,1.235000,0.176229,0.217360,1.206250,3.848330,4.640688,0.995000,0.155192,0.154225,1.218750,0.337519,0.410466,1400,1400,1400,1400,2000,2000,2000,2000,600,89,83,93,93,75,0,0,0,0,100,100,100,100,90
1466087420,1.235000,0.180011,0.222300,1.173750,3.734072,4.379982,0.995000,0.155192,0.154225,1.218750,0.348257,0.423864,1400,1400,1400,1400,2000,2000,2000,2000,600,91,84,95,94,75,0,0,0,1,100,100,100,100,90
1466087421,1.233750,0.190259,0.234270,1.187500,3.973274,4.715951,0.995000,0.155192,0.154225,1.218750,0.345254,0.420210,1400,1400,1400,1400,2000,2000,2000,2000,600,91,84,95,94,75,0,0,0,0,100,100,100,100,90
1466087422,1.233750,0.173484,0.213309,1.177500,3.791064,4.462007,0.995000,0.155496,0.154225,1.217500,0.316498,0.384572,1400,1400,1400,1400,900,900,900,900,600,90,84,94,94,75,0,0,0,0,100,100,100,100,90
1466087423,1.233750,0.176717,0.217008,1.168750,3.368008,3.933824,0.995000,0.155040,0.154225,1.220000,0.334698,0.407480,1400,1400,1400,1400,2000,2000,2000,2000,600,91,84,95,95,75,0,0,0,0,100,100,100,100,90
1466087424,1.233750,0.174765,0.214542,1.173750,3.629404,4.256817,0.995000,0.155040,0.154225,1.218750,0.277732,0.337386,1400,1400,1400,1400,900,900,900,900,600,88,82,93,93,75,0,0,0,0,100,100,100,100,90
1466087425,1.233750,0.175497,0.215775,1.207500,3.873264,4.674711,0.995000,0.155496,0.154225,1.220000,0.355264,0.433100,1400,1400,1400,1400,900,900,900,900,600,90,84,95,94,75,0,0,0,0,100,100,100,100,90
1466087426,1.233750,0.175497,0.215775,1.178750,4.072736,4.796816,0.995000,0.155192,0.154225,1.218750,0.343707,0.417774,1400,1400,1400,1400,2000,2000,2000,2000,600,90,83,94,93,75,0,0,0,0,100,100,100,100,90
1466087427,1.235000,0.177998,0.218595,1.182500,3.612964,4.269384,0.995000,0.155192,0.154225,1.220000,0.291200,0.355020,1400,1400,1400,1400,2000,2000,2000,2000,600,90,84,95,94,75,0,0,0,0,100,100,100,100,90
1466087428,1.235000,0.177998,0.218595,1.190000,3.937380,4.685030,0.995000,0.155040,0.154225,1.220000,0.345709,0.420900,1400,1400,1400,1400,2000,2000,2000,2000,600,91,84,95,94,75,0,0,0,1,100,100,100,100,90
1466087429,1.233750,0.180255,0.221940,1.147500,3.514872,4.030558,0.995000,0.155496,0.154225,1.220000,0.274001,0.334280,1400,1400,1400,1400,2000,2000,2000,2000,600,91,84,95,95,75,0,0,0,0,100,100,100,100,90
1466087430,1.235000,0.178974,0.219830,1.190000,3.973822,4.727870,0.995000,0.155192,0.154225,1.218750,0.338520,0.411684,1400,1400,1400,1400,2000,2000,2000,2000,600,91,84,95,95,75,0,0,0,0,100,100,100,100,90
1466087431,1.233750,0.176473,0.217008,1.175000,3.923954,4.609525,0.995000,0.155192,0.154225,1.217500,0.323687,0.393091,1400,1400,1400,1400,900,900,900,900,600,88,83,93,93,75,0,0,0,0,100,100,100,100,90
1466087432,1.235000,0.176473,0.217360,1.181250,3.889430,4.592909,0.995000,0.155040,0.154225,1.220000,0.354991,0.431880,1400,1400,1400,1400,2000,2000,2000,2000,600,92,84,95,94,75,1,0,0,0,96,100,100,100,90
1466087433,1.235000,0.177998,0.218595,1.147500,3.524188,4.042028,0.995000,0.155040,0.154225,1.218750,0.344253,0.418992,1400,1400,1400,1400,900,900,900,900,600,89,83,94,94,75,0,0,0,0,100,100,100,100,90
1466087434,1.233750,0.174216,0.214542,1.171250,4.033280,4.722643,0.995000,0.155040,0.154225,1.220000,0.354718,0.431880,1400,1400,1400,1400,2000,2000,2000,2000,600,90,83,94,93,75,0,0,0,0,100,100,100,100,90
1466087435,1.235000,0.179218,0.221065,1.177500,3.879292,4.565583,0.995000,0.155192,0.154225,1.218750,0.341250,0.415338,1400,1400,1400,1400,2000,2000,2000,2000,600,90,83,94,93,75,0,0,0,0,100,100,100,100,90
1466087436,1.232500,0.172996,0.211904,1.182500,3.849152,4.549518,0.995000,0.154736,0.153230,1.220000,0.295204,0.359900,1400,1400,1400,1400,2000,2000,2000,2000,600,91,84,95,94,75,0,0,0,0,100,100,100,100,90
1466087437,1.233750,0.177266,0.218241,1.156250,3.735716,4.317660,0.995000,0.155040,0.154225,1.220000,0.345982,0.420900,1400,1400,1400,1400,2000,2000,2000,2000,600,90,83,94,94,75,0,0,0,0,100,100,100,100,90
1466087438,1.233750,0.175497,0.215775,1.203750,3.658174,4.400574,0.995000,0.155496,0.154225,1.216250,0.334698,0.406144,1400,1400,1400,1400,900,900,900,900,600,91,85,96,95,75,0,0,0,0,100,100,100,100,90
1466087439,1.233750,0.177266,0.218241,1.188750,4.016840,4.771008,0.995000,0.155040,0.154225,1.220000,0.347438,0.423340,1400,1400,1400,1400,900,900,900,900,600,89,83,94,94,75,0,0,0,1,100,100,100,100,90
1466087440,1.233750,0.175009,0.215775,1.181250,4.002866,4.726362,0.995000,0.154736,0.153230,1.220000,0.339976,0.413580,1400,1400,1400,1400,900,900,900,900,600,89,83,93,93,75,0,0,0,0,100,100,100,100,90
1466087441,1.233750,0.174765,0.214542,1.200000,3.725304,4.470000,0.995000,0.155496,0.154225,1.218750,0.313950,0.381234,1400,1400,1400,1400,2000,2000,2000,2000,600,90,83,94,93,75,0,0,0,0,100,100,100,100,90
1466087442,1.235000,0.179767,0.221065,1.175000,4.009716,4.710575,0.995000,0.155040,0.154225,1.218750,0.335699,0.408030,1400,1400,1400,1400,2000,2000,2000,2000,600,90,83,94,93,75,0,0,0,0,100,100,100,100,90
1466087443,1.232500,0.172508,0.211904,1.165000,3.973822,4.628545,0.995000,0.155040,0.154225,1.220000,0.247247,0.301340,1400,1400,1400,1400,2000,2000,2000,2000,600,91,84,95,94,75,0,0,0,1,100,100,100,100,90
1466087444,1.232500,0.185745,0.227920,1.147500,3.425000,3.928475,0.995000,0.155192,0.154225,1.218750,0.341432,0.415338,1400,1400,1400,1400,2000,2000,2000,2000,600,90,83,95,94,75,0,0,0,0,100,100,100,100,90
1466087445,1.233750,0.174216,0.214542,1.196250,3.951354,4.725396,0.995000,0.154736,0.153230,1.218750,0.312221,0.380016,1400,1400,1400,1400,900,900,900,900,600,90,84,95,95,75,0,0,0,0,100,100,100,100,90
1466087446,1.233750,0.177754,0.218241,1.197500,3.813532,4.564161,0.995000,0.155040,0.154225,1.220000,0.350259,0.427000,1400,1400,1400,1400,2000,2000,2000,2000,600,90,83,94,93,75,0,0,0,1,100,100,100,100,90
1466087447,1.235000,0.176717,0.217360,1.180000,4.082052,4.816760,0.995000,0.154736,0.153230,1.218750,0.342433,0.416556,1400,1400,1400,1400,900,900,900,900,600,89,83,93,93,75,0,0,0,0,100,100,100,100,90
1466087448,1.235000,0.172752,0.212420,1.155000,3.739278,4.318545,0.995000,0.155192,0.154225,1.221250,0.252707,0.307692,1400,1400,1400,1400,2000,2000,2000,2000,600,90,84,94,94,75,0,0,0,0,100,100,100,100,90
1466087449,1.235000,0.177998,0.218595,1.138750,3.566110,4.058108,0.995000,0.155040,0.154225,1.218750,0.345254,0.420210,1400,1400,1400,1400,2000,2000,2000,2000,600,90,84,94,94,75,0,0,0,0,100,100,100,100,90
1466087450,1.232500,0.175497,0.215600,1.182500,3.606662,4.262292,0.995000,0.155040,0.154225,1.218750,0.296205,0.360528,1400,1400,1400,1400,900,900,900,900,600,91,85,96,95,75,0,0,0,0,100,100,100,100,90
1466087451,1.233750,0.176229,0.217008,1.163750,3.464730,4.028632,0.995000,0.155192,0.154225,1.220000,0.339703,0.413580,1400,1400,1400,1400,2000,2000,2000,2000,600,90,84,95,94,75,0,0,0,0,100,100,100,100,90
1466087452,1.233750,0.175985,0.215775,1.176250,3.950532,4.645200,0.995000,0.155192,0.154225,1.217500,0.335972,0.407695,1400,1400,1400,1400,900,900,900,900,600,92,85,95,95,75,0,0,0,0,100,100,100,100,90
1466087453,1.233750,0.175985,0.215775,1.171250,4.044788,4.735524,0.995000,0.155496,0.154225,1.220000,0.352716,0.429440,1400,1400,1400,1400,2000,2000,2000,2000,600,90,83,94,93,75,0,0,0,0,100,100,100,100,90
1466087454,1.233750,0.176961,0.217008,1.158750,3.480348,4.029840,0.995000,0.155040,0.154225,1.220000,0.342706,0.417240,1400,1400,1400,1400,2000,2000,2000,2000,600,90,83,94,93,75,0,0,0,0,100,100,100,100,90
1466087455,1.233750,0.174521,0.214542,1.171250,4.019580,4.706249,0.995000,0.155496,0.154225,1.220000,0.316953,0.385520,1400,1400,1400,1400,2000,2000,2000,2000,600,90,84,94,94,75,0,0,0,0,100,100,100,100,90
1466087456,1.235000,0.176717,0.217360,1.123750,3.557616,3.994511,0.995000,0.154736,0.153230,1.218750,0.343707,0.417774,1400,1400,1400,1400,2000,2000,2000,2000,600,90,83,94,93,75,0,0,0,0,100,99,100,100,90
1466087457,1.235000,0.176717,0.217360,1.170000,3.872442,4.530240,0.995000,0.155192,0.154225,1.220000,0.251706,0.306220,1400,1400,1400,1400,900,900,900,900,600,90,84,94,94,75,0,0,0,0,100,100,100,100,90
1466087458,1.233750,0.176229,0.217008,1.183750,3.915734,4.631445,0.995000,0.155192,0.154225,1.220000,0.345982,0.420900,1400,1400,1400,1400,900,900,900,900,600,91,84,95,94,75,0,0,0,1,100,100,100,100,90
1466087459,1.235000,0.174216,0.214890,1.175000,3.754622,4.410950,0.995000,0.155040,0.154225,1.217500,0.311493,0.378487,1400,1400,1400,1400,900,900,900,900,600,89,83,93,93,75,0,0,0,0,100,100,100,100,90
1466087460,1.235000,0.177754,0.218595,1.191250,3.601730,4.288791,0.995000,0.155040,0.154225,1.220000,0.354991,0.431880,1400,1400,1400,1400,900,900,900,900,600,91,84,95,94,75,0,0,0,0,100,100,100,100,90
1466087461,1.233750,0.177510,0.218241,1.130000,3.581180,4.046530,0.995000,0.154736,0.153230,1.218750,0.343434,0.417774,1400,1400,1400,1400,2000,2000,2000,2000,600,89,83,94,93,75,0,0,0,0,100,100,100,100,90
1466087462,1.233750,0.173972,0.213309,1.165000,3.828876,4.459620,0.995000,0.155800,0.154225,1.220000,0.352989,0.429440,1400,1400,1400,1400,2000,2000,2000,2000,600,91,84,95,94,75,0,0,0,0,100,100,100,100,90
1466087463,1.235000,0.177266,0.218595,1.160000,3.654612,4.238640,0.995000,0.154736,0.153230,1.218750,0.338702,0.411684,1400,1400,1400,1400,2000,2000,2000,2000,600,91,84,95,94,75,0,0,0,0,100,100,100,100,90
1466087464,1.235000,0.174765,0.214890,1.165000,3.841206,4.474765,0.995000,0.154736,0.153230,1.218750,0.296023,0.360528,1400,1400,1400,1400,2000,2000,2000,2000,600,91,84,95,95,75,0,0,0,0,100,100,100,100,90
1466087465,1.233750,0.176961,0.217008,1.203750,3.936284,4.735008,0.995000,0.154736,0.153230,1.220000,0.340522,0.414800,1400,1400,1400,1400,2000,2000,2000,2000,600,91,84,95,95,75,0,0,0,0,100,100,100,100,90
1466087466,1.233750,0.175985,0.215775,1.170000,3.499254,4.093830,0.995000,0.154736,0.153230,1.218750,0.338975,0.411684,1400,1400,1400,1400,2000,2000,2000,2000,600,88,82,93,92,75,0,0,0,0,100,100,100,100,90
1466087467,1.231250,0.196969,0.241276,1.137500,3.338964,3.795306,0.995000,0.154432,0.153230,1.220000,0.349986,0.425780,1400,1400,1400,1400,900,900,900,900,600,89,83,94,93,75,0,1,0,0,97,100,100,100,90
1466087468,1.233750,0.175741,0.215775,1.138750,3.438152,3.912444,0.995000,0.155040,0.154225,1.218750,0.345709,0.420210,1400,1400,1400,1400,2000,2000,2000,2000,600,89,82,93,92,75,0,0,0,0,100,100,100,100,90
1466087469,1.233750,0.177754,0.218241,1.157500,3.554602,4.111978,0.995000,0.155040,0.154225,1.220000,0.356447,0.434320,1400,1400,1400,1400,2000,2000,2000,2000,600,90,84,94,94,75,0,0,0,1,100,100,100,97,90
1466087470,1.233750,0.177510,0.218241,1.143750,3.556246,4.064508,0.995000,0.155040,0.154225,1.218750,0.343980,0.417774,1400,1400,1400,1400,2000,2000,2000,2000,600,90,83,94,93,75,0,0,2,0,100,96,98,100,90
1466087471,1.233750,0.189710,0.233037,1.191250,3.833260,4.565103,0.995000,0.155040,0.154225,1.221250,0.242970,0.295482,1400,1400,1400,1400,900,900,900,900,600,89,83,93,93,75,1,1,0,0,99,99,99,95,90
1466087472,1.233750,0.179462,0.220707,1.188750,4.002866,4.754376,0.995000,0.154432,0.153230,1.220000,0.332969,0.405040,1400,1400,1400,1400,2000,2000,2000,2000,600,91,84,95,94,75,0,0,0,1,100,97,100,100,90
1466087473,1.235000,0.175741,0.216125,1.143750,3.474046,3.970782,0.995000,0.155040,0.154225,1.217500,0.333515,0.405261,1400,1400,1400,1400,900,900,900,900,600,89,83,94,94,75,0,0,0,0,100,100,100,100,90
1466087474,1.233750,0.177266,0.218241,1.197500,3.925050,4.698225,0.995000,0.155040,0.154225,1.220000,0.352443,0.429440,1400,1400,1400,1400,2000,2000,2000,2000,600,91,84,95,94,75,0,0,0,0,100,99,100,100,90
1466087475,1.235000,0.180499,0.222300,1.187500,3.883402,4.609121,0.995000,0.154736,0.153230,1.217500,0.323505,0.393091,1400,1400,1400,1400,2000,2000,2000,2000,600,90,83,94,93,75,0,0,0,0,100,100,100,100,90
1466087476,1.233750,0.177754,0.218241,1.190000,3.711330,4.416090,0.995000,0.155040,0.154225,1.220000,0.355264,0.433100,1400,1400,1400,1400,900,900,900,900,600,90,84,95,94,75,0,0,0,1,100,100,100,100,90
1466087477,1.233750,0.178242,0.219474,1.185000,3.996564,4.735260,0.995000,0.154736,0.153230,1.218750,0.339976,0.412902,1400,1400,1400,1400,2000,2000,2000,2000,600,91,84,95,94,75,0,0,0,0,100,100,100,100,90
1466087478,1.235000,0.177998,0.218595,1.207500,3.953820,4.771271,0.995000,0.155192,0.154225,1.220000,0.258258,0.314760,1400,1400,1400,1400,900,900,900,900,600,90,84,95,95,75,0,0,0,0,100,100,100,100,90
1466087479,1.235000,0.178242,0.219830,1.157500,3.389654,3.921073,0.995000,0.155040,0.154225,1.218750,0.346437,0.421428,1400,1400,1400,1400,2000,2000,2000,2000,600,91,84,95,95,75,0,0,0,1,100,100,100,100,90
1466087480,1.232500,0.173484,0.213136,1.157500,3.544190,4.100408,0.995000,0.154432,0.153230,1.217500,0.322231,0.391874,1400,1400,1400,1400,900,900,900,900,600,89,83,94,93,75,0,0,0,0,100,100,100,100,90
1466087481,1.235000,0.178730,0.219830,1.196250,3.933544,4.703868,0.995000,0.155040,0.154225,1.220000,0.354991,0.431880,1400,1400,1400,1400,2000,2000,2000,2000,600,91,84,95,95,75,0,0,0,0,100,100,100,100,90
1466087482,1.233750,0.177266,0.218241,1.210000,3.809148,4.608890,0.995000,0.154736,0.153230,1.217500,0.326690,0.396742,1400,1400,1400,1400,2000,2000,2000,2000,600,90,83,94,93,75,0,0,0,0,100,100,100,100,90
1466087483,1.233750,0.175741,0.215775,1.205000,4.056022,4.887480,0.995000,0.155192,0.154225,1.220000,0.353717,0.430660,1400,1400,1400,1400,900,900,900,900,600,90,84,94,94,75,0,0,0,0,100,100,100,100,90
1466087484,1.233750,0.177510,0.218241,1.116250,3.622828,4.042152,0.995000,0.154432,0.153230,1.218750,0.343434,0.417774,1400,1400,1400,1400,2000,2000,2000,2000,600,91,84,95,94,75,0,0,0,0,100,100,100,100,90
1466087485,1.232500,0.175253,0.215600,1.185000,3.864496,4.578840,0.995000,0.155192,0.154225,1.220000,0.294021,0.358680,1400,1400,1400,1400,900,900,900,900,600,89,83,94,94,75,0,1,0,0,99,99,100,98,90
1466087486,1.235000,0.176961,0.217360,1.142500,3.770240,4.305340,0.995000,0.155040,0.154225,1.220000,0.342251,0.417240,1400,1400,1400,1400,2000,2000,2000,2000,600,91,84,95,94,75,0,0,0,0,100,100,100,100,90
1466087487,1.235000,0.176229,0.217360,1.148750,3.951080,4.535748,0.995000,0.155040,0.154225,1.217500,0.331240,0.402827,1400,1400,1400,1400,900,900,900,900,600,92,84,96,95,75,0,0,0,0,100,100,100,100,90
1466087488,1.235000,0.178486,0.219830,1.160000,3.631048,4.211960,0.993750,0.154432,0.152922,1.218750,0.351442,0.427518,1400,1400,1400,1400,2000,2000,2000,2000,600,91,84,95,94,75,0,0,0,0,100,100,100,100,90
1466087489,1.233750,0.177510,0.218241,1.172500,3.560082,4.172320,0.995000,0.154736,0.153230,1.217500,0.319501,0.388223,1400,1400,1400,1400,2000,2000,2000,2000,600,90,83,93,92,75,0,0,0,0,100,100,100,100,90
1466087490,1.232500,0.189222,0.232848,1.210000,3.729140,4.512090,0.995000,0.154432,0.153230,1.220000,0.352443,0.429440,1400,1400,1400,1400,2000,2000,2000,2000,600,91,84,95,93,75,1,0,1,0,100,99,100,99,90
1466087491,1.233750,0.176473,0.217008,1.166250,3.704206,4.318864,0.995000,0.154736,0.153230,1.218750,0.346255,0.421428,1400,1400,1400,1400,2000,2000,2000,2000,600,91,84,95,94,75,0,0,0,0,100,100,100,100,90
1466087492,1.232500,0.172020,0.211904,1.121250,3.333758,3.736293,0.995000,0.154432,0.153230,1.220000,0.242515,0.295240,1400,1400,1400,1400,2000,2000,2000,2000,600,91,84,95,95,75,0,0,0,0,100,100,100,100,90
1466087493,1.235000,0.178486,0.219830,1.208750,3.876004,4.682208,0.995000,0.154736,0.153230,1.220000,0.344435,0.419680,1400,1400,1400,1400,2000,2000,2000,2000,600,91,84,95,94,75,1,0,0,0,100,100,100,100,90
1466087494,1.233750,0.175985,0.215775,1.176250,3.691876,4.340616,0.995000,0.155040,0.154225,1.217500,0.309946,0.376053,1400,1400,1400,1400,900,900,900,900,600,92,85,96,95,75,0,0,0,0,100,100,100,100,90
1466087495,1.233750,0.182512,0.224406,1.180000,4.069174,4.801420,0.995000,0.155040,0.154225,1.220000,0.341432,0.416020,1400,1400,1400,1400,2000,2000,2000,2000,600,90,83,94,94,75,0,1,1,1,99,100,100,99,90
1466087496,1.235000,0.177510,0.218595,1.157500,3.546656,4.102722,0.995000,0.154736,0.153230,1.218750,0.326690,0.397068,1400,1400,1400,1400,2000,2000,2000,2000,600,90,84,94,93,75,0,0,0,0,100,100,100,100,90
1466087497,1.233750,0.176473,0.217008,1.192500,3.861756,4.602312,0.995000,0.155040,0.154225,1.220000,0.351988,0.428220,1400,1400,1400,1400,900,900,900,900,600,89,83,93,93,75,0,1,0,1,100,99,99,99,90
1466087498,1.233750,0.178486,0.219474,1.183750,4.060680,4.802980,0.995000,0.155192,0.154225,1.218750,0.343252,0.417774,1400,1400,1400,1400,2000,2000,2000,2000,600,90,84,94,94,75,0,0,0,0,100,100,100,100,90
1466087499,1.232500,0.175009,0.215600,1.172500,3.644474,4.270768,0.995000,0.154736,0.153230,1.220000,0.315770,0.384300,1400,1400,1400,1400,2000,2000,2000,2000,600,90,84,94,94,75,0,0,0,0,99,100,100,100,90
1466087500,1.233750,0.177754,0.218241,1.132500,3.556246,4.025392,0.995000,0.155040,0.154225,1.218750,0.338247,0.411684,1400,1400,1400,1400,2000,2000,2000,2000,600,89,83,93,93,75,0,0,0,1,100,100,100,100,90
1466087501,1.233750,0.176961,0.217008,1.150000,3.729414,4.288350,0.995000,0.155040,0.154225,1.220000,0.252707,0.307440,1400,1400,1400,1400,2000,2000,2000,2000,600,91,84,95,94,75,0,0,0,0,100,100,100,100,90
1466087502,1.235000,0.177266,0.218595,1.162500,3.706672,4.306372,0.995000,0.155040,0.154225,1.220000,0.336973,0.409920,1400,1400,1400,1400,2000,2000,2000,2000,600,91,84,95,95,75,0,1,1,0,99,99,100,100,90
1466087503,1.233750,0.176473,0.217008,1.157500,3.620088,4.188340,0.995000,0.154432,0.153230,1.218750,0.338520,0.411684,1400,1400,1400,1400,2000,2000,2000,2000,600,91,84,95,95,75,0,0,0,0,100,100,100,100,90
1466087504,1.232500,0.190503,0.234080,1.185000,3.762020,4.457970,0.995000,0.155040,0.154225,1.220000,0.349986,0.425780,1400,1400,1400,1400,2000,2000,2000,2000,600,89,83,93,92,75,0,0,1,0,100,100,99,100,90
1466087505,1.235000,0.178242,0.219830,1.148750,3.650502,4.190200,0.995000,0.155040,0.154225,1.218750,0.341432,0.415338,1400,1400,1400,1400,900,900,900,900,600,89,83,94,93,75,0,0,0,0,100,100,100,100,90
1466087506,1.232500,0.183976,0.225456,1.172500,3.648858,4.275456,0.995000,0.154736,0.153230,1.220000,0.269724,0.328180,1400,1400,1400,1400,2000,2000,2000,2000,600,90,84,95,93,75,0,0,1,0,100,99,100,100,90
1466087507,1.235000,0.179462,0.221065,1.158750,3.699000,4.283442,0.995000,0.155040,0.154225,1.220000,0.338247,0.412360,1400,1400,1400,1400,2000,2000,2000,2000,600,90,83,94,93,75,0,0,0,0,100,100,100,100,90
1466087508,1.235000,0.176717,0.217360,1.183750,3.598716,4.256434,0.995000,0.155192,0.154225,1.220000,0.294476,0.358680,1400,1400,1400,1400,2000,2000,2000,2000,600,90,84,94,94,75,0,0,1,0,98,100,100,100,90
1466087509,1.233750,0.177754,0.218241,1.190000,3.897376,4.637430,0.995000,0.155040,0.154225,1.218750,0.326963,0.397068,1400,1400,1400,1400,900,900,900,900,600,89,83,94,94,75,0,0,0,0,100,100,100,100,90
1466087510,1.235000,0.174765,0.214890,1.180000,3.707220,4.374260,0.995000,0.154736,0.153230,1.217500,0.336518,0.408912,1400,1400,1400,1400,2000,2000,2000,2000,600,91,84,95,94,75,0,0,0,0,100,100,100,100,90
1466087511,1.235000,0.178242,0.219830,1.150000,3.623924,4.166450,0.995000,0.155040,0.154225,1.220000,0.350441,0.427000,1400,1400,1400,1400,900,900,900,900,600,90,84,94,94,75,0,0,0,1,98,99,100,100,90
1466087512,1.233750,0.175985,0.215775,1.173750,3.869428,4.538337,0.995000,0.155040,0.154225,1.218750,0.341705,0.415338,1400,1400,1400,1400,2000,2000,2000,2000,600,91,84,95,94,75,0,0,0,0,100,100,100,100,90
1466087513,1.230000,0.192516,0.236160,1.158750,3.784214,4.381872,0.995000,0.155192,0.154225,1.220000,0.265993,0.323300,1400,1400,1400,1400,900,900,900,900,600,89,83,94,94,75,0,0,0,1,99,99,99,100,90
1466087514,1.233750,0.176961,0.217008,1.157500,3.662558,4.236934,0.995000,0.155040,0.154225,1.220000,0.342979,0.417240,1400,1400,1400,1400,2000,2000,2000,2000,600,91,84,95,95,75,0,0,0,0,100,100,100,100,90
1466087515,1.233750,0.173240,0.213309,1.151250,3.507474,4.036557,0.995000,0.155040,0.154225,1.220000,0.265993,0.323300,1400,1400,1400,1400,2000,2000,2000,2000,600,90,83,94,93,75,0,0,0,0,99,100,100,100,90
1466087516,1.233750,0.175741,0.215775,1.148750,3.562548,4.089176,0.995000,0.155040,0.154225,1.220000,0.337701,0.411140,1400,1400,1400,1400,2000,2000,2000,2000,600,91,83,94,94,75,0,0,0,1,100,100,100,100,90
1466087517,1.235000,0.175741,0.216125,1.188750,4.058488,4.820904,0.995000,0.155040,0.154225,1.217500,0.335517,0.407695,1400,1400,1400,1400,2000,2000,2000,2000,600,91,84,95,94,75,0,0,0,0,100,100,100,100,90
1466087518,1.235000,0.178242,0.219830,1.125000,3.495966,3.931875,0.995000,0.155192,0.154225,1.220000,0.352989,0.429440,1400,1400,1400,1400,900,900,900,900,600,90,84,94,94,75,1,0,0,0,100,100,100,99,90
1466087519,1.235000,0.177266,0.218595,1.126250,3.599812,4.052474,0.995000,0.155040,0.154225,1.218750,0.341978,0.415338,1400,1400,1400,1400,2000,2000,2000,2000,600,92,84,95,95,75,0,0,0,0,100,100,100,100,90
1466087520,1.232500,0.183488,0.225456,1.206250,3.800654,4.582800,0.995000,0.155496,0.154225,1.220000,0.300937,0.366000,1400,1400,1400,1400,900,900,900,900,600,90,84,94,94,75,0,0,1,1,97,99,100,100,90
1466087521,1.233750,0.180987,0.221940,1.162500,4.105068,4.770010,0.995000,0.155040,0.154225,1.218750,0.343434,0.417774,1400,1400,1400,1400,2000,2000,2000,2000,600,91,84,95,95,75,0,0,0,0,100,100,100,100,90
1466087522,1.233750,0.177998,0.218241,1.175000,3.631596,4.266425,0.995000,0.154432,0.153230,1.220000,0.269451,0.328180,1400,1400,1400,1400,2000,2000,2000,2000,600,88,82,92,92,75,0,0,0,0,99,100,99,100,90
1466087523,1.235000,0.177266,0.218595,1.175000,3.376776,3.966800,0.995000,0.155192,0.154225,1.220000,0.355264,0.433100,1400,1400,1400,1400,2000,2000,2000,2000,600,90,84,95,94,75,0,0,0,0,100,100,100,100,90
1466087524,1.233750,0.175253,0.215775,1.181250,3.791612,4.477171,0.995000,0.155040,0.154225,1.217500,0.324233,0.394308,1400,1400,1400,1400,2000,2000,2000,2000,600,90,84,94,94,75,0,0,0,0,100,100,100,100,90
1466087525,1.235000,0.177754,0.218595,1.205000,3.764212,4.535620,0.995000,0.155192,0.154225,1.220000,0.349986,0.425780,1400,1400,1400,1400,2000,2000,2000,2000,600,91,85,95,95,75,0,0,0,2,100,100,100,100,90
1466087526,1.233750,0.177266,0.218241,1.192500,3.974644,4.737008,0.995000,0.155040,0.154225,1.218750,0.342433,0.416556,1400,1400,1400,1400,2000,2000,2000,2000,600,91,84,95,94,75,0,0,0,0,100,100,100,100,90
1466087527,1.232500,0.185501,0.227920,1.177500,3.742292,4.404334,0.995000,0.155496,0.154225,1.220000,0.349713,0.425780,1400,1400,1400,1400,900,900,900,900,600,91,84,95,95,75,0,0,0,1,99,99,99,100,90
1466087529,1.235000,0.177754,0.218595,1.183750,3.845316,4.548635,0.995000,0.155192,0.154225,1.218750,0.340522,0.414120,1400,1400,1400,1400,2000,2000,2000,2000,600,91,84,95,94,75,0,0,0,0,100,100,100,100,90
1466087530,1.233750,0.173972,0.213309,1.160000,3.492130,4.050720,0.995000,0.155192,0.154225,1.220000,0.282737,0.344040,1400,1400,1400,1400,900,900,900,900,600,90,84,94,94,75,0,0,0,1,100,98,100,100,90
1466087531,1.233750,0.176961,0.217008,1.181250,3.751334,4.429931,0.995000,0.155192,0.154225,1.220000,0.323960,0.394060,1400,1400,1400,1400,2000,2000,2000,2000,600,89,83,93,93,75,0,0,0,0,100,100,100,100,90
1466087532,1.233750,0.176229,0.217008,1.183750,3.737908,4.420871,0.995000,0.155192,0.154225,1.217500,0.329238,0.400393,1400,1400,1400,1400,900,900,900,900,600,89,83,94,93,75,0,0,0,0,100,100,99,100,90
1466087533,1.235000,0.177754,0.218595,1.182500,3.798462,4.489236,0.995000,0.155496,0.154225,1.220000,0.352261,0.429440,1400,1400,1400,1400,900,900,900,900,600,91,84,94,94,75,2,0,0,0,100,100,100,99,90
1466087534,1.233750,0.175985,0.215775,1.158750,3.918748,4.537044,0.995000,0.154736,0.153230,1.218750,0.336700,0.409248,1400,1400,1400,1400,2000,2000,2000,2000,600,91,84,95,94,75,0,0,0,0,100,100,100,100,90
1466087535,1.235000,0.178974,0.219830,1.172500,3.746950,4.390312,0.995000,0.155040,0.154225,1.220000,0.348257,0.424560,1400,1400,1400,1400,2000,2000,2000,2000,600,90,83,94,93,75,2,0,0,0,99,99,100,100,90
1466087536,1.235000,0.178486,0.219830,1.161250,3.802024,4.414122,0.995000,0.155192,0.154225,1.218750,0.341250,0.415338,1400,1400,1400,1400,900,900,900,900,600,89,83,94,94,75,0,0,0,0,100,100,100,100,90
1466087537,1.231250,0.184220,0.226504,1.150000,3.554602,4.087100,0.995000,0.155040,0.154225,1.218750,0.259441,0.315462,1400,1400,1400,1400,2000,2000,2000,2000,600,89,83,93,92,75,2,0,0,0,100,100,98,100,90
1466087538,1.233750,0.177754,0.218241,1.190000,3.754622,4.467260,0.995000,0.154736,0.153230,1.220000,0.346710,0.422120,1400,1400,1400,1400,2000,2000,2000,2000,600,91,84,95,95,75,0,0,0,0,100,100,100,100,90
1466087539,1.233750,0.182512,0.224406,1.208750,3.802298,4.592816,0.995000,0.154736,0.153230,1.218750,0.325962,0.395850,1400,1400,1400,1400,2000,2000,2000,2000,600,90,83,94,93,75,0,0,0,0,100,99,99,100,90
1466087540,1.233750,0.177510,0.218241,1.197500,3.719550,4.451643,0.995000,0.154736,0.153230,1.220000,0.349986,0.425780,1400,1400,1400,1400,900,900,900,900,600,90,84,94,95,75,0,0,0,0,100,100,100,100,90
1466087541,1.235000,0.175497,0.216125,1.138750,3.635706,4.136630,0.995000,0.155040,0.154225,1.218750,0.343980,0.417774,1400,1400,1400,1400,2000,2000,2000,2000,600,90,83,94,93,75,1,0,0,0,99,100,100,99,90
1466087542,1.235000,0.179462,0.221065,1.186250,3.648310,4.326528,0.995000,0.155040,0.154225,1.220000,0.352716,0.429440,1400,1400,1400,1400,900,900,900,900,600,91,84,95,94,75,0,0,0,0,100,100,100,100,90
1466087543,1.235000,0.177998,0.218595,1.145000,3.674888,4.206730,0.995000,0.155040,0.154225,1.220000,0.343252,0.418460,1400,1400,1400,1400,900,900,900,900,600,89,83,94,94,75,0,0,0,1,100,100,100,100,90
1466087544,1.233750,0.175253,0.215775,1.192500,3.816546,4.548672,0.995000,0.155040,0.154225,1.220000,0.250978,0.305000,1400,1400,1400,1400,2000,2000,2000,2000,600,91,84,95,95,75,2,0,0,0,98,100,100,100,90
1466087545,1.233750,0.176961,0.217008,1.193750,3.799558,4.532207,0.995000,0.155040,0.154225,1.218750,0.337701,0.410466,1400,1400,1400,1400,900,900,900,900,600,90,83,94,94,75,0,0,0,0,100,100,100,100,90
1466087546,1.233750,0.175497,0.215775,1.153750,3.860112,4.450580,0.995000,0.154736,0.153230,1.218750,0.305760,0.371490,1400,1400,1400,1400,900,900,900,900,600,90,84,95,94,75,1,0,0,0,99,99,99,99,90
1466087547,1.235000,0.177998,0.218595,1.141250,3.743936,4.270763,0.995000,0.155192,0.154225,1.220000,0.352261,0.429440,1400,1400,1400,1400,2000,2000,2000,2000,600,88,82,93,92,75,0,0,0,0,100,100,100,100,90
1466087548,1.233750,0.185989,0.228105,1.165000,3.687766,4.295355,0.995000,0.154736,0.153230,1.218750,0.321958,0.390978,1400,1400,1400,1400,900,900,900,900,600,90,84,94,94,75,1,0,0,0,100,99,100,100,90
1466087549,1.233750,0.177754,0.218241,1.208750,3.687492,4.453896,0.995000,0.155496,0.154225,1.220000,0.350441,0.427000,1400,1400,1400,1400,900,900,900,900,600,89,83,93,93,75,0,0,0,0,100,100,100,100,90
1466087550,1.235000,0.177266,0.218595,1.198750,3.754896,4.497292,0.995000,0.154736,0.153230,1.221250,0.338702,0.412698,1400,1400,1400,1400,2000,2000,2000,2000,600,92,84,95,95,75,1,0,0,1,100,100,99,100,90
1466087551,1.235000,0.176473,0.217360,1.198750,3.814628,4.569172,0.995000,0.155040,0.154225,1.220000,0.323687,0.394060,1400,1400,1400,1400,900,900,900,900,600,88,82,93,93,75,0,0,0,0,100,100,100,100,90
1466087552,1.233750,0.176473,0.217008,1.138750,3.842576,4.372196,0.995000,0.155040,0.154225,1.220000,0.342979,0.417240,1400,1400,1400,1400,2000,2000,2000,2000,600,90,83,93,93,75,2,0,0,0,100,99,99,99,90
1466087553,1.233750,0.173972,0.213309,1.135000,3.333484,3.782955,0.995000,0.155192,0.154225,1.217500,0.332241,0.404044,1400,1400,1400,1400,2000,2000,2000,2000,600,90,83,94,93,75,0,0,0,0,100,100,100,100,90
1466087554,1.235000,0.180499,0.222300,1.180000,3.781474,4.461580,0.995000,0.155192,0.154225,1.218750,0.337519,0.410466,1400,1400,1400,1400,2000,2000,2000,2000,600,90,83,94,93,75,0,0,0,1,99,100,100,100,90
1466087555,1.233750,0.175985,0.215775,1.177500,3.528572,4.152456,0.995000,0.155040,0.154225,1.220000,0.301210,0.367220,1400,1400,1400,1400,2000,2000,2000,2000,600,90,83,94,93,75,0,1,0,0,100,100,100,100,90
1466087556,1.235000,0.176717,0.217360,1.182500,3.803668,4.495146,0.995000,0.155040,0.154225,1.220000,0.352261,0.429440,1400,1400,1400,1400,2000,2000,2000,2000,600,91,85,95,94,75,0,0,0,0,100,100,100,100,90
1466087557,1.233750,0.182512,0.224406,1.117500,3.595702,4.015615,0.995000,0.154736,0.153230,1.218750,0.341432,0.415338,1400,1400,1400,1400,2000,2000,2000,2000,600,91,84,95,94,75,0,2,0,0,100,100,100,100,90
1466087558,1.233750,0.176473,0.217008,1.157500,3.409382,3.944213,0.995000,0.155192,0.154225,1.220000,0.283192,0.345260,1400,1400,1400,1400,900,900,900,900,600,92,85,96,95,75,0,0,0,0,100,100,100,100,90
1466087559,1.233750,0.182512,0.224406,1.166250,3.906144,4.554396,0.995000,0.155192,0.154225,1.220000,0.318955,0.387960,1400,1400,1400,1400,2000,2000,2000,2000,600,89,83,93,92,75,0,2,0,0,99,99,100,100,90
1466087560,1.233750,0.172996,0.212076,1.182500,3.569398,4.218558,0.995000,0.155040,0.154225,1.218750,0.270998,0.328860,1400,1400,1400,1400,2000,2000,2000,2000,600,90,84,94,93,75,0,0,0,0,100,100,100,100,90
1466087561,1.233750,0.175253,0.215775,1.135000,3.468018,3.936180,0.995000,0.154736,0.153230,1.220000,0.326963,0.397720,1400,1400,1400,1400,900,900,900,900,600,91,84,94,94,75,0,0,0,0,100,99,100,99,90
1466087562,1.233750,0.175741,0.215775,1.207500,3.888334,4.692816,0.993750,0.155040,0.153915,1.217500,0.316953,0.384572,1400,1400,1400,1400,900,900,900,900,600,89,83,94,94,75,0,0,0,1,100,100,100,100,90
1466087563,1.235000,0.176717,0.217360,1.168750,3.604470,4.209472,0.995000,0.155192,0.154225,1.220000,0.349258,0.425780,1400,1400,1400,1400,2000,2000,2000,2000,600,90,83,94,92,75,0,0,0,0,100,100,100,100,90
1466087564,1.233750,0.177266,0.218241,1.192500,3.892992,4.639264,0.995000,0.154736,0.153230,1.218750,0.342706,0.416556,1400,1400,1400,1400,900,900,900,900,600,89,83,93,93,75,0,0,0,0,100,100,100,100,90
1466087565,1.235000,0.178242,0.219830,1.168750,3.882854,4.534176,0.995000,0.155040,0.154225,1.220000,0.351715,0.428220,1400,1400,1400,1400,2000,2000,2000,2000,600,90,84,94,94,75,0,0,0,0,100,100,100,100,90
1466087566,1.232500,0.186721,0.229152,1.161250,3.697630,4.292217,0.995000,0.155040,0.154225,1.218750,0.341705,0.415338,1400,1400,1400,1400,900,900,900,900,600,92,85,96,95,75,0,0,0,1,100,99,100,99,90
1466087567,1.233750,0.172752,0.212076,1.156250,3.649132,4.218244,0.995000,0.155496,0.154225,1.218750,0.296023,0.360528,1400,1400,1400,1400,2000,2000,2000,2000,600,91,84,95,94,75,0,0,0,0,100,100,100,100,90
1466087568,1.232500,0.185745,0.227920,1.153750,3.606936,4.157718,0.995000,0.155040,0.154225,1.220000,0.332241,0.405040,1400,1400,1400,1400,900,900,900,900,600,92,85,95,95,75,0,0,0,1,99,100,99,100,90
1466087569,1.235000,0.177754,0.218595,1.202500,3.794078,4.560388,0.995000,0.154736,0.153230,1.217500,0.336245,0.408912,1400,1400,1400,1400,2000,2000,2000,2000,600,91,84,95,94,75,0,0,0,0,100,100,100,100,90
1466087570,1.235000,0.178974,0.219830,1.182500,3.780378,4.467960,0.995000,0.155040,0.154225,1.220000,0.339248,0.413580,1400,1400,1400,1400,2000,2000,2000,2000,600,91,84,95,94,75,0,0,1,0,100,99,100,100,90
1466087571,1.235000,0.175741,0.216125,1.201250,3.869702,4.646669,0.995000,0.154432,0.153230,1.218750,0.331240,0.403158,1400,1400,1400,1400,900,900,900,900,600,92,85,96,95,75,0,0,0,1,100,100,100,100,90
1466087572,1.235000,0.177510,0.218595,1.181250,3.691876,4.359071,0.995000,0.155040,0.154225,1.220000,0.329511,0.401380,1400,1400,1400,1400,2000,2000,2000,2000,600,89,83,94,93,75,0,0,0,0,100,100,100,100,90
1466087573,1.235000,0.177510,0.218595,1.180000,4.053830,4.782540,0.995000,0.155040,0.154225,1.218750,0.334971,0.406812,1400,1400,1400,1400,900,900,900,900,600,89,83,94,94,75,0,0,0,1,99,100,100,100,90
1466087574,1.233750,0.173240,0.213309,1.203750,3.903404,4.695309,0.995000,0.154736,0.153230,1.220000,0.269451,0.328180,1400,1400,1400,1400,2000,2000,2000,2000,600,89,83,93,93,75,0,0,0,0,100,100,100,100,90
1466087575,1.232500,0.177510,0.218064,1.188750,3.779282,4.489452,0.995000,0.154432,0.153230,1.218750,0.340522,0.414120,1400,1400,1400,1400,2000,2000,2000,2000,600,91,84,95,95,75,1,0,0,0,100,100,100,100,90
1466087576,1.235000,0.176473,0.217360,1.192500,3.845042,4.583240,0.995000,0.155192,0.154225,1.220000,0.285740,0.347700,1400,1400,1400,1400,2000,2000,2000,2000,600,90,83,94,93,75,0,0,0,0,100,100,100,100,90
1466087577,1.233750,0.176717,0.217008,1.155000,3.609676,4.168395,0.995000,0.154736,0.153230,1.220000,0.349986,0.425780,1400,1400,1400,1400,2000,2000,2