Timestamp,Volt,Amp,Watt,Watt-Hour
1466085717,5.010,0.715,3.576,0.000
1466085718,5.000,0.713,3.561,0.000
1466085719,5.000,0.711,3.553,0.000
1466085720,5.000,0.710,3.549,0.000
1466085721,5.000,0.710,3.545,0.000
1466085722,5.000,0.707,3.534,0.000
1466085723,5.000,0.721,3.606,0.000
1466085724,5.010,0.706,3.530,0.000
1466085725,5.010,0.707,3.534,0.000
1466085726,5.000,0.707,3.534,0.000
1466085727,5.000,0.706,3.526,0.000
1466085728,5.000,1.238,6.168,0.000
1466085729,5.000,1.274,6.347,0.000
1466085730,5.000,1.272,6.339,0.000
1466085732,5.000,1.308,6.519,0.000
1466085733,5.000,1.424,7.091,0.000
1466085734,5.000,1.414,7.045,0.000
1466085735,5.000,1.293,6.450,0.000
1466085736,5.000,1.289,6.423,0.000
1466085737,5.000,1.312,6.538,0.000
1466085738,5.000,1.443,7.187,0.000
1466085739,5.000,1.423,7.087,0.000
1466085740,5.000,1.322,6.587,0.000
1466085741,5.000,1.418,7.065,0.000
1466085742,5.000,1.470,7.320,0.000
1466085743,5.000,1.428,7.114,0.000
1466085744,5.000,1.349,6.721,0.000
1466085745,5.000,1.450,7.221,0.000
1466085746,5.000,1.455,7.248,0.000
1466085747,5.000,1.309,6.523,0.000
1466085748,5.000,1.471,7.324,0.000
1466085749,5.000,1.431,7.133,0.000
1466085750,5.000,1.333,6.641,0.000
1466085751,5.000,1.378,6.862,0.000
1466085752,5.000,1.453,7.236,0.000
1466085753,5.000,1.374,6.847,0.000
1466085754,5.000,1.342,6.690,0.000
1466085755,5.000,1.451,7.229,0.000
1466085756,5.000,1.433,7.141,0.000
1466085757,5.000,1.336,6.656,0.000
1466085758,5.000,1.468,7.313,0.000
1466085759,5.000,1.429,7.118,0.000
1466085760,5.000,1.338,6.664,0.000
1466085761,5.000,1.439,7.164,0.000
1466085762,5.000,1.459,7.271,0.000
1466085763,5.000,1.420,7.072,0.000
1466085764,5.000,1.357,6.763,0.000
1466085765,5.000,1.446,7.202,0.000
1466085766,5.000,1.446,7.202,0.000
1466085767,5.000,1.305,6.503,0.000
1466085768,5.000,1.462,7.282,0.000
1466085769,5.000,1.424,7.091,0.000
1466085770,5.000,1.350,6.725,0.000
1466085771,5.000,1.440,7.171,0.000
1466085772,5.010,1.444,7.198,0.000
1466085773,5.000,1.345,6.702,0.000
1466085774,5.000,1.391,6.931,0.000
1466085775,5.000,1.446,7.202,0.000
1466085776,5.000,1.441,7.175,0.000
1466085777,5.000,1.325,6.603,0.000
1466085778,5.010,1.457,7.259,0.000
1466085779,5.000,1.422,7.084,0.000
1466085780,5.000,1.319,6.576,0.000
1466085781,5.000,1.436,7.152,0.000
1466085782,5.000,1.445,7.198,0.000
1466085783,5.000,1.388,6.916,0.000
1466085784,5.000,1.360,6.778,0.000
1466085785,5.000,1.431,7.129,0.000
1466085786,5.000,1.423,7.095,0.000
1466085787,5.000,1.308,6.519,0.000
1466085788,5.000,1.454,7.240,0.000
1466085789,5.000,1.419,7.068,0.000
1466085790,5.010,1.317,6.561,0.000
1466085791,5.000,1.431,7.126,0.000
1466085792,5.000,1.435,7.145,0.000
1466085793,5.000,1.326,6.607,0.000
1466085794,5.000,1.407,7.007,0.000
1466085795,5.000,1.418,7.065,0.000
1466085796,5.000,1.414,7.042,0.000
1466085797,5.010,1.324,6.599,0.000
1466085798,5.000,1.435,7.152,0.000
1466085799,5.000,1.417,7.061,0.000
1466085800,5.000,1.326,6.607,0.000
1466085801,5.000,1.430,7.122,0.000
1466085802,5.000,1.415,7.045,0.000
1466085803,5.000,1.316,6.557,0.000
1466085804,5.000,1.343,6.690,0.000
1466085805,5.000,1.425,7.099,0.000
1466085806,5.000,1.395,6.950,0.000
1466085807,5.010,1.304,6.500,0.000
1466085808,5.000,1.429,7.118,0.000
1466085809,5.000,1.413,7.042,0.000
1466085810,5.000,1.323,6.591,0.000
1466085811,5.000,1.429,7.114,0.000
1466085812,5.000,1.413,7.042,0.000
1466085813,5.000,1.312,6.542,0.000
1466085814,5.000,1.415,7.049,0.000
1466085815,5.000,1.414,7.042,0.000
1466085816,5.010,1.321,6.584,0.000
1466085817,5.000,1.320,6.576,0.000
1466085818,5.000,1.429,7.118,0.000
1466085819,5.000,1.411,7.026,0.000
1466085820,5.010,1.292,6.442,0.000
1466085821,5.000,1.427,7.110,0.000
1466085822,5.000,1.403,6.988,0.000
1466085823,5.000,1.308,6.519,0.000
1466085824,5.000,1.424,7.095,0.000
1466085825,5.000,1.416,7.053,0.000
1466085826,5.000,1.341,6.683,0.000
1466085827,5.000,1.350,6.729,0.000
1466085828,5.000,1.424,7.095,0.000
1466085829,5.000,1.401,6.981,0.000
1466085830,5.000,1.296,6.458,0.000
1466085831,5.000,1.421,7.080,0.000
1466085832,5.000,1.407,7.011,0.000
1466085833,5.000,1.306,6.507,0.000
1466085834,5.000,1.435,7.145,0.000
1466085835,5.000,1.404,6.992,0.000
1466085836,5.000,1.294,6.450,0.000
1466085837,5.000,1.316,6.561,0.000
1466085838,5.000,1.421,7.076,0.000
1466085839,5.000,1.402,6.984,0.000
1466085840,5.000,1.284,6.400,0.000
1466085841,5.000,1.423,7.095,0.000
1466085842,5.000,1.405,7.000,0.000
1466085843,5.000,1.306,6.507,0.000
1466085844,5.010,1.420,7.072,0.000
1466085845,5.000,1.404,6.992,0.000
1466085846,5.000,1.349,6.725,0.000
1466085847,5.000,1.329,6.622,0.000
1466085848,5.000,1.410,7.023,0.000
1466085849,5.000,1.405,6.996,0.000
1466085850,5.000,1.296,6.461,0.000
1466085851,5.000,1.426,7.103,0.000
1466085852,5.000,1.404,6.996,0.000
1466085853,5.000,1.312,6.538,0.000
1466085854,5.000,1.421,7.084,0.000
1466085855,5.000,1.406,7.007,0.000
1466085856,5.000,1.292,6.439,0.000
1466085857,5.000,1.411,7.030,0.000
1466085858,5.000,1.417,7.061,0.000
1466085859,5.000,1.402,6.988,0.000
1466085860,5.000,1.311,6.534,0.000
1466085861,5.000,1.422,7.084,0.000
1466085862,5.000,1.403,6.988,0.000
1466085863,5.000,1.285,6.408,0.000
1466085864,5.000,1.418,7.068,0.000
1466085865,5.010,1.401,6.977,0.000
1466085866,5.010,1.305,6.503,0.000
1466085867,5.000,1.362,6.790,0.000
1466085868,5.000,1.403,6.996,0.000
1466085869,5.000,1.335,6.652,0.000
1466085870,5.000,1.306,6.511,0.000
1466085871,5.000,1.422,7.084,0.000
1466085872,5.010,1.401,6.977,0.000
1466085873,5.000,1.299,6.473,0.000
1466085874,5.000,1.417,7.057,0.000
1466085875,5.000,1.399,6.969,0.000
1466085876,5.000,1.298,6.469,0.000
1466085877,5.000,1.414,7.045,0.000
1466085878,5.000,1.398,6.969,0.000
1466085879,5.000,1.374,6.843,0.000
1466085880,5.000,1.305,6.503,0.000
1466085881,5.000,1.416,7.053,0.000
1466085882,5.000,1.397,6.958,0.000
1466085883,5.000,1.284,6.404,0.000
1466085884,5.000,1.415,7.045,0.000
1466085885,5.000,1.401,6.977,0.000
1466085886,5.000,1.294,6.450,0.000
1466085887,5.000,1.410,7.026,0.000
1466085888,5.000,1.402,6.988,0.000
1466085889,5.000,1.317,6.565,0.000
1466085890,5.000,1.347,6.710,0.000
1466085891,5.000,1.415,7.049,0.000
1466085892,5.000,1.396,6.961,0.000
1466085893,5.000,1.287,6.416,0.000
1466085894,5.000,1.412,7.034,0.000
1466085895,5.000,1.398,6.969,0.000
1466085896,5.000,1.292,6.442,0.000
1466085897,5.000,1.417,7.061,0.000
1466085898,5.000,1.395,6.950,0.000
1466085899,5.000,1.372,6.839,0.000
1466085900,5.000,1.304,6.500,0.000
1466085901,5.000,1.413,7.042,0.000
1466085902,5.010,1.384,6.900,0.000
1466085903,5.000,1.290,6.427,0.000
1466085904,5.000,1.417,7.061,0.000
1466085905,5.000,1.402,6.984,0.000
1466085906,5.000,1.306,6.515,0.000
1466085907,5.000,1.413,7.042,0.000
1466085908,5.000,1.395,6.950,0.000
1466085909,5.010,1.303,6.500,0.000
1466085910,5.000,1.375,6.851,0.000
1466085911,5.000,1.399,6.973,0.000
1466085912,5.000,1.397,6.961,0.000
1466085913,5.000,1.316,6.561,0.000
1466085914,5.000,1.414,7.038,0.000
1466085915,5.000,1.398,6.961,0.000
1466085916,5.000,1.284,6.400,0.000
1466085917,5.010,1.413,7.038,0.000
1466085918,5.000,1.393,6.942,0.000
1466085919,5.000,1.298,6.469,0.000
1466085920,5.000,1.332,6.641,0.000
1466085921,5.000,1.401,6.977,0.000
1466085922,5.000,1.361,6.778,0.000
1466085923,5.000,1.288,6.419,0.000
1466085924,5.000,1.414,7.045,0.000
1466085925,5.000,1.394,6.942,0.000
1466085926,5.000,1.287,6.412,0.000
1466085927,5.000,1.415,7.049,0.000
1466085928,5.000,1.396,6.958,0.000
1466085929,5.000,1.301,6.484,0.000
1466085930,5.000,1.396,6.958,0.000
1466085931,5.000,1.399,6.969,0.000
1466085932,5.000,1.296,6.461,0.000
1466085933,5.000,1.310,6.534,0.000
1466085934,5.000,1.418,7.065,0.000
1466085935,5.010,1.420,7.072,0.000
1466085936,5.000,1.278,6.370,0.000
1466085937,5.000,1.412,7.034,0.000
1466085938,5.000,1.395,6.950,0.000
1466085939,5.000,1.302,6.492,0.000
1466085940,5.000,1.408,7.023,0.000
1466085941,5.000,1.421,7.076,0.000
1466085942,5.000,1.331,6.633,0.000
1466085943,5.000,1.336,6.660,0.000
1466085944,5.000,1.413,7.042,0.000
1466085945,5.000,1.398,6.965,0.000
1466085946,5.000,1.289,6.423,0.000
1466085947,5.000,1.414,7.049,0.000
1466085948,5.000,1.399,6.969,0.000
1466085949,5.000,1.304,6.500,0.000
1466085950,5.000,1.412,7.034,0.000
1466085951,5.000,1.416,7.057,0.000
1466085952,5.000,1.296,6.461,0.000
1466085953,5.000,1.409,7.023,0.000
1466085954,5.000,1.408,7.015,0.000
1466085955,5.000,1.381,6.885,0.000
1466085956,5.000,1.285,6.404,0.000
1466085957,5.000,1.434,7.145,0.000
1466085958,5.000,1.394,6.946,0.000
1466085959,5.000,1.323,6.595,0.000
1466085960,5.000,1.410,7.026,0.000
1466085961,5.000,1.397,6.958,0.000
1466085963,5.000,1.296,6.458,0.000
1466085964,5.000,1.404,6.996,0.000
1466085965,5.000,1.395,6.950,0.000
1466085966,5.000,1.409,7.023,0.000
1466085967,5.000,1.308,6.523,0.000
1466085968,5.000,1.413,7.042,0.000
1466085969,5.000,1.394,6.950,0.000
1466085970,5.000,1.311,6.538,0.000
1466085971,5.000,1.410,7.030,0.000
1466085972,5.000,1.395,6.958,0.000
1466085973,5.000,1.290,6.431,0.000
1466085974,5.010,1.428,7.118,0.000
1466085975,5.000,1.394,6.946,0.000
1466085976,5.000,1.372,6.839,0.000
1466085977,5.000,1.313,6.545,0.000
1466085978,5.000,1.430,7.126,0.000
1466085979,5.010,1.395,6.950,0.000
1466085980,5.000,1.305,6.503,0.000
1466085981,5.000,1.408,7.015,0.000
1466085982,5.000,1.410,7.023,0.000
1466085983,5.000,1.296,6.458,0.000
1466085984,5.000,1.406,7.007,0.000
1466085985,5.000,1.391,6.931,0.000
1466085986,5.000,1.312,6.538,0.000
1466085987,5.000,1.305,6.503,0.000
1466085988,5.000,1.432,7.133,0.000
1466085989,5.000,1.388,6.919,0.000
1466085990,5.000,1.296,6.458,0.000
1466085991,5.000,1.408,7.019,0.000
1466085992,5.000,1.407,7.007,0.000
1466085993,5.000,1.297,6.465,0.000
1466085994,5.000,1.421,7.080,0.000
1466085995,5.000,1.390,6.927,0.000
1466085996,5.000,1.352,6.740,0.000
1466085997,5.000,1.311,6.534,0.000
1466085998,5.010,1.423,7.087,0.000
1466085999,5.000,1.387,6.912,0.000
1466086000,5.000,1.301,6.492,0.000
1466086001,5.000,1.408,7.015,0.000
1466086002,5.000,1.387,6.912,0.000
1466086003,5.000,1.294,6.450,0.000
1466086004,5.000,1.422,7.084,0.000
1466086005,5.000,1.387,6.912,0.000
1466086006,5.010,1.312,6.542,0.000
1466086007,5.000,1.361,6.782,0.000
1466086008,5.000,1.407,7.007,0.000
1466086009,5.000,1.388,6.916,0.000
1466086010,5.000,1.312,6.538,0.000
1466086011,5.000,1.407,7.011,0.000
1466086012,5.000,1.405,7.000,0.000
1466086013,5.000,1.300,6.481,0.000
1466086014,5.000,1.407,7.011,0.000
1466086015,5.000,1.389,6.919,0.000
1466086016,5.000,1.353,6.744,0.000
1466086017,5.000,1.312,6.542,0.000
1466086018,5.000,1.412,7.034,0.000
1466086019,5.000,1.371,6.832,0.000
1466086020,5.000,1.284,6.404,0.000
1466086021,5.000,1.407,7.007,0.000
1466086022,5.000,1.410,7.026,0.000
1466086023,5.000,1.293,6.442,0.000
1466086024,5.000,1.403,6.992,0.000
1466086025,5.000,1.386,6.908,0.000
1466086026,5.000,1.294,6.450,0.000
1466086027,5.000,1.366,6.809,0.000
1466086028,5.000,1.412,7.034,0.000
1466086029,5.000,1.388,6.916,0.000
1466086030,5.000,1.301,6.488,0.000
1466086031,5.000,1.411,7.026,0.000
1466086032,5.000,1.390,6.927,0.000
1466086033,5.000,1.287,6.416,0.000
1466086034,5.000,1.406,7.007,0.000
1466086035,5.000,1.390,6.927,0.000
1466086036,5.000,1.288,6.423,0.000
1466086037,5.000,1.328,6.618,0.000
1466086038,5.000,1.392,6.935,0.000
1466086039,5.000,1.351,6.732,0.000
1466086040,5.000,1.331,6.633,0.000
1466086041,5.000,1.411,7.030,0.000
1466086042,5.000,1.389,6.923,0.000
1466086043,5.000,1.281,6.385,0.000
1466086044,5.000,1.405,7.000,0.000
1466086045,5.000,1.387,6.908,0.000
1466086046,5.000,1.295,6.458,0.000
1466086047,5.000,1.397,6.961,0.000
1466086048,5.000,1.387,6.912,0.000
1466086049,5.000,1.283,6.397,0.000
1466086050,5.000,1.299,6.481,0.000
1466086051,5.000,1.405,7.003,0.000
1466086052,5.000,1.381,6.885,0.000
1466086053,5.000,1.266,6.313,0.000
1466086054,5.000,1.403,6.996,0.000
1466086055,5.000,1.385,6.900,0.000
1466086056,5.000,1.297,6.465,0.000
1466086057,5.000,1.403,6.992,0.000
1466086058,5.000,1.393,6.942,0.000
1466086059,5.000,1.333,6.645,0.000
1466086060,5.000,1.313,6.549,0.000
1466086061,5.000,1.403,6.988,0.000
1466086062,5.000,1.383,6.893,0.000
1466086063,5.000,1.285,6.408,0.000
1466086064,5.000,1.412,7.034,0.000
1466086065,5.000,1.392,6.935,0.000
1466086066,5.010,1.287,6.416,0.000
1466086067,5.000,1.404,6.996,0.000
1466086068,5.000,1.385,6.904,0.000
1466086069,5.000,1.276,6.362,0.000
1466086070,5.010,1.386,6.904,0.000
1466086071,5.000,1.406,7.007,0.000
1466086072,5.000,1.386,6.908,0.000
1466086073,5.000,1.299,6.477,0.000
1466086074,5.000,1.402,6.984,0.000
1466086075,5.000,1.388,6.916,0.000
1466086076,5.000,1.298,6.473,0.000
1466086077,5.000,1.402,6.988,0.000
1466086078,5.000,1.385,6.904,0.000
1466086079,5.000,1.313,6.545,0.000
1466086080,5.000,1.342,6.690,0.000
1466086081,5.000,1.395,6.954,0.000
1466086082,5.000,1.388,6.916,0.000
1466086083,5.000,1.291,6.435,0.000
1466086084,5.000,1.405,7.003,0.000
1466086085,5.000,1.386,6.912,0.000
1466086086,5.000,1.290,6.431,0.000
1466086087,5.000,1.399,6.977,0.000
1466086088,5.000,1.383,6.893,0.000
1466086089,5.000,1.278,6.374,0.000
1466086090,5.000,1.400,6.973,0.000
1466086091,5.000,1.386,6.908,0.000
1466086092,5.000,1.373,6.843,0.000
1466086093,5.000,1.293,6.446,0.000
1466086094,5.000,1.404,6.996,0.000
1466086095,5.000,1.386,6.908,0.000
1466086096,5.000,1.269,6.328,0.000
1466086097,5.000,1.400,6.977,0.000
1466086098,5.000,1.385,6.900,0.000
1466086099,5.000,1.289,6.423,0.000
1466086100,5.000,1.350,6.725,0.000
1466086101,5.000,1.388,6.916,0.000
1466086102,5.000,1.320,6.580,0.000
1466086103,5.000,1.291,6.439,0.000
1466086104,5.000,1.400,6.977,0.000
1466086105,5.000,1.385,6.904,0.000
1466086106,5.000,1.295,6.458,0.000
1466086107,5.000,1.405,7.000,0.000
1466086108,5.000,1.385,6.900,0.000
1466086109,5.000,1.287,6.419,0.000
1466086110,5.000,1.396,6.954,0.000
1466086111,5.000,1.384,6.893,0.000
1466086112,5.000,1.277,6.366,0.000
1466086113,5.000,1.297,6.465,0.000
1466086114,5.000,1.403,6.988,0.000
1466086115,5.000,1.388,6.916,0.000
1466086116,5.010,1.272,6.339,0.000
1466086117,5.000,1.400,6.977,0.000
1466086118,5.000,1.385,6.900,0.000
1466086119,5.000,1.289,6.423,0.000
1466086120,5.010,1.399,6.969,0.000
1466086121,5.000,1.390,6.923,0.000
1466086122,5.000,1.308,6.523,0.000
1466086123,5.000,1.331,6.633,0.000
1466086124,5.000,1.401,6.981,0.000
1466086125,5.000,1.381,6.877,0.000
1466086126,5.000,1.282,6.393,0.000
1466086127,5.000,1.402,6.984,0.000
1466086128,5.000,1.386,6.904,0.000
1466086129,5.000,1.297,6.461,0.000
1466086130,5.000,1.399,6.969,0.000
1466086131,5.000,1.386,6.904,0.000
1466086132,5.000,1.280,6.381,0.000
1466086133,5.000,1.401,6.977,0.000
1466086134,5.000,1.396,6.958,0.000
1466086135,5.010,1.361,6.782,0.000
1466086136,5.000,1.276,6.362,0.000
1466086137,5.000,1.402,6.984,0.000
1466086138,5.010,1.385,6.900,0.000
1466086139,5.000,1.290,6.431,0.000
1466086140,5.000,1.398,6.965,0.000
1466086141,5.000,1.384,6.897,0.000
1466086142,5.000,1.287,6.416,0.000
1466086143,5.000,1.370,6.828,0.000
1466086144,5.000,1.385,6.900,0.000
1466086145,5.000,1.383,6.889,0.000
1466086146,5.000,1.303,6.492,0.000
1466086147,5.000,1.402,6.988,0.000
1466086148,5.000,1.385,6.900,0.000
1466086149,5.000,1.269,6.332,0.000
1466086150,5.000,1.401,6.984,0.000
1466086151,5.000,1.389,6.919,0.000
1466086152,5.000,1.289,6.427,0.000
1466086153,5.000,1.344,6.702,0.000
1466086154,5.000,1.390,6.877,0.000
1466086155,5.010,1.340,6.675,0.000
1466086156,5.010,1.313,6.542,0.000
1466086157,5.000,1.424,7.095,0.000
1466086158,5.000,1.385,6.900,0.000
1466086159,5.000,1.275,6.358,0.000
1466086160,5.000,1.401,6.981,0.000
1466086161,5.000,1.380,6.877,0.000
1466086162,5.010,1.291,6.435,0.000
1466086163,5.000,1.408,7.015,0.000
1466086164,5.000,1.381,6.881,0.000
1466086165,5.000,1.274,6.355,0.000
1466086166,5.000,1.294,6.450,0.000
1466086167,5.010,1.404,7.000,0.000
1466086168,5.000,1.375,6.851,0.000
1466086169,5.000,1.284,6.400,0.000
1466086170,5.000,1.399,6.973,0.000
1466086171,5.000,1.382,6.893,0.000
1466086172,5.000,1.289,6.423,0.000
1466086173,5.000,1.400,6.977,0.000
1466086174,5.000,1.389,6.923,0.000
1466086175,5.000,1.349,6.725,0.000
1466086176,5.000,1.315,6.553,0.000
1466086177,5.000,1.390,6.923,0.000
1466086178,5.000,1.380,6.877,0.000
1466086179,5.000,1.297,6.465,0.000
1466086180,5.000,1.401,6.981,0.000
1466086181,5.000,1.408,7.019,0.000
1466086182,5.000,1.289,6.427,0.000
1466086183,5.000,1.405,7.003,0.000
1466086184,5.000,1.384,6.897,0.000
1466086185,5.000,1.295,6.454,0.000
1466086186,5.000,1.388,6.916,0.000
1466086187,5.000,1.413,7.038,0.000
1466086188,5.000,1.374,6.843,0.000
1466086189,5.000,1.299,6.473,0.000
1466086190,5.000,1.403,6.992,0.000
1466086191,5.000,1.406,7.003,0.000
1466086193,5.000,1.263,6.294,0.000
1466086194,5.010,1.417,7.057,0.000
1466086195,5.000,1.382,6.885,0.000
1466086196,5.000,1.319,6.584,0.000
1466086197,5.000,1.328,6.618,0.000
1466086198,5.000,1.409,7.019,0.000
1466086199,5.000,1.383,6.893,0.000
1466086200,5.000,1.300,6.484,0.000
1466086201,5.000,1.399,6.973,0.000
1466086202,5.000,1.401,6.984,0.000
1466086203,5.000,1.290,6.431,0.000
1466086204,5.000,1.423,7.091,0.000
1466086205,5.000,1.385,6.900,0.000
1466086206,5.000,1.291,6.442,0.000
1466086207,5.000,1.387,6.912,0.000
1466086208,5.000,1.404,6.996,0.000
1466086209,5.000,1.390,6.927,0.000
1466086210,5.000,1.315,6.553,0.000
1466086211,5.000,1.400,6.981,0.000
1466086212,5.000,1.405,7.000,0.000
1466086213,5.000,1.278,6.374,0.000
1466086214,5.000,1.401,6.981,0.000
1466086215,5.000,1.387,6.908,0.000
1466086216,5.000,1.313,6.545,0.000
1466086217,5.000,1.349,6.725,0.000
1466086218,5.000,1.402,6.984,0.000
1466086219,5.000,1.309,6.526,0.000
1466086220,5.000,1.291,6.439,0.000
1466086221,5.000,1.402,6.988,0.000
1466086222,5.000,1.403,6.988,0.000
1466086223,5.000,1.285,6.404,0.000
1466086224,5.000,1.397,6.961,0.000
1466086225,5.000,1.380,6.881,0.000
1466086226,5.000,1.310,6.526,0.000
1466086227,5.000,1.395,6.950,0.000
1466086228,5.000,1.405,7.000,0.000
1466086229,5.000,1.270,6.332,0.000
1466086230,5.000,1.295,6.458,0.000
1466086231,5.000,1.402,6.984,0.000
1466086232,5.000,1.400,6.973,0.000
1466086233,5.000,1.271,6.336,0.000
1466086234,5.000,1.420,7.076,0.000
1466086235,5.000,1.383,6.893,0.000
1466086236,5.000,1.293,6.446,0.000
1466086237,5.000,1.398,6.965,0.000
1466086238,5.000,1.380,6.881,0.000
1466086239,5.000,1.298,6.473,0.000
1466086240,5.000,1.368,6.816,0.000
1466086241,5.000,1.405,7.000,0.000
1466086242,5.000,1.385,6.900,0.000
1466086243,5.000,1.292,6.442,0.000
1466086244,5.000,1.404,6.996,0.000
1466086245,5.000,1.381,6.885,0.000
1466086246,5.000,1.285,6.404,0.000
1466086247,5.000,1.400,6.973,0.000
1466086248,5.000,1.381,6.881,0.000
1466086249,5.000,1.280,6.381,0.000
1466086250,5.000,1.419,7.068,0.000
1466086251,5.000,1.392,6.935,0.000
1466086252,5.000,1.347,6.713,0.000
1466086253,5.000,1.276,6.442,0.000
1466086254,5.000,1.401,6.981,0.000
1466086255,5.000,1.381,6.881,0.000
1466086256,5.000,1.287,6.416,0.000
1466086257,5.000,1.399,6.969,0.000
1466086258,5.000,1.383,6.893,0.000
1466086259,5.000,1.269,6.328,0.000
1466086260,5.000,1.370,6.828,0.000
1466086261,5.000,1.382,6.889,0.000
1466086262,5.000,1.378,6.866,0.000
1466086263,5.000,1.297,6.469,0.000
1466086264,5.000,1.399,6.969,0.000
1466086265,5.000,1.382,6.885,0.000
1466086266,5.000,1.272,6.343,0.000
1466086267,5.000,1.400,6.977,0.000
1466086268,5.000,1.381,6.881,0.000
1466086269,5.000,1.289,6.427,0.000
1466086270,5.000,1.397,6.961,0.000
1466086271,5.000,1.379,6.874,0.000
1466086272,5.000,1.326,6.607,0.000
1466086273,5.000,1.311,6.534,0.000
1466086274,5.000,1.398,6.969,0.000
1466086275,5.000,1.378,6.870,0.000
1466086276,5.000,1.275,6.358,0.000
1466086277,5.000,1.400,6.977,0.000
1466086278,5.000,1.379,6.877,0.000
1466086279,5.000,1.290,6.431,0.000
1466086280,5.000,1.382,6.885,0.000
1466086281,5.000,1.383,6.893,0.000
1466086282,5.010,1.285,6.404,0.000
1466086283,5.000,1.296,6.461,0.000
1466086284,5.000,1.401,6.981,0.000
1466086285,5.000,1.379,6.870,0.000
1466086286,5.000,1.269,6.324,0.000
1466086287,5.010,1.401,6.981,0.000
1466086288,5.000,1.380,6.874,0.000
1466086289,5.000,1.283,6.393,0.000
1466086290,5.000,1.394,6.950,0.000
1466086291,5.000,1.382,6.889,0.000
1466086292,5.000,1.337,6.664,0.000
1466086293,5.000,1.305,6.503,0.000
1466086294,5.000,1.392,6.939,0.000
1466086295,5.000,1.381,6.877,0.000
1466086296,5.000,1.274,6.351,0.000
1466086297,5.000,1.397,6.961,0.000
1466086298,5.000,1.377,6.862,0.000
1466086299,5.000,1.289,6.423,0.000
1466086300,5.000,1.397,6.961,0.000
1466086301,5.000,1.380,6.877,0.000
1466086302,5.000,1.280,6.381,0.000
1466086303,5.000,1.361,6.782,0.000
1466086304,5.000,1.400,6.973,0.000
1466086305,5.000,1.382,6.889,0.000
1466086306,5.000,1.297,6.465,0.000
1466086307,5.000,1.397,6.958,0.000
1466086308,5.000,1.382,6.885,0.000
1466086309,5.000,1.278,6.370,0.000
1466086310,5.000,1.395,6.950,0.000
1466086311,5.000,1.381,6.881,0.000
1466086312,5.000,1.334,6.648,0.000
1466086313,5.000,1.306,6.511,0.000
1466086314,5.000,1.388,6.916,0.000
1466086315,5.000,1.381,6.881,0.000
1466086316,5.000,1.273,6.347,0.000
1466086317,5.000,1.399,6.969,0.000
1466086318,5.000,1.381,6.881,0.000
1466086319,5.010,1.290,6.435,0.000
1466086320,5.000,1.398,6.965,0.000
1466086321,5.000,1.383,6.889,0.000
1466086322,5.000,1.279,6.377,0.000
1466086323,5.000,1.365,6.801,0.000
1466086324,5.000,1.379,6.874,0.000
1466086325,5.000,1.380,6.874,0.000
1466086326,5.000,1.298,6.473,0.000
1466086327,5.000,1.399,6.973,0.000
1466086328,5.000,1.380,6.877,0.000
1466086329,5.010,1.272,6.343,0.000
1466086330,5.000,1.398,6.965,0.000
1466086331,5.000,1.378,6.866,0.000
1466086332,5.000,1.280,6.381,0.000
1466086333,5.000,1.309,6.526,0.000
1466086334,5.000,1.390,6.927,0.000
1466086335,5.000,1.341,6.687,0.000
1466086336,5.000,1.279,6.377,0.000
1466086337,5.000,1.402,6.988,0.000
1466086338,5.000,1.384,6.897,0.000
1466086339,5.000,1.279,6.374,0.000
1466086340,5.000,1.399,6.973,0.000
1466086341,5.000,1.384,6.897,0.000
1466086342,5.000,1.291,6.435,0.000
1466086343,5.000,1.384,6.897,0.000
1466086344,5.000,1.379,6.870,0.000
1466086345,5.000,1.275,6.358,0.000
1466086346,5.000,1.294,6.450,0.000
1466086347,5.000,1.401,6.981,0.000
1466086348,5.000,1.377,6.858,0.000
1466086349,5.000,1.265,6.309,0.000
1466086350,5.000,1.397,6.961,0.000
1466086351,5.000,1.379,6.870,0.000
1466086352,5.000,1.283,6.397,0.000
1466086353,5.000,1.394,6.946,0.000
1466086354,5.000,1.388,6.916,0.000
1466086355,5.000,1.327,6.618,0.000
1466086356,5.000,1.305,6.507,0.000
1466086357,5.000,1.421,7.080,0.000
1466086358,5.000,1.381,6.877,0.000
1466086359,5.000,1.274,6.351,0.000
1466086360,5.000,1.396,6.958,0.000
1466086361,5.000,1.381,6.885,0.000
1466086362,5.000,1.291,6.435,0.000
1466086363,5.000,1.396,6.958,0.000
1466086364,5.000,1.378,6.870,0.000
1466086365,5.000,1.283,6.397,0.000
1466086366,5.000,1.359,6.774,0.000
1466086367,5.000,1.402,6.988,0.000
1466086368,5.000,1.378,6.866,0.000
1466086369,5.000,1.294,6.454,0.000
1466086370,5.000,1.398,6.965,0.000
1466086371,5.000,1.381,6.881,0.000
1466086372,5.000,1.282,6.389,0.000
1466086373,5.000,1.398,6.965,0.000
1466086374,5.000,1.381,6.881,0.000
1466086375,5.000,1.365,6.805,0.000
1466086376,5.000,1.303,6.500,0.000
1466086377,5.000,1.392,6.935,0.000
1466086378,5.000,1.381,6.881,0.000
1466086379,5.000,1.299,6.477,0.000
1466086380,5.000,1.403,6.992,0.000
1466086381,5.000,1.401,6.981,0.000
1466086382,5.000,1.285,6.404,0.000
1466086383,5.000,1.397,6.961,0.000
1466086384,5.000,1.378,6.866,0.000
1466086385,5.000,1.307,6.515,0.000
1466086386,5.000,1.368,6.816,0.000
1466086387,5.000,1.383,6.893,0.000
1466086388,5.000,1.381,6.881,0.000
1466086389,5.000,1.301,6.488,0.000
1466086390,5.000,1.398,6.965,0.000
1466086391,5.000,1.404,6.996,0.000
1466086392,5.000,1.275,6.358,0.000
1466086393,5.000,1.414,7.045,0.000
1466086394,5.000,1.378,6.866,0.000
1466086395,5.000,1.288,6.419,0.000
1466086396,5.000,1.307,6.515,0.000
1466086397,5.000,1.411,7.030,0.000
1466086398,5.000,1.343,6.698,0.000
1466086399,5.000,1.291,6.435,0.000
1466086400,5.000,1.398,6.969,0.000
1466086401,5.000,1.401,6.981,0.000
1466086402,5.000,1.286,6.416,0.000
1466086403,5.000,1.416,7.057,0.000
1466086404,5.000,1.381,6.885,0.000
1466086405,5.000,1.289,6.423,0.000
1466086406,5.000,1.380,6.877,0.000
1466086407,5.000,1.399,6.977,0.000
1466086408,5.000,1.287,6.416,0.000
1466086409,5.000,1.319,6.576,0.000
1466086410,5.000,1.398,6.969,0.000
1466086411,5.000,1.386,6.908,0.000
1466086412,5.000,1.263,6.294,0.000
1466086413,5.000,1.416,7.057,0.000
1466086414,5.000,1.379,6.874,0.000
1466086415,5.010,1.303,6.496,0.000
1466086416,5.000,1.397,6.965,0.000
1466086417,5.000,1.404,7.000,0.000
1466086418,5.010,1.328,6.622,0.000
1466086419,5.000,1.330,6.629,0.000
1466086420,5.000,1.396,6.954,0.000
1466086421,5.000,1.398,6.965,0.000
1466086422,5.000,1.273,6.347,0.000
1466086423,5.000,1.396,6.958,0.000
1466086425,5.000,1.378,6.866,0.000
1466086426,5.000,1.310,6.534,0.000
1466086427,5.000,1.389,6.923,0.000
1466086428,5.000,1.399,6.977,0.000
1466086429,5.000,1.270,6.332,0.000
1466086430,5.000,1.290,6.431,0.000
1466086431,5.000,1.394,6.946,0.000
1466086432,5.000,1.394,6.946,0.000
1466086433,5.000,1.293,6.446,0.000
1466086434,5.000,1.418,7.065,0.000
1466086435,5.000,1.379,6.870,0.000
1466086436,5.000,1.284,6.400,0.000
1466086437,5.000,1.394,6.946,0.000
1466086438,5.000,1.398,6.965,0.000
1466086439,5.000,1.323,6.595,0.000
1466086440,5.000,1.331,6.637,0.000
1466086441,5.010,1.387,6.912,0.000
1466086442,5.000,1.378,6.866,0.000
1466086443,5.000,1.273,6.351,0.000
1466086444,5.010,1.422,7.084,0.000
1466086445,5.000,1.382,6.889,0.000
1466086446,5.000,1.289,6.427,0.000
1466086447,5.000,1.402,6.984,0.000
1466086448,5.010,1.382,6.889,0.000
1466086449,5.000,1.278,6.374,0.000
1466086450,5.000,1.411,7.030,0.000
1466086451,5.000,1.391,6.935,0.000
1466086452,5.000,1.379,6.874,0.000
1466086453,5.000,1.269,6.328,0.000
1466086454,5.000,1.398,6.965,0.000
1466086455,5.010,1.384,6.897,0.000
1466086456,5.000,1.282,6.389,0.000
1466086457,5.000,1.395,6.954,0.000
1466086458,5.000,1.380,6.877,0.000
1466086459,5.000,1.284,6.400,0.000
1466086460,5.000,1.353,6.744,0.000
1466086461,5.010,1.382,6.889,0.000
1466086462,5.000,1.325,6.603,0.000
1466086463,5.000,1.288,6.423,0.000
1466086464,5.000,1.398,6.969,0.000
1466086465,5.000,1.380,6.877,0.000
1466086466,5.000,1.283,6.397,0.000
1466086467,5.000,1.401,6.984,0.000
1466086468,5.000,1.384,6.900,0.000
1466086469,5.000,1.278,6.370,0.000
1466086470,5.000,1.397,6.961,0.000
1466086471,5.000,1.380,6.877,0.000
1466086472,5.000,1.336,6.660,0.000
1466086473,5.000,1.302,6.492,0.000
1466086474,5.010,1.397,6.965,0.000
1466086475,5.000,1.375,6.855,0.000
1466086476,5.000,1.273,6.343,0.000
1466086477,5.000,1.394,6.950,0.000
1466086478,5.000,1.376,6.858,0.000
1466086479,5.000,1.283,6.397,0.000
1466086480,5.000,1.396,6.954,0.000
1466086481,5.000,1.378,6.870,0.000
1466086482,5.000,1.281,6.385,0.000
1466086483,5.000,1.360,6.778,0.000
1466086484,5.000,1.399,6.973,0.000
1466086485,5.000,1.377,6.862,0.000
1466086486,5.000,1.297,6.469,0.000
1466086487,5.000,1.397,6.961,0.000
1466086488,5.000,1.380,6.877,0.000
1466086489,5.000,1.274,6.351,0.000
1466086490,5.000,1.396,6.954,0.000
1466086491,5.000,1.381,6.881,0.000
1466086492,5.000,1.318,6.377,0.000
1466086493,5.000,1.312,6.542,0.000
1466086494,5.000,1.385,6.900,0.000
1466086495,5.000,1.381,6.881,0.000
1466086496,5.000,1.273,6.347,0.000
1466086497,5.000,1.395,6.950,0.000
1466086498,5.000,1.379,6.874,0.000
1466086499,5.000,1.280,6.385,0.000
1466086500,5.000,1.396,6.954,0.000
1466086501,5.000,1.375,6.855,0.000
1466086502,5.000,1.274,6.355,0.000
1466086503,5.000,1.361,6.786,0.000
1466086504,5.000,1.375,6.855,0.000
1466086505,5.000,1.376,6.855,0.000
1466086506,5.000,1.300,6.481,0.000
1466086507,5.000,1.401,6.984,0.000
1466086508,5.000,1.381,6.881,0.000
1466086509,5.000,1.261,6.286,0.000
1466086510,5.000,1.396,6.958,0.000
1466086511,5.000,1.376,6.855,0.000
1466086512,5.000,1.283,6.397,0.000
1466086513,5.000,1.323,6.595,0.000
1466086514,5.000,1.387,6.912,0.000
1466086515,5.000,1.331,6.633,0.000
1466086516,5.000,1.269,6.328,0.000
1466086517,5.000,1.399,6.969,0.000
1466086518,5.000,1.381,6.881,0.000
1466086519,5.000,1.287,6.419,0.000
1466086520,5.000,1.397,6.961,0.000
1466086521,5.000,1.381,6.877,0.000
1466086522,5.000,1.274,6.351,0.000
1466086523,5.000,1.390,6.923,0.000
1466086524,5.000,1.379,6.870,0.000
1466086525,5.000,1.265,6.305,0.000
1466086526,5.000,1.293,6.450,0.000
1466086527,5.010,1.395,6.954,0.000
1466086528,5.000,1.373,6.843,0.000
1466086529,5.000,1.265,6.313,0.000
1466086530,5.000,1.397,6.961,0.000
1466086531,5.000,1.379,6.874,0.000
1466086532,5.000,1.286,6.416,0.000
1466086533,5.000,1.396,6.958,0.000
1466086534,5.000,1.377,6.862,0.000
1466086535,5.000,1.289,6.427,0.000
1466086536,5.000,1.358,6.767,0.000
1466086537,5.000,1.400,6.977,0.000
1466086538,5.000,1.379,6.874,0.000
1466086539,5.000,1.296,6.458,0.000
1466086540,5.000,1.396,6.954,0.000
1466086541,5.000,1.379,6.870,0.000
1466086542,5.000,1.274,6.355,0.000
1466086543,5.000,1.393,6.942,0.000
1466086544,5.000,1.377,6.862,0.000
1466086545,5.000,1.277,6.366,0.000
1466086546,5.000,1.307,6.515,0.000
1466086547,5.000,1.390,6.927,0.000
1466086548,5.000,1.346,6.710,0.000
1466086549,5.010,1.303,6.496,0.000
1466086550,5.000,1.403,6.992,0.000
1466086551,5.000,1.378,6.870,0.000
1466086552,5.000,1.272,6.347,0.000
1466086553,5.000,1.395,6.954,0.000
1466086554,5.000,1.381,6.885,0.000
1466086555,5.000,1.272,6.343,0.000
1466086556,5.000,1.385,6.904,0.000
1466086557,5.000,1.378,6.870,0.000
1466086558,5.000,1.372,6.839,0.000
1466086559,5.000,1.292,6.439,0.000
1466086560,5.000,1.397,6.961,0.000
1466086561,5.000,1.380,6.877,0.000
1466086562,5.010,1.261,6.294,0.000
1466086563,5.000,1.397,6.965,0.000
1466086564,5.000,1.380,6.874,0.000
1466086565,5.000,1.291,6.439,0.000
1466086566,5.000,1.394,6.942,0.000
1466086567,5.000,1.387,6.916,0.000
1466086568,5.000,1.332,6.641,0.000
1466086569,5.000,1.275,6.355,0.000
1466086570,5.000,0.834,4.168,0.000
1466086571,5.000,0.827,4.133,0.000
1466086572,5.010,0.820,4.095,0.000
1466086573,5.000,0.817,4.084,0.000
1466086574,5.000,0.813,4.061,0.000
1466086575,5.000,0.809,4.042,0.000
1466086576,5.000,0.810,4.045,0.000
1466086577,5.000,0.807,4.030,0.000
1466086578,5.000,0.675,3.374,0.000
1466086579,5.000,0.675,3.374,0.000
